bar_time_server,timestamp_utc,split,row_index,stage45_volatility_mechanism_signal,tier_label,routing_source,partial_context_subtype,candidate_id,entry_decision
2025.07.01 16:35:00,2025-07-01T16:35:00Z,validation,6867,0,Tier A,tier_a_primary,Tier_A_full_context,c08_extreme_compression_stress,flat
2025.07.01 16:40:00,2025-07-01T16:40:00Z,validation,6868,0,Tier A,tier_a_primary,Tier_A_full_context,c08_extreme_compression_stress,flat
2025.07.01 16:45:00,2025-07-01T16:45:00Z,validation,6869,0,Tier A,tier_a_primary,Tier_A_full_context,c08_extreme_compression_stress,flat
2025.07.01 16:50:00,2025-07-01T16:50:00Z,validation,6870,0,Tier A,tier_a_primary,Tier_A_full_context,c08_extreme_compression_stress,long
2025.07.01 16:55:00,2025-07-01T16:55:00Z,validation,6871,0,Tier A,tier_a_primary,Tier_A_full_context,c08_extreme_compression_stress,flat
2025.07.01 17:00:00,2025-07-01T17:00:00Z,validation,6872,0,Tier A,tier_a_primary,Tier_A_full_context,c08_extreme_compression_stress,flat
2025.07.01 17:05:00,2025-07-01T17:05:00Z,validation,6873,0,Tier A,tier_a_primary,Tier_A_full_context,c08_extreme_compression_stress,flat
2025.07.01 17:10:00,2025-07-01T17:10:00Z,validation,6874,0,Tier A,tier_a_primary,Tier_A_full_context,c08_extreme_compression_stress,flat
2025.07.01 17:15:00,2025-07-01T17:15:00Z,validation,6875,0,Tier A,tier_a_primary,Tier_A_full_context,c08_extreme_compression_stress,long
2025.07.01 17:20:00,2025-07-01T17:20:00Z,validation,6876,0,Tier A,tier_a_primary,Tier_A_full_context,c08_extreme_compression_stress,flat
2025.07.01 17:25:00,2025-07-01T17:25:00Z,validation,6877,0,Tier A,tier_a_primary,Tier_A_full_context,c08_extreme_compression_stress,flat
2025.07.01 17:30:00,2025-07-01T17:30:00Z,validation,6878,-1,Tier A,tier_a_primary,Tier_A_full_context,c08_extreme_compression_stress,short
2025.07.01 17:35:00,2025-07-01T17:35:00Z,validation,6879,-1,Tier A,tier_a_primary,Tier_A_full_context,c08_extreme_compression_stress,short
2025.07.01 17:40:00,2025-07-01T17:40:00Z,validation,6880,0,Tier A,tier_a_primary,Tier_A_full_context,c08_extreme_compression_stress,flat
2025.07.01 17:45:00,2025-07-01T17:45:00Z,validation,6881,0,Tier A,tier_a_primary,Tier_A_full_context,c08_extreme_compression_stress,flat
2025.07.01 17:50:00,2025-07-01T17:50:00Z,validation,6882,0,Tier A,tier_a_primary,Tier_A_full_context,c08_extreme_compression_stress,flat
2025.07.01 17:55:00,2025-07-01T17:55:00Z,validation,6883,0,Tier A,tier_a_primary,Tier_A_full_context,c08_extreme_compression_stress,flat
2025.07.01 18:00:00,2025-07-01T18:00:00Z,validation,6884,0,Tier A,tier_a_primary,Tier_A_full_context,c08_extreme_compression_stress,flat
2025.07.01 18:05:00,2025-07-01T18:05:00Z,validation,6885,0,Tier A,tier_a_primary,Tier_A_full_context,c08_extreme_compression_stress,flat
2025.07.01 18:10:00,2025-07-01T18:10:00Z,validation,6886,0,Tier A,tier_a_primary,Tier_A_full_context,c08_extreme_compression_stress,flat
2025.07.01 18:15:00,2025-07-01T18:15:00Z,validation,6887,0,Tier A,tier_a_primary,Tier_A_full_context,c08_extreme_compression_stress,flat
2025.07.01 18:20:00,2025-07-01T18:20:00Z,validation,6888,0,Tier A,tier_a_primary,Tier_A_full_context,c08_extreme_compression_stress,flat
2025.07.01 18:25:00,2025-07-01T18:25:00Z,validation,6889,0,Tier A,tier_a_primary,Tier_A_full_context,c08_extreme_compression_stress,flat
2025.07.01 18:30:00,2025-07-01T18:30:00Z,validation,6890,0,Tier A,tier_a_primary,Tier_A_full_context,c08_extreme_compression_stress,flat
2025.07.01 18:35:00,2025-07-01T18:35:00Z,validation,6891,0,Tier A,tier_a_primary,Tier_A_full_context,c08_extreme_compression_stress,flat
2025.07.01 18:40:00,2025-07-01T18:40:00Z,validation,6892,0,Tier A,tier_a_primary,Tier_A_full_context,c08_extreme_compression_stress,flat
2025.07.01 18:45:00,2025-07-01T18:45:00Z,validation,6893,0,Tier A,tier_a_primary,Tier_A_full_context,c08_extreme_compression_stress,flat
2025.07.01 18:50:00,2025-07-01T18:50:00Z,validation,6894,0,Tier A,tier_a_primary,Tier_A_full_context,c08_extreme_compression_stress,flat
2025.07.01 18:55:00,2025-07-01T18:55:00Z,validation,6895,0,Tier A,tier_a_primary,Tier_A_full_context,c08_extreme_compression_stress,flat
2025.07.01 19:00:00,2025-07-01T19:00:00Z,validation,6896,0,Tier A,tier_a_primary,Tier_A_full_context,c08_extreme_compression_stress,flat
2025.07.01 19:05:00,2025-07-01T19:05:00Z,validation,6897,0,Tier A,tier_a_primary,Tier_A_full_context,c08_extreme_compression_stress,flat
2025.07.01 19:10:00,2025-07-01T19:10:00Z,validation,6898,0,Tier A,tier_a_primary,Tier_A_full_context,c08_extreme_compression_stress,flat
2025.07.01 19:15:00,2025-07-01T19:15:00Z,validation,6899,0,Tier A,tier_a_primary,Tier_A_full_context,c08_extreme_compression_stress,flat
2025.07.01 19:20:00,2025-07-01T19:20:00Z,validation,6900,0,Tier A,tier_a_primary,Tier_A_full_context,c08_extreme_compression_stress,flat
2025.07.01 19:25:00,2025-07-01T19:25:00Z,validation,6901,0,Tier A,tier_a_primary,Tier_A_full_context,c08_extreme_compression_stress,flat
2025.07.01 19:30:00,2025-07-01T19:30:00Z,validation,6902,0,Tier A,tier_a_primary,Tier_A_full_context,c08_extreme_compression_stress,flat
2025.07.01 19:35:00,2025-07-01T19:35:00Z,validation,6903,0,Tier A,tier_a_primary,Tier_A_full_context,c08_extreme_compression_stress,flat
2025.07.01 19:40:00,2025-07-01T19:40:00Z,validation,6904,0,Tier A,tier_a_primary,Tier_A_full_context,c08_extreme_compression_stress,flat
2025.07.01 19:45:00,2025-07-01T19:45:00Z,validation,6905,0,Tier A,tier_a_primary,Tier_A_full_context,c08_extreme_compression_stress,flat
2025.07.01 19:50:00,2025-07-01T19:50:00Z,validation,6906,0,Tier A,tier_a_primary,Tier_A_full_context,c08_extreme_compression_stress,flat
2025.07.01 19:55:00,2025-07-01T19:55:00Z,validation,6907,0,Tier A,tier_a_primary,Tier_A_full_context,c08_extreme_compression_stress,flat
2025.07.01 20:00:00,2025-07-01T20:00:00Z,validation,6908,0,Tier A,tier_a_primary,Tier_A_full_context,c08_extreme_compression_stress,flat
2025.07.01 20:05:00,2025-07-01T20:05:00Z,validation,6909,0,Tier A,tier_a_primary,Tier_A_full_context,c08_extreme_compression_stress,flat
2025.07.01 20:10:00,2025-07-01T20:10:00Z,validation,6910,0,Tier A,tier_a_primary,Tier_A_full_context,c08_extreme_compression_stress,flat
2025.07.01 20:15:00,2025-07-01T20:15:00Z,validation,6911,0,Tier A,tier_a_primary,Tier_A_full_context,c08_extreme_compression_stress,flat
2025.07.01 20:45:00,2025-07-01T20:45:00Z,validation,6912,0,Tier A,tier_a_primary,Tier_A_full_context,c08_extreme_compression_stress,flat
2025.07.01 20:50:00,2025-07-01T20:50:00Z,validation,6913,0,Tier A,tier_a_primary,Tier_A_full_context,c08_extreme_compression_stress,flat
2025.07.01 20:55:00,2025-07-01T20:55:00Z,validation,6914,0,Tier A,tier_a_primary,Tier_A_full_context,c08_extreme_compression_stress,flat
2025.07.01 21:00:00,2025-07-01T21:00:00Z,validation,6915,0,Tier A,tier_a_primary,Tier_A_full_context,c08_extreme_compression_stress,flat
2025.07.01 21:05:00,2025-07-01T21:05:00Z,validation,6916,0,Tier A,tier_a_primary,Tier_A_full_context,c08_extreme_compression_stress,flat
2025.07.01 21:20:00,2025-07-01T21:20:00Z,validation,6917,0,Tier A,tier_a_primary,Tier_A_full_context,c08_extreme_compression_stress,flat
2025.07.01 21:25:00,2025-07-01T21:25:00Z,validation,6918,0,Tier A,tier_a_primary,Tier_A_full_context,c08_extreme_compression_stress,flat
2025.07.01 21:30:00,2025-07-01T21:30:00Z,validation,6919,0,Tier A,tier_a_primary,Tier_A_full_context,c08_extreme_compression_stress,flat
2025.07.01 21:35:00,2025-07-01T21:35:00Z,validation,6920,0,Tier A,tier_a_primary,Tier_A_full_context,c08_extreme_compression_stress,flat
2025.07.01 22:00:00,2025-07-01T22:00:00Z,validation,6921,0,Tier A,tier_a_primary,Tier_A_full_context,c08_extreme_compression_stress,flat
2025.07.02 16:35:00,2025-07-02T16:35:00Z,validation,6922,0,Tier A,tier_a_primary,Tier_A_full_context,c08_extreme_compression_stress,flat
2025.07.02 16:40:00,2025-07-02T16:40:00Z,validation,6923,0,Tier A,tier_a_primary,Tier_A_full_context,c08_extreme_compression_stress,flat
2025.07.02 16:45:00,2025-07-02T16:45:00Z,validation,6924,0,Tier A,tier_a_primary,Tier_A_full_context,c08_extreme_compression_stress,flat
2025.07.02 16:50:00,2025-07-02T16:50:00Z,validation,6925,0,Tier A,tier_a_primary,Tier_A_full_context,c08_extreme_compression_stress,flat
2025.07.02 16:55:00,2025-07-02T16:55:00Z,validation,6926,0,Tier A,tier_a_primary,Tier_A_full_context,c08_extreme_compression_stress,flat
2025.07.02 17:00:00,2025-07-02T17:00:00Z,validation,6927,0,Tier A,tier_a_primary,Tier_A_full_context,c08_extreme_compression_stress,flat
2025.07.02 17:05:00,2025-07-02T17:05:00Z,validation,6928,0,Tier A,tier_a_primary,Tier_A_full_context,c08_extreme_compression_stress,flat
2025.07.02 17:10:00,2025-07-02T17:10:00Z,validation,6929,0,Tier A,tier_a_primary,Tier_A_full_context,c08_extreme_compression_stress,flat
2025.07.02 17:15:00,2025-07-02T17:15:00Z,validation,6930,0,Tier A,tier_a_primary,Tier_A_full_context,c08_extreme_compression_stress,flat
2025.07.02 17:25:00,2025-07-02T17:25:00Z,validation,6931,0,Tier A,tier_a_primary,Tier_A_full_context,c08_extreme_compression_stress,flat
2025.07.02 17:35:00,2025-07-02T17:35:00Z,validation,6932,0,Tier A,tier_a_primary,Tier_A_full_context,c08_extreme_compression_stress,flat
2025.07.02 17:40:00,2025-07-02T17:40:00Z,validation,6933,0,Tier A,tier_a_primary,Tier_A_full_context,c08_extreme_compression_stress,flat
2025.07.02 17:45:00,2025-07-02T17:45:00Z,validation,6934,0,Tier A,tier_a_primary,Tier_A_full_context,c08_extreme_compression_stress,flat
2025.07.02 17:50:00,2025-07-02T17:50:00Z,validation,6935,0,Tier A,tier_a_primary,Tier_A_full_context,c08_extreme_compression_stress,flat
2025.07.02 17:55:00,2025-07-02T17:55:00Z,validation,6936,0,Tier A,tier_a_primary,Tier_A_full_context,c08_extreme_compression_stress,flat
2025.07.02 18:00:00,2025-07-02T18:00:00Z,validation,6937,0,Tier A,tier_a_primary,Tier_A_full_context,c08_extreme_compression_stress,flat
2025.07.02 18:05:00,2025-07-02T18:05:00Z,validation,6938,0,Tier A,tier_a_primary,Tier_A_full_context,c08_extreme_compression_stress,flat
2025.07.02 18:15:00,2025-07-02T18:15:00Z,validation,6939,0,Tier A,tier_a_primary,Tier_A_full_context,c08_extreme_compression_stress,flat
2025.07.02 18:30:00,2025-07-02T18:30:00Z,validation,6940,0,Tier A,tier_a_primary,Tier_A_full_context,c08_extreme_compression_stress,flat
2025.07.02 18:35:00,2025-07-02T18:35:00Z,validation,6941,0,Tier A,tier_a_primary,Tier_A_full_context,c08_extreme_compression_stress,flat
2025.07.02 19:00:00,2025-07-02T19:00:00Z,validation,6942,0,Tier A,tier_a_primary,Tier_A_full_context,c08_extreme_compression_stress,flat
2025.07.02 19:05:00,2025-07-02T19:05:00Z,validation,6943,0,Tier A,tier_a_primary,Tier_A_full_context,c08_extreme_compression_stress,flat
2025.07.02 19:30:00,2025-07-02T19:30:00Z,validation,6944,-1,Tier A,tier_a_primary,Tier_A_full_context,c08_extreme_compression_stress,short
2025.07.02 19:35:00,2025-07-02T19:35:00Z,validation,6945,0,Tier A,tier_a_primary,Tier_A_full_context,c08_extreme_compression_stress,flat
2025.07.02 19:55:00,2025-07-02T19:55:00Z,validation,6946,0,Tier A,tier_a_primary,Tier_A_full_context,c08_extreme_compression_stress,flat
2025.07.02 20:00:00,2025-07-02T20:00:00Z,validation,6947,0,Tier A,tier_a_primary,Tier_A_full_context,c08_extreme_compression_stress,flat
2025.07.02 20:05:00,2025-07-02T20:05:00Z,validation,6948,0,Tier A,tier_a_primary,Tier_A_full_context,c08_extreme_compression_stress,flat
2025.07.02 20:25:00,2025-07-02T20:25:00Z,validation,6949,0,Tier A,tier_a_primary,Tier_A_full_context,c08_extreme_compression_stress,flat
2025.07.02 20:45:00,2025-07-02T20:45:00Z,validation,6950,0,Tier A,tier_a_primary,Tier_A_full_context,c08_extreme_compression_stress,flat
2025.07.02 20:50:00,2025-07-02T20:50:00Z,validation,6951,0,Tier A,tier_a_primary,Tier_A_full_context,c08_extreme_compression_stress,flat
2025.07.02 20:55:00,2025-07-02T20:55:00Z,validation,6952,0,Tier A,tier_a_primary,Tier_A_full_context,c08_extreme_compression_stress,flat
2025.07.02 21:00:00,2025-07-02T21:00:00Z,validation,6953,0,Tier A,tier_a_primary,Tier_A_full_context,c08_extreme_compression_stress,flat
2025.07.02 21:05:00,2025-07-02T21:05:00Z,validation,6954,0,Tier A,tier_a_primary,Tier_A_full_context,c08_extreme_compression_stress,flat
2025.07.02 21:10:00,2025-07-02T21:10:00Z,validation,6955,0,Tier A,tier_a_primary,Tier_A_full_context,c08_extreme_compression_stress,flat
2025.07.02 21:15:00,2025-07-02T21:15:00Z,validation,6956,0,Tier A,tier_a_primary,Tier_A_full_context,c08_extreme_compression_stress,flat
2025.07.02 21:30:00,2025-07-02T21:30:00Z,validation,6957,0,Tier A,tier_a_primary,Tier_A_full_context,c08_extreme_compression_stress,flat
2025.07.02 21:45:00,2025-07-02T21:45:00Z,validation,6958,0,Tier A,tier_a_primary,Tier_A_full_context,c08_extreme_compression_stress,flat
2025.07.02 22:00:00,2025-07-02T22:00:00Z,validation,6959,0,Tier A,tier_a_primary,Tier_A_full_context,c08_extreme_compression_stress,flat
2025.07.07 16:35:00,2025-07-07T16:35:00Z,validation,6960,0,Tier A,tier_a_primary,Tier_A_full_context,c08_extreme_compression_stress,flat
2025.07.07 16:40:00,2025-07-07T16:40:00Z,validation,6961,0,Tier A,tier_a_primary,Tier_A_full_context,c08_extreme_compression_stress,flat
2025.07.07 16:45:00,2025-07-07T16:45:00Z,validation,6962,0,Tier A,tier_a_primary,Tier_A_full_context,c08_extreme_compression_stress,flat
2025.07.07 16:50:00,2025-07-07T16:50:00Z,validation,6963,0,Tier A,tier_a_primary,Tier_A_full_context,c08_extreme_compression_stress,flat
2025.07.07 16:55:00,2025-07-07T16:55:00Z,validation,6964,0,Tier A,tier_a_primary,Tier_A_full_context,c08_extreme_compression_stress,long
2025.07.07 17:05:00,2025-07-07T17:05:00Z,validation,6965,-1,Tier A,tier_a_primary,Tier_A_full_context,c08_extreme_compression_stress,short
2025.07.07 17:10:00,2025-07-07T17:10:00Z,validation,6966,0,Tier A,tier_a_primary,Tier_A_full_context,c08_extreme_compression_stress,flat
2025.07.07 17:15:00,2025-07-07T17:15:00Z,validation,6967,0,Tier A,tier_a_primary,Tier_A_full_context,c08_extreme_compression_stress,flat
2025.07.07 17:20:00,2025-07-07T17:20:00Z,validation,6968,0,Tier A,tier_a_primary,Tier_A_full_context,c08_extreme_compression_stress,long
2025.07.07 17:25:00,2025-07-07T17:25:00Z,validation,6969,0,Tier A,tier_a_primary,Tier_A_full_context,c08_extreme_compression_stress,flat
2025.07.07 17:30:00,2025-07-07T17:30:00Z,validation,6970,0,Tier A,tier_a_primary,Tier_A_full_context,c08_extreme_compression_stress,flat
2025.07.07 17:35:00,2025-07-07T17:35:00Z,validation,6971,-1,Tier A,tier_a_primary,Tier_A_full_context,c08_extreme_compression_stress,short
2025.07.07 17:40:00,2025-07-07T17:40:00Z,validation,6972,0,Tier A,tier_a_primary,Tier_A_full_context,c08_extreme_compression_stress,flat
2025.07.07 17:50:00,2025-07-07T17:50:00Z,validation,6973,0,Tier A,tier_a_primary,Tier_A_full_context,c08_extreme_compression_stress,flat
2025.07.07 17:55:00,2025-07-07T17:55:00Z,validation,6974,0,Tier A,tier_a_primary,Tier_A_full_context,c08_extreme_compression_stress,flat
2025.07.07 18:00:00,2025-07-07T18:00:00Z,validation,6975,0,Tier A,tier_a_primary,Tier_A_full_context,c08_extreme_compression_stress,flat
2025.07.07 18:05:00,2025-07-07T18:05:00Z,validation,6976,0,Tier A,tier_a_primary,Tier_A_full_context,c08_extreme_compression_stress,flat
2025.07.07 18:10:00,2025-07-07T18:10:00Z,validation,6977,0,Tier A,tier_a_primary,Tier_A_full_context,c08_extreme_compression_stress,flat
2025.07.07 18:20:00,2025-07-07T18:20:00Z,validation,6978,0,Tier A,tier_a_primary,Tier_A_full_context,c08_extreme_compression_stress,flat
2025.07.07 18:25:00,2025-07-07T18:25:00Z,validation,6979,0,Tier A,tier_a_primary,Tier_A_full_context,c08_extreme_compression_stress,flat
2025.07.07 18:30:00,2025-07-07T18:30:00Z,validation,6980,0,Tier A,tier_a_primary,Tier_A_full_context,c08_extreme_compression_stress,flat
2025.07.07 18:35:00,2025-07-07T18:35:00Z,validation,6981,0,Tier A,tier_a_primary,Tier_A_full_context,c08_extreme_compression_stress,flat
2025.07.07 18:40:00,2025-07-07T18:40:00Z,validation,6982,0,Tier A,tier_a_primary,Tier_A_full_context,c08_extreme_compression_stress,flat
2025.07.07 18:45:00,2025-07-07T18:45:00Z,validation,6983,0,Tier A,tier_a_primary,Tier_A_full_context,c08_extreme_compression_stress,flat
2025.07.07 18:50:00,2025-07-07T18:50:00Z,validation,6984,0,Tier A,tier_a_primary,Tier_A_full_context,c08_extreme_compression_stress,flat
2025.07.07 18:55:00,2025-07-07T18:55:00Z,validation,6985,0,Tier A,tier_a_primary,Tier_A_full_context,c08_extreme_compression_stress,flat
2025.07.07 19:05:00,2025-07-07T19:05:00Z,validation,6986,0,Tier A,tier_a_primary,Tier_A_full_context,c08_extreme_compression_stress,long
2025.07.07 19:10:00,2025-07-07T19:10:00Z,validation,6987,0,Tier A,tier_a_primary,Tier_A_full_context,c08_extreme_compression_stress,flat
2025.07.07 19:20:00,2025-07-07T19:20:00Z,validation,6988,0,Tier A,tier_a_primary,Tier_A_full_context,c08_extreme_compression_stress,flat
2025.07.07 19:25:00,2025-07-07T19:25:00Z,validation,6989,-1,Tier A,tier_a_primary,Tier_A_full_context,c08_extreme_compression_stress,short
2025.07.07 19:30:00,2025-07-07T19:30:00Z,validation,6990,0,Tier A,tier_a_primary,Tier_A_full_context,c08_extreme_compression_stress,long
2025.07.07 19:35:00,2025-07-07T19:35:00Z,validation,6991,0,Tier A,tier_a_primary,Tier_A_full_context,c08_extreme_compression_stress,long
2025.07.07 19:40:00,2025-07-07T19:40:00Z,validation,6992,0,Tier A,tier_a_primary,Tier_A_full_context,c08_extreme_compression_stress,flat
2025.07.07 19:45:00,2025-07-07T19:45:00Z,validation,6993,0,Tier A,tier_a_primary,Tier_A_full_context,c08_extreme_compression_stress,flat
2025.07.07 19:50:00,2025-07-07T19:50:00Z,validation,6994,0,Tier A,tier_a_primary,Tier_A_full_context,c08_extreme_compression_stress,flat
2025.07.07 19:55:00,2025-07-07T19:55:00Z,validation,6995,0,Tier A,tier_a_primary,Tier_A_full_context,c08_extreme_compression_stress,flat
2025.07.07 20:00:00,2025-07-07T20:00:00Z,validation,6996,0,Tier A,tier_a_primary,Tier_A_full_context,c08_extreme_compression_stress,flat
2025.07.07 20:05:00,2025-07-07T20:05:00Z,validation,6997,0,Tier A,tier_a_primary,Tier_A_full_context,c08_extreme_compression_stress,flat
2025.07.07 20:10:00,2025-07-07T20:10:00Z,validation,6998,0,Tier A,tier_a_primary,Tier_A_full_context,c08_extreme_compression_stress,flat
2025.07.07 20:15:00,2025-07-07T20:15:00Z,validation,6999,0,Tier A,tier_a_primary,Tier_A_full_context,c08_extreme_compression_stress,flat
2025.07.07 20:20:00,2025-07-07T20:20:00Z,validation,7000,0,Tier A,tier_a_primary,Tier_A_full_context,c08_extreme_compression_stress,flat
2025.07.07 20:30:00,2025-07-07T20:30:00Z,validation,7001,0,Tier A,tier_a_primary,Tier_A_full_context,c08_extreme_compression_stress,flat
2025.07.07 20:35:00,2025-07-07T20:35:00Z,validation,7002,0,Tier A,tier_a_primary,Tier_A_full_context,c08_extreme_compression_stress,flat
2025.07.07 20:40:00,2025-07-07T20:40:00Z,validation,7003,0,Tier A,tier_a_primary,Tier_A_full_context,c08_extreme_compression_stress,flat
2025.07.07 20:45:00,2025-07-07T20:45:00Z,validation,7004,0,Tier A,tier_a_primary,Tier_A_full_context,c08_extreme_compression_stress,flat
2025.07.07 20:50:00,2025-07-07T20:50:00Z,validation,7005,0,Tier A,tier_a_primary,Tier_A_full_context,c08_extreme_compression_stress,flat
2025.07.07 20:55:00,2025-07-07T20:55:00Z,validation,7006,0,Tier A,tier_a_primary,Tier_A_full_context,c08_extreme_compression_stress,flat
2025.07.07 21:00:00,2025-07-07T21:00:00Z,validation,7007,0,Tier A,tier_a_primary,Tier_A_full_context,c08_extreme_compression_stress,flat
2025.07.07 21:05:00,2025-07-07T21:05:00Z,validation,7008,0,Tier A,tier_a_primary,Tier_A_full_context,c08_extreme_compression_stress,flat
2025.07.07 21:10:00,2025-07-07T21:10:00Z,validation,7009,0,Tier A,tier_a_primary,Tier_A_full_context,c08_extreme_compression_stress,flat
2025.07.07 21:15:00,2025-07-07T21:15:00Z,validation,7010,0,Tier A,tier_a_primary,Tier_A_full_context,c08_extreme_compression_stress,flat
2025.07.07 21:20:00,2025-07-07T21:20:00Z,validation,7011,0,Tier A,tier_a_primary,Tier_A_full_context,c08_extreme_compression_stress,flat
2025.07.07 21:25:00,2025-07-07T21:25:00Z,validation,7012,0,Tier A,tier_a_primary,Tier_A_full_context,c08_extreme_compression_stress,flat
2025.07.07 21:30:00,2025-07-07T21:30:00Z,validation,7013,0,Tier A,tier_a_primary,Tier_A_full_context,c08_extreme_compression_stress,flat
2025.07.07 21:35:00,2025-07-07T21:35:00Z,validation,7014,0,Tier A,tier_a_primary,Tier_A_full_context,c08_extreme_compression_stress,flat
2025.07.07 21:40:00,2025-07-07T21:40:00Z,validation,7015,0,Tier A,tier_a_primary,Tier_A_full_context,c08_extreme_compression_stress,flat
2025.07.07 21:50:00,2025-07-07T21:50:00Z,validation,7016,0,Tier A,tier_a_primary,Tier_A_full_context,c08_extreme_compression_stress,flat
2025.07.07 22:00:00,2025-07-07T22:00:00Z,validation,7017,0,Tier A,tier_a_primary,Tier_A_full_context,c08_extreme_compression_stress,flat
2025.07.08 16:35:00,2025-07-08T16:35:00Z,validation,7018,-1,Tier A,tier_a_primary,Tier_A_full_context,c08_extreme_compression_stress,short
2025.07.08 16:40:00,2025-07-08T16:40:00Z,validation,7019,0,Tier A,tier_a_primary,Tier_A_full_context,c08_extreme_compression_stress,flat
2025.07.08 16:45:00,2025-07-08T16:45:00Z,validation,7020,0,Tier A,tier_a_primary,Tier_A_full_context,c08_extreme_compression_stress,long
2025.07.08 16:50:00,2025-07-08T16:50:00Z,validation,7021,0,Tier A,tier_a_primary,Tier_A_full_context,c08_extreme_compression_stress,flat
2025.07.08 16:55:00,2025-07-08T16:55:00Z,validation,7022,0,Tier A,tier_a_primary,Tier_A_full_context,c08_extreme_compression_stress,long
2025.07.08 17:00:00,2025-07-08T17:00:00Z,validation,7023,0,Tier A,tier_a_primary,Tier_A_full_context,c08_extreme_compression_stress,flat
2025.07.08 17:05:00,2025-07-08T17:05:00Z,validation,7024,0,Tier A,tier_a_primary,Tier_A_full_context,c08_extreme_compression_stress,long
2025.07.08 17:10:00,2025-07-08T17:10:00Z,validation,7025,0,Tier A,tier_a_primary,Tier_A_full_context,c08_extreme_compression_stress,flat
2025.07.08 17:20:00,2025-07-08T17:20:00Z,validation,7026,0,Tier A,tier_a_primary,Tier_A_full_context,c08_extreme_compression_stress,flat
2025.07.08 17:25:00,2025-07-08T17:25:00Z,validation,7027,0,Tier A,tier_a_primary,Tier_A_full_context,c08_extreme_compression_stress,flat
2025.07.08 17:30:00,2025-07-08T17:30:00Z,validation,7028,0,Tier A,tier_a_primary,Tier_A_full_context,c08_extreme_compression_stress,flat
2025.07.08 17:35:00,2025-07-08T17:35:00Z,validation,7029,0,Tier A,tier_a_primary,Tier_A_full_context,c08_extreme_compression_stress,flat
2025.07.08 17:45:00,2025-07-08T17:45:00Z,validation,7030,0,Tier A,tier_a_primary,Tier_A_full_context,c08_extreme_compression_stress,flat
2025.07.08 17:50:00,2025-07-08T17:50:00Z,validation,7031,0,Tier A,tier_a_primary,Tier_A_full_context,c08_extreme_compression_stress,flat
2025.07.08 17:55:00,2025-07-08T17:55:00Z,validation,7032,0,Tier A,tier_a_primary,Tier_A_full_context,c08_extreme_compression_stress,flat
2025.07.08 18:00:00,2025-07-08T18:00:00Z,validation,7033,0,Tier A,tier_a_primary,Tier_A_full_context,c08_extreme_compression_stress,flat
2025.07.08 18:10:00,2025-07-08T18:10:00Z,validation,7034,0,Tier A,tier_a_primary,Tier_A_full_context,c08_extreme_compression_stress,flat
2025.07.08 18:25:00,2025-07-08T18:25:00Z,validation,7035,0,Tier A,tier_a_primary,Tier_A_full_context,c08_extreme_compression_stress,flat
2025.07.08 18:30:00,2025-07-08T18:30:00Z,validation,7036,0,Tier A,tier_a_primary,Tier_A_full_context,c08_extreme_compression_stress,flat
2025.07.08 18:35:00,2025-07-08T18:35:00Z,validation,7037,0,Tier A,tier_a_primary,Tier_A_full_context,c08_extreme_compression_stress,flat
2025.07.08 18:40:00,2025-07-08T18:40:00Z,validation,7038,0,Tier A,tier_a_primary,Tier_A_full_context,c08_extreme_compression_stress,flat
2025.07.08 18:50:00,2025-07-08T18:50:00Z,validation,7039,0,Tier A,tier_a_primary,Tier_A_full_context,c08_extreme_compression_stress,flat
2025.07.08 19:05:00,2025-07-08T19:05:00Z,validation,7040,0,Tier A,tier_a_primary,Tier_A_full_context,c08_extreme_compression_stress,flat
2025.07.08 19:15:00,2025-07-08T19:15:00Z,validation,7041,0,Tier A,tier_a_primary,Tier_A_full_context,c08_extreme_compression_stress,flat
2025.07.08 19:25:00,2025-07-08T19:25:00Z,validation,7042,0,Tier A,tier_a_primary,Tier_A_full_context,c08_extreme_compression_stress,flat
2025.07.08 19:30:00,2025-07-08T19:30:00Z,validation,7043,0,Tier A,tier_a_primary,Tier_A_full_context,c08_extreme_compression_stress,flat
2025.07.08 19:35:00,2025-07-08T19:35:00Z,validation,7044,-1,Tier A,tier_a_primary,Tier_A_full_context,c08_extreme_compression_stress,short
2025.07.08 19:40:00,2025-07-08T19:40:00Z,validation,7045,0,Tier A,tier_a_primary,Tier_A_full_context,c08_extreme_compression_stress,flat
2025.07.08 19:45:00,2025-07-08T19:45:00Z,validation,7046,0,Tier A,tier_a_primary,Tier_A_full_context,c08_extreme_compression_stress,flat
2025.07.08 19:50:00,2025-07-08T19:50:00Z,validation,7047,0,Tier A,tier_a_primary,Tier_A_full_context,c08_extreme_compression_stress,flat
2025.07.08 19:55:00,2025-07-08T19:55:00Z,validation,7048,0,Tier A,tier_a_primary,Tier_A_full_context,c08_extreme_compression_stress,flat
2025.07.08 20:00:00,2025-07-08T20:00:00Z,validation,7049,0,Tier A,tier_a_primary,Tier_A_full_context,c08_extreme_compression_stress,flat
2025.07.08 20:10:00,2025-07-08T20:10:00Z,validation,7050,0,Tier A,tier_a_primary,Tier_A_full_context,c08_extreme_compression_stress,flat
2025.07.08 20:20:00,2025-07-08T20:20:00Z,validation,7051,0,Tier A,tier_a_primary,Tier_A_full_context,c08_extreme_compression_stress,flat
2025.07.08 20:25:00,2025-07-08T20:25:00Z,validation,7052,0,Tier A,tier_a_primary,Tier_A_full_context,c08_extreme_compression_stress,flat
2025.07.08 20:30:00,2025-07-08T20:30:00Z,validation,7053,0,Tier A,tier_a_primary,Tier_A_full_context,c08_extreme_compression_stress,flat
2025.07.08 20:35:00,2025-07-08T20:35:00Z,validation,7054,0,Tier A,tier_a_primary,Tier_A_full_context,c08_extreme_compression_stress,flat
2025.07.08 20:40:00,2025-07-08T20:40:00Z,validation,7055,0,Tier A,tier_a_primary,Tier_A_full_context,c08_extreme_compression_stress,flat
2025.07.08 20:45:00,2025-07-08T20:45:00Z,validation,7056,0,Tier A,tier_a_primary,Tier_A_full_context,c08_extreme_compression_stress,flat
2025.07.08 20:50:00,2025-07-08T20:50:00Z,validation,7057,0,Tier A,tier_a_primary,Tier_A_full_context,c08_extreme_compression_stress,flat
2025.07.08 20:55:00,2025-07-08T20:55:00Z,validation,7058,1,Tier A,tier_a_primary,Tier_A_full_context,c08_extreme_compression_stress,long
2025.07.08 21:10:00,2025-07-08T21:10:00Z,validation,7059,0,Tier A,tier_a_primary,Tier_A_full_context,c08_extreme_compression_stress,flat
2025.07.08 21:20:00,2025-07-08T21:20:00Z,validation,7060,0,Tier A,tier_a_primary,Tier_A_full_context,c08_extreme_compression_stress,flat
2025.07.08 21:30:00,2025-07-08T21:30:00Z,validation,7061,0,Tier A,tier_a_primary,Tier_A_full_context,c08_extreme_compression_stress,flat
2025.07.08 22:00:00,2025-07-08T22:00:00Z,validation,7062,0,Tier A,tier_a_primary,Tier_A_full_context,c08_extreme_compression_stress,flat
2025.07.09 16:35:00,2025-07-09T16:35:00Z,validation,7063,0,Tier A,tier_a_primary,Tier_A_full_context,c08_extreme_compression_stress,long
2025.07.09 16:40:00,2025-07-09T16:40:00Z,validation,7064,0,Tier A,tier_a_primary,Tier_A_full_context,c08_extreme_compression_stress,flat
2025.07.09 16:45:00,2025-07-09T16:45:00Z,validation,7065,0,Tier A,tier_a_primary,Tier_A_full_context,c08_extreme_compression_stress,flat
2025.07.09 16:50:00,2025-07-09T16:50:00Z,validation,7066,0,Tier A,tier_a_primary,Tier_A_full_context,c08_extreme_compression_stress,flat
2025.07.09 17:00:00,2025-07-09T17:00:00Z,validation,7067,0,Tier A,tier_a_primary,Tier_A_full_context,c08_extreme_compression_stress,flat
2025.07.09 17:10:00,2025-07-09T17:10:00Z,validation,7068,0,Tier A,tier_a_primary,Tier_A_full_context,c08_extreme_compression_stress,flat
2025.07.09 17:15:00,2025-07-09T17:15:00Z,validation,7069,0,Tier A,tier_a_primary,Tier_A_full_context,c08_extreme_compression_stress,flat
2025.07.09 17:20:00,2025-07-09T17:20:00Z,validation,7070,0,Tier A,tier_a_primary,Tier_A_full_context,c08_extreme_compression_stress,flat
2025.07.09 17:25:00,2025-07-09T17:25:00Z,validation,7071,0,Tier A,tier_a_primary,Tier_A_full_context,c08_extreme_compression_stress,flat
2025.07.09 17:30:00,2025-07-09T17:30:00Z,validation,7072,0,Tier A,tier_a_primary,Tier_A_full_context,c08_extreme_compression_stress,flat
2025.07.09 17:35:00,2025-07-09T17:35:00Z,validation,7073,0,Tier A,tier_a_primary,Tier_A_full_context,c08_extreme_compression_stress,flat
2025.07.09 17:40:00,2025-07-09T17:40:00Z,validation,7074,0,Tier A,tier_a_primary,Tier_A_full_context,c08_extreme_compression_stress,flat
2025.07.09 17:45:00,2025-07-09T17:45:00Z,validation,7075,0,Tier A,tier_a_primary,Tier_A_full_context,c08_extreme_compression_stress,flat
2025.07.09 17:50:00,2025-07-09T17:50:00Z,validation,7076,0,Tier A,tier_a_primary,Tier_A_full_context,c08_extreme_compression_stress,flat
2025.07.09 17:55:00,2025-07-09T17:55:00Z,validation,7077,0,Tier A,tier_a_primary,Tier_A_full_context,c08_extreme_compression_stress,flat
2025.07.09 18:00:00,2025-07-09T18:00:00Z,validation,7078,0,Tier A,tier_a_primary,Tier_A_full_context,c08_extreme_compression_stress,flat
2025.07.09 18:05:00,2025-07-09T18:05:00Z,validation,7079,0,Tier A,tier_a_primary,Tier_A_full_context,c08_extreme_compression_stress,flat
2025.07.09 18:10:00,2025-07-09T18:10:00Z,validation,7080,0,Tier A,tier_a_primary,Tier_A_full_context,c08_extreme_compression_stress,flat
2025.07.09 18:15:00,2025-07-09T18:15:00Z,validation,7081,0,Tier A,tier_a_primary,Tier_A_full_context,c08_extreme_compression_stress,flat
2025.07.09 18:20:00,2025-07-09T18:20:00Z,validation,7082,0,Tier A,tier_a_primary,Tier_A_full_context,c08_extreme_compression_stress,flat
2025.07.09 18:25:00,2025-07-09T18:25:00Z,validation,7083,0,Tier A,tier_a_primary,Tier_A_full_context,c08_extreme_compression_stress,flat
2025.07.09 18:30:00,2025-07-09T18:30:00Z,validation,7084,0,Tier A,tier_a_primary,Tier_A_full_context,c08_extreme_compression_stress,flat
2025.07.09 18:35:00,2025-07-09T18:35:00Z,validation,7085,0,Tier A,tier_a_primary,Tier_A_full_context,c08_extreme_compression_stress,flat
2025.07.09 18:40:00,2025-07-09T18:40:00Z,validation,7086,0,Tier A,tier_a_primary,Tier_A_full_context,c08_extreme_compression_stress,flat
2025.07.09 18:50:00,2025-07-09T18:50:00Z,validation,7087,0,Tier A,tier_a_primary,Tier_A_full_context,c08_extreme_compression_stress,flat
2025.07.09 18:55:00,2025-07-09T18:55:00Z,validation,7088,0,Tier A,tier_a_primary,Tier_A_full_context,c08_extreme_compression_stress,flat
2025.07.09 19:05:00,2025-07-09T19:05:00Z,validation,7089,0,Tier A,tier_a_primary,Tier_A_full_context,c08_extreme_compression_stress,flat
2025.07.09 19:10:00,2025-07-09T19:10:00Z,validation,7090,0,Tier A,tier_a_primary,Tier_A_full_context,c08_extreme_compression_stress,flat
2025.07.09 19:15:00,2025-07-09T19:15:00Z,validation,7091,0,Tier A,tier_a_primary,Tier_A_full_context,c08_extreme_compression_stress,flat
2025.07.09 19:25:00,2025-07-09T19:25:00Z,validation,7092,0,Tier A,tier_a_primary,Tier_A_full_context,c08_extreme_compression_stress,flat
2025.07.09 19:45:00,2025-07-09T19:45:00Z,validation,7093,0,Tier A,tier_a_primary,Tier_A_full_context,c08_extreme_compression_stress,flat
2025.07.09 20:00:00,2025-07-09T20:00:00Z,validation,7094,0,Tier A,tier_a_primary,Tier_A_full_context,c08_extreme_compression_stress,flat
2025.07.09 20:05:00,2025-07-09T20:05:00Z,validation,7095,0,Tier A,tier_a_primary,Tier_A_full_context,c08_extreme_compression_stress,flat
2025.07.09 20:15:00,2025-07-09T20:15:00Z,validation,7096,0,Tier A,tier_a_primary,Tier_A_full_context,c08_extreme_compression_stress,flat
2025.07.09 20:20:00,2025-07-09T20:20:00Z,validation,7097,0,Tier A,tier_a_primary,Tier_A_full_context,c08_extreme_compression_stress,flat
2025.07.09 20:25:00,2025-07-09T20:25:00Z,validation,7098,0,Tier A,tier_a_primary,Tier_A_full_context,c08_extreme_compression_stress,flat
2025.07.09 20:35:00,2025-07-09T20:35:00Z,validation,7099,0,Tier A,tier_a_primary,Tier_A_full_context,c08_extreme_compression_stress,flat
2025.07.09 20:55:00,2025-07-09T20:55:00Z,validation,7100,0,Tier A,tier_a_primary,Tier_A_full_context,c08_extreme_compression_stress,flat
2025.07.09 21:05:00,2025-07-09T21:05:00Z,validation,7101,0,Tier A,tier_a_primary,Tier_A_full_context,c08_extreme_compression_stress,flat
2025.07.09 21:15:00,2025-07-09T21:15:00Z,validation,7102,0,Tier A,tier_a_primary,Tier_A_full_context,c08_extreme_compression_stress,flat
2025.07.09 21:20:00,2025-07-09T21:20:00Z,validation,7103,0,Tier A,tier_a_primary,Tier_A_full_context,c08_extreme_compression_stress,flat
2025.07.09 21:25:00,2025-07-09T21:25:00Z,validation,7104,0,Tier A,tier_a_primary,Tier_A_full_context,c08_extreme_compression_stress,flat
2025.07.09 22:00:00,2025-07-09T22:00:00Z,validation,7105,0,Tier A,tier_a_primary,Tier_A_full_context,c08_extreme_compression_stress,flat
2025.07.10 16:35:00,2025-07-10T16:35:00Z,validation,7106,0,Tier A,tier_a_primary,Tier_A_full_context,c08_extreme_compression_stress,flat
2025.07.10 16:40:00,2025-07-10T16:40:00Z,validation,7107,0,Tier A,tier_a_primary,Tier_A_full_context,c08_extreme_compression_stress,flat
2025.07.10 16:45:00,2025-07-10T16:45:00Z,validation,7108,0,Tier A,tier_a_primary,Tier_A_full_context,c08_extreme_compression_stress,flat
2025.07.10 16:50:00,2025-07-10T16:50:00Z,validation,7109,0,Tier A,tier_a_primary,Tier_A_full_context,c08_extreme_compression_stress,flat
2025.07.10 16:55:00,2025-07-10T16:55:00Z,validation,7110,0,Tier A,tier_a_primary,Tier_A_full_context,c08_extreme_compression_stress,flat
2025.07.10 17:00:00,2025-07-10T17:00:00Z,validation,7111,0,Tier A,tier_a_primary,Tier_A_full_context,c08_extreme_compression_stress,flat
2025.07.10 17:05:00,2025-07-10T17:05:00Z,validation,7112,0,Tier A,tier_a_primary,Tier_A_full_context,c08_extreme_compression_stress,flat
2025.07.10 17:10:00,2025-07-10T17:10:00Z,validation,7113,0,Tier A,tier_a_primary,Tier_A_full_context,c08_extreme_compression_stress,flat
2025.07.10 17:15:00,2025-07-10T17:15:00Z,validation,7114,0,Tier A,tier_a_primary,Tier_A_full_context,c08_extreme_compression_stress,flat
2025.07.10 17:20:00,2025-07-10T17:20:00Z,validation,7115,0,Tier A,tier_a_primary,Tier_A_full_context,c08_extreme_compression_stress,flat
2025.07.10 17:25:00,2025-07-10T17:25:00Z,validation,7116,0,Tier A,tier_a_primary,Tier_A_full_context,c08_extreme_compression_stress,flat
2025.07.10 17:35:00,2025-07-10T17:35:00Z,validation,7117,0,Tier A,tier_a_primary,Tier_A_full_context,c08_extreme_compression_stress,flat
2025.07.10 17:40:00,2025-07-10T17:40:00Z,validation,7118,0,Tier A,tier_a_primary,Tier_A_full_context,c08_extreme_compression_stress,flat
2025.07.10 17:45:00,2025-07-10T17:45:00Z,validation,7119,0,Tier A,tier_a_primary,Tier_A_full_context,c08_extreme_compression_stress,flat
2025.07.10 17:55:00,2025-07-10T17:55:00Z,validation,7120,0,Tier A,tier_a_primary,Tier_A_full_context,c08_extreme_compression_stress,flat
2025.07.10 18:05:00,2025-07-10T18:05:00Z,validation,7121,0,Tier A,tier_a_primary,Tier_A_full_context,c08_extreme_compression_stress,flat
2025.07.10 18:35:00,2025-07-10T18:35:00Z,validation,7122,0,Tier A,tier_a_primary,Tier_A_full_context,c08_extreme_compression_stress,flat
2025.07.10 18:55:00,2025-07-10T18:55:00Z,validation,7123,0,Tier A,tier_a_primary,Tier_A_full_context,c08_extreme_compression_stress,flat
2025.07.10 19:10:00,2025-07-10T19:10:00Z,validation,7124,0,Tier A,tier_a_primary,Tier_A_full_context,c08_extreme_compression_stress,flat
2025.07.10 19:25:00,2025-07-10T19:25:00Z,validation,7125,0,Tier A,tier_a_primary,Tier_A_full_context,c08_extreme_compression_stress,long
2025.07.10 19:55:00,2025-07-10T19:55:00Z,validation,7126,0,Tier A,tier_a_primary,Tier_A_full_context,c08_extreme_compression_stress,flat
2025.07.10 20:15:00,2025-07-10T20:15:00Z,validation,7127,0,Tier A,tier_a_primary,Tier_A_full_context,c08_extreme_compression_stress,flat
2025.07.10 20:20:00,2025-07-10T20:20:00Z,validation,7128,0,Tier A,tier_a_primary,Tier_A_full_context,c08_extreme_compression_stress,flat
2025.07.10 20:50:00,2025-07-10T20:50:00Z,validation,7129,0,Tier A,tier_a_primary,Tier_A_full_context,c08_extreme_compression_stress,flat
2025.07.10 20:55:00,2025-07-10T20:55:00Z,validation,7130,0,Tier A,tier_a_primary,Tier_A_full_context,c08_extreme_compression_stress,flat
2025.07.10 21:35:00,2025-07-10T21:35:00Z,validation,7131,0,Tier A,tier_a_primary,Tier_A_full_context,c08_extreme_compression_stress,flat
2025.07.10 22:00:00,2025-07-10T22:00:00Z,validation,7132,0,Tier A,tier_a_primary,Tier_A_full_context,c08_extreme_compression_stress,flat
2025.07.11 16:35:00,2025-07-11T16:35:00Z,validation,7133,0,Tier A,tier_a_primary,Tier_A_full_context,c08_extreme_compression_stress,flat
2025.07.11 16:40:00,2025-07-11T16:40:00Z,validation,7134,-1,Tier A,tier_a_primary,Tier_A_full_context,c08_extreme_compression_stress,short
2025.07.11 16:45:00,2025-07-11T16:45:00Z,validation,7135,0,Tier A,tier_a_primary,Tier_A_full_context,c08_extreme_compression_stress,flat
2025.07.11 16:50:00,2025-07-11T16:50:00Z,validation,7136,0,Tier A,tier_a_primary,Tier_A_full_context,c08_extreme_compression_stress,long
2025.07.11 16:55:00,2025-07-11T16:55:00Z,validation,7137,0,Tier A,tier_a_primary,Tier_A_full_context,c08_extreme_compression_stress,flat
2025.07.11 17:00:00,2025-07-11T17:00:00Z,validation,7138,0,Tier A,tier_a_primary,Tier_A_full_context,c08_extreme_compression_stress,long
2025.07.11 17:05:00,2025-07-11T17:05:00Z,validation,7139,0,Tier A,tier_a_primary,Tier_A_full_context,c08_extreme_compression_stress,flat
2025.07.11 17:10:00,2025-07-11T17:10:00Z,validation,7140,0,Tier A,tier_a_primary,Tier_A_full_context,c08_extreme_compression_stress,flat
2025.07.11 17:15:00,2025-07-11T17:15:00Z,validation,7141,0,Tier A,tier_a_primary,Tier_A_full_context,c08_extreme_compression_stress,flat
2025.07.11 17:20:00,2025-07-11T17:20:00Z,validation,7142,0,Tier A,tier_a_primary,Tier_A_full_context,c08_extreme_compression_stress,flat
2025.07.11 17:25:00,2025-07-11T17:25:00Z,validation,7143,0,Tier A,tier_a_primary,Tier_A_full_context,c08_extreme_compression_stress,flat
2025.07.11 17:30:00,2025-07-11T17:30:00Z,validation,7144,0,Tier A,tier_a_primary,Tier_A_full_context,c08_extreme_compression_stress,flat
2025.07.11 17:40:00,2025-07-11T17:40:00Z,validation,7145,0,Tier A,tier_a_primary,Tier_A_full_context,c08_extreme_compression_stress,flat
2025.07.11 17:45:00,2025-07-11T17:45:00Z,validation,7146,0,Tier A,tier_a_primary,Tier_A_full_context,c08_extreme_compression_stress,flat
2025.07.11 17:50:00,2025-07-11T17:50:00Z,validation,7147,0,Tier A,tier_a_primary,Tier_A_full_context,c08_extreme_compression_stress,flat
2025.07.11 17:55:00,2025-07-11T17:55:00Z,validation,7148,0,Tier A,tier_a_primary,Tier_A_full_context,c08_extreme_compression_stress,flat
2025.07.11 18:00:00,2025-07-11T18:00:00Z,validation,7149,0,Tier A,tier_a_primary,Tier_A_full_context,c08_extreme_compression_stress,flat
2025.07.11 18:05:00,2025-07-11T18:05:00Z,validation,7150,0,Tier A,tier_a_primary,Tier_A_full_context,c08_extreme_compression_stress,flat
2025.07.11 18:10:00,2025-07-11T18:10:00Z,validation,7151,0,Tier A,tier_a_primary,Tier_A_full_context,c08_extreme_compression_stress,flat
2025.07.11 18:20:00,2025-07-11T18:20:00Z,validation,7152,0,Tier A,tier_a_primary,Tier_A_full_context,c08_extreme_compression_stress,flat
2025.07.11 18:25:00,2025-07-11T18:25:00Z,validation,7153,0,Tier A,tier_a_primary,Tier_A_full_context,c08_extreme_compression_stress,flat
2025.07.11 18:30:00,2025-07-11T18:30:00Z,validation,7154,0,Tier A,tier_a_primary,Tier_A_full_context,c08_extreme_compression_stress,flat
2025.07.11 18:35:00,2025-07-11T18:35:00Z,validation,7155,0,Tier A,tier_a_primary,Tier_A_full_context,c08_extreme_compression_stress,flat
2025.07.11 18:45:00,2025-07-11T18:45:00Z,validation,7156,0,Tier A,tier_a_primary,Tier_A_full_context,c08_extreme_compression_stress,flat
2025.07.11 18:50:00,2025-07-11T18:50:00Z,validation,7157,0,Tier A,tier_a_primary,Tier_A_full_context,c08_extreme_compression_stress,flat
2025.07.11 18:55:00,2025-07-11T18:55:00Z,validation,7158,0,Tier A,tier_a_primary,Tier_A_full_context,c08_extreme_compression_stress,flat
2025.07.11 19:00:00,2025-07-11T19:00:00Z,validation,7159,0,Tier A,tier_a_primary,Tier_A_full_context,c08_extreme_compression_stress,flat
2025.07.11 19:05:00,2025-07-11T19:05:00Z,validation,7160,0,Tier A,tier_a_primary,Tier_A_full_context,c08_extreme_compression_stress,flat
2025.07.11 19:10:00,2025-07-11T19:10:00Z,validation,7161,0,Tier A,tier_a_primary,Tier_A_full_context,c08_extreme_compression_stress,flat
2025.07.11 19:15:00,2025-07-11T19:15:00Z,validation,7162,0,Tier A,tier_a_primary,Tier_A_full_context,c08_extreme_compression_stress,flat
2025.07.11 19:20:00,2025-07-11T19:20:00Z,validation,7163,0,Tier A,tier_a_primary,Tier_A_full_context,c08_extreme_compression_stress,flat
2025.07.11 19:35:00,2025-07-11T19:35:00Z,validation,7164,0,Tier A,tier_a_primary,Tier_A_full_context,c08_extreme_compression_stress,flat
2025.07.11 19:40:00,2025-07-11T19:40:00Z,validation,7165,0,Tier A,tier_a_primary,Tier_A_full_context,c08_extreme_compression_stress,flat
2025.07.11 19:50:00,2025-07-11T19:50:00Z,validation,7166,0,Tier A,tier_a_primary,Tier_A_full_context,c08_extreme_compression_stress,flat
2025.07.11 19:55:00,2025-07-11T19:55:00Z,validation,7167,0,Tier A,tier_a_primary,Tier_A_full_context,c08_extreme_compression_stress,flat
2025.07.11 20:00:00,2025-07-11T20:00:00Z,validation,7168,0,Tier A,tier_a_primary,Tier_A_full_context,c08_extreme_compression_stress,flat
2025.07.11 20:05:00,2025-07-11T20:05:00Z,validation,7169,0,Tier A,tier_a_primary,Tier_A_full_context,c08_extreme_compression_stress,flat
2025.07.11 20:15:00,2025-07-11T20:15:00Z,validation,7170,0,Tier A,tier_a_primary,Tier_A_full_context,c08_extreme_compression_stress,flat
2025.07.11 20:25:00,2025-07-11T20:25:00Z,validation,7171,0,Tier A,tier_a_primary,Tier_A_full_context,c08_extreme_compression_stress,flat
2025.07.11 20:30:00,2025-07-11T20:30:00Z,validation,7172,0,Tier A,tier_a_primary,Tier_A_full_context,c08_extreme_compression_stress,flat
2025.07.11 20:40:00,2025-07-11T20:40:00Z,validation,7173,0,Tier A,tier_a_primary,Tier_A_full_context,c08_extreme_compression_stress,flat
2025.07.11 20:45:00,2025-07-11T20:45:00Z,validation,7174,0,Tier A,tier_a_primary,Tier_A_full_context,c08_extreme_compression_stress,flat
2025.07.11 20:50:00,2025-07-11T20:50:00Z,validation,7175,1,Tier A,tier_a_primary,Tier_A_full_context,c08_extreme_compression_stress,long
2025.07.11 21:10:00,2025-07-11T21:10:00Z,validation,7176,0,Tier A,tier_a_primary,Tier_A_full_context,c08_extreme_compression_stress,flat
2025.07.11 21:30:00,2025-07-11T21:30:00Z,validation,7177,0,Tier A,tier_a_primary,Tier_A_full_context,c08_extreme_compression_stress,flat
2025.07.11 21:35:00,2025-07-11T21:35:00Z,validation,7178,0,Tier A,tier_a_primary,Tier_A_full_context,c08_extreme_compression_stress,flat
2025.07.11 21:55:00,2025-07-11T21:55:00Z,validation,7179,0,Tier A,tier_a_primary,Tier_A_full_context,c08_extreme_compression_stress,flat
2025.07.11 22:00:00,2025-07-11T22:00:00Z,validation,7180,0,Tier A,tier_a_primary,Tier_A_full_context,c08_extreme_compression_stress,flat
2025.07.14 16:35:00,2025-07-14T16:35:00Z,validation,7181,-1,Tier A,tier_a_primary,Tier_A_full_context,c08_extreme_compression_stress,short
2025.07.14 16:40:00,2025-07-14T16:40:00Z,validation,7182,0,Tier A,tier_a_primary,Tier_A_full_context,c08_extreme_compression_stress,flat
2025.07.14 16:45:00,2025-07-14T16:45:00Z,validation,7183,0,Tier A,tier_a_primary,Tier_A_full_context,c08_extreme_compression_stress,flat
2025.07.14 16:50:00,2025-07-14T16:50:00Z,validation,7184,0,Tier A,tier_a_primary,Tier_A_full_context,c08_extreme_compression_stress,long
2025.07.14 16:55:00,2025-07-14T16:55:00Z,validation,7185,0,Tier A,tier_a_primary,Tier_A_full_context,c08_extreme_compression_stress,flat
2025.07.14 17:00:00,2025-07-14T17:00:00Z,validation,7186,0,Tier A,tier_a_primary,Tier_A_full_context,c08_extreme_compression_stress,flat
2025.07.14 17:05:00,2025-07-14T17:05:00Z,validation,7187,0,Tier A,tier_a_primary,Tier_A_full_context,c08_extreme_compression_stress,flat
2025.07.14 17:10:00,2025-07-14T17:10:00Z,validation,7188,0,Tier A,tier_a_primary,Tier_A_full_context,c08_extreme_compression_stress,flat
2025.07.14 17:15:00,2025-07-14T17:15:00Z,validation,7189,0,Tier A,tier_a_primary,Tier_A_full_context,c08_extreme_compression_stress,flat
2025.07.14 17:20:00,2025-07-14T17:20:00Z,validation,7190,0,Tier A,tier_a_primary,Tier_A_full_context,c08_extreme_compression_stress,flat
2025.07.14 17:25:00,2025-07-14T17:25:00Z,validation,7191,0,Tier A,tier_a_primary,Tier_A_full_context,c08_extreme_compression_stress,flat
2025.07.14 17:30:00,2025-07-14T17:30:00Z,validation,7192,0,Tier A,tier_a_primary,Tier_A_full_context,c08_extreme_compression_stress,flat
2025.07.14 17:35:00,2025-07-14T17:35:00Z,validation,7193,0,Tier A,tier_a_primary,Tier_A_full_context,c08_extreme_compression_stress,flat
2025.07.14 17:40:00,2025-07-14T17:40:00Z,validation,7194,0,Tier A,tier_a_primary,Tier_A_full_context,c08_extreme_compression_stress,flat
2025.07.14 17:45:00,2025-07-14T17:45:00Z,validation,7195,0,Tier A,tier_a_primary,Tier_A_full_context,c08_extreme_compression_stress,flat
2025.07.14 17:50:00,2025-07-14T17:50:00Z,validation,7196,0,Tier A,tier_a_primary,Tier_A_full_context,c08_extreme_compression_stress,flat
2025.07.14 17:55:00,2025-07-14T17:55:00Z,validation,7197,0,Tier A,tier_a_primary,Tier_A_full_context,c08_extreme_compression_stress,flat
2025.07.14 18:00:00,2025-07-14T18:00:00Z,validation,7198,0,Tier A,tier_a_primary,Tier_A_full_context,c08_extreme_compression_stress,flat
2025.07.14 18:05:00,2025-07-14T18:05:00Z,validation,7199,0,Tier A,tier_a_primary,Tier_A_full_context,c08_extreme_compression_stress,flat
2025.07.14 18:10:00,2025-07-14T18:10:00Z,validation,7200,0,Tier A,tier_a_primary,Tier_A_full_context,c08_extreme_compression_stress,flat
2025.07.14 18:15:00,2025-07-14T18:15:00Z,validation,7201,0,Tier A,tier_a_primary,Tier_A_full_context,c08_extreme_compression_stress,flat
2025.07.14 18:20:00,2025-07-14T18:20:00Z,validation,7202,0,Tier A,tier_a_primary,Tier_A_full_context,c08_extreme_compression_stress,flat
2025.07.14 18:25:00,2025-07-14T18:25:00Z,validation,7203,0,Tier A,tier_a_primary,Tier_A_full_context,c08_extreme_compression_stress,flat
2025.07.14 18:30:00,2025-07-14T18:30:00Z,validation,7204,0,Tier A,tier_a_primary,Tier_A_full_context,c08_extreme_compression_stress,flat
2025.07.14 18:40:00,2025-07-14T18:40:00Z,validation,7205,0,Tier A,tier_a_primary,Tier_A_full_context,c08_extreme_compression_stress,flat
2025.07.14 18:50:00,2025-07-14T18:50:00Z,validation,7206,0,Tier A,tier_a_primary,Tier_A_full_context,c08_extreme_compression_stress,flat
2025.07.14 19:00:00,2025-07-14T19:00:00Z,validation,7207,0,Tier A,tier_a_primary,Tier_A_full_context,c08_extreme_compression_stress,flat
2025.07.14 19:10:00,2025-07-14T19:10:00Z,validation,7208,0,Tier A,tier_a_primary,Tier_A_full_context,c08_extreme_compression_stress,flat
2025.07.14 19:15:00,2025-07-14T19:15:00Z,validation,7209,0,Tier A,tier_a_primary,Tier_A_full_context,c08_extreme_compression_stress,flat
2025.07.14 19:30:00,2025-07-14T19:30:00Z,validation,7210,0,Tier A,tier_a_primary,Tier_A_full_context,c08_extreme_compression_stress,flat
2025.07.14 19:35:00,2025-07-14T19:35:00Z,validation,7211,0,Tier A,tier_a_primary,Tier_A_full_context,c08_extreme_compression_stress,flat
2025.07.14 19:45:00,2025-07-14T19:45:00Z,validation,7212,0,Tier A,tier_a_primary,Tier_A_full_context,c08_extreme_compression_stress,flat
2025.07.14 19:55:00,2025-07-14T19:55:00Z,validation,7213,0,Tier A,tier_a_primary,Tier_A_full_context,c08_extreme_compression_stress,flat
2025.07.14 20:05:00,2025-07-14T20:05:00Z,validation,7214,0,Tier A,tier_a_primary,Tier_A_full_context,c08_extreme_compression_stress,flat
2025.07.14 20:15:00,2025-07-14T20:15:00Z,validation,7215,0,Tier A,tier_a_primary,Tier_A_full_context,c08_extreme_compression_stress,flat
2025.07.14 20:25:00,2025-07-14T20:25:00Z,validation,7216,0,Tier A,tier_a_primary,Tier_A_full_context,c08_extreme_compression_stress,flat
2025.07.14 20:30:00,2025-07-14T20:30:00Z,validation,7217,0,Tier A,tier_a_primary,Tier_A_full_context,c08_extreme_compression_stress,flat
2025.07.14 20:40:00,2025-07-14T20:40:00Z,validation,7218,0,Tier A,tier_a_primary,Tier_A_full_context,c08_extreme_compression_stress,flat
2025.07.14 20:50:00,2025-07-14T20:50:00Z,validation,7219,0,Tier A,tier_a_primary,Tier_A_full_context,c08_extreme_compression_stress,flat
2025.07.14 21:05:00,2025-07-14T21:05:00Z,validation,7220,0,Tier A,tier_a_primary,Tier_A_full_context,c08_extreme_compression_stress,flat
2025.07.14 21:35:00,2025-07-14T21:35:00Z,validation,7221,0,Tier A,tier_a_primary,Tier_A_full_context,c08_extreme_compression_stress,flat
2025.07.14 22:00:00,2025-07-14T22:00:00Z,validation,7222,0,Tier A,tier_a_primary,Tier_A_full_context,c08_extreme_compression_stress,flat
2025.07.15 16:35:00,2025-07-15T16:35:00Z,validation,7223,0,Tier A,tier_a_primary,Tier_A_full_context,c08_extreme_compression_stress,flat
2025.07.15 16:40:00,2025-07-15T16:40:00Z,validation,7224,0,Tier A,tier_a_primary,Tier_A_full_context,c08_extreme_compression_stress,flat
2025.07.15 16:45:00,2025-07-15T16:45:00Z,validation,7225,0,Tier A,tier_a_primary,Tier_A_full_context,c08_extreme_compression_stress,flat
2025.07.15 16:50:00,2025-07-15T16:50:00Z,validation,7226,0,Tier A,tier_a_primary,Tier_A_full_context,c08_extreme_compression_stress,flat
2025.07.15 16:55:00,2025-07-15T16:55:00Z,validation,7227,0,Tier A,tier_a_primary,Tier_A_full_context,c08_extreme_compression_stress,flat
2025.07.15 17:00:00,2025-07-15T17:00:00Z,validation,7228,0,Tier A,tier_a_primary,Tier_A_full_context,c08_extreme_compression_stress,flat
2025.07.15 17:05:00,2025-07-15T17:05:00Z,validation,7229,0,Tier A,tier_a_primary,Tier_A_full_context,c08_extreme_compression_stress,flat
2025.07.15 17:10:00,2025-07-15T17:10:00Z,validation,7230,0,Tier A,tier_a_primary,Tier_A_full_context,c08_extreme_compression_stress,flat
2025.07.15 17:15:00,2025-07-15T17:15:00Z,validation,7231,0,Tier A,tier_a_primary,Tier_A_full_context,c08_extreme_compression_stress,flat
2025.07.15 17:20:00,2025-07-15T17:20:00Z,validation,7232,0,Tier A,tier_a_primary,Tier_A_full_context,c08_extreme_compression_stress,flat
2025.07.15 17:25:00,2025-07-15T17:25:00Z,validation,7233,0,Tier A,tier_a_primary,Tier_A_full_context,c08_extreme_compression_stress,flat
2025.07.15 17:30:00,2025-07-15T17:30:00Z,validation,7234,0,Tier A,tier_a_primary,Tier_A_full_context,c08_extreme_compression_stress,flat
2025.07.15 17:35:00,2025-07-15T17:35:00Z,validation,7235,0,Tier A,tier_a_primary,Tier_A_full_context,c08_extreme_compression_stress,flat
2025.07.15 17:40:00,2025-07-15T17:40:00Z,validation,7236,0,Tier A,tier_a_primary,Tier_A_full_context,c08_extreme_compression_stress,flat
2025.07.15 17:45:00,2025-07-15T17:45:00Z,validation,7237,0,Tier A,tier_a_primary,Tier_A_full_context,c08_extreme_compression_stress,flat
2025.07.15 17:55:00,2025-07-15T17:55:00Z,validation,7238,0,Tier A,tier_a_primary,Tier_A_full_context,c08_extreme_compression_stress,flat
2025.07.15 18:00:00,2025-07-15T18:00:00Z,validation,7239,0,Tier A,tier_a_primary,Tier_A_full_context,c08_extreme_compression_stress,flat
2025.07.15 18:05:00,2025-07-15T18:05:00Z,validation,7240,0,Tier A,tier_a_primary,Tier_A_full_context,c08_extreme_compression_stress,flat
2025.07.15 18:10:00,2025-07-15T18:10:00Z,validation,7241,0,Tier A,tier_a_primary,Tier_A_full_context,c08_extreme_compression_stress,flat
2025.07.15 18:15:00,2025-07-15T18:15:00Z,validation,7242,0,Tier A,tier_a_primary,Tier_A_full_context,c08_extreme_compression_stress,flat
2025.07.15 18:20:00,2025-07-15T18:20:00Z,validation,7243,0,Tier A,tier_a_primary,Tier_A_full_context,c08_extreme_compression_stress,flat
2025.07.15 18:25:00,2025-07-15T18:25:00Z,validation,7244,0,Tier A,tier_a_primary,Tier_A_full_context,c08_extreme_compression_stress,flat
2025.07.15 18:30:00,2025-07-15T18:30:00Z,validation,7245,0,Tier A,tier_a_primary,Tier_A_full_context,c08_extreme_compression_stress,flat
2025.07.15 18:35:00,2025-07-15T18:35:00Z,validation,7246,0,Tier A,tier_a_primary,Tier_A_full_context,c08_extreme_compression_stress,flat
2025.07.15 18:40:00,2025-07-15T18:40:00Z,validation,7247,0,Tier A,tier_a_primary,Tier_A_full_context,c08_extreme_compression_stress,flat
2025.07.15 18:45:00,2025-07-15T18:45:00Z,validation,7248,0,Tier A,tier_a_primary,Tier_A_full_context,c08_extreme_compression_stress,flat
2025.07.15 18:50:00,2025-07-15T18:50:00Z,validation,7249,0,Tier A,tier_a_primary,Tier_A_full_context,c08_extreme_compression_stress,flat
2025.07.15 18:55:00,2025-07-15T18:55:00Z,validation,7250,0,Tier A,tier_a_primary,Tier_A_full_context,c08_extreme_compression_stress,flat
2025.07.15 19:00:00,2025-07-15T19:00:00Z,validation,7251,0,Tier A,tier_a_primary,Tier_A_full_context,c08_extreme_compression_stress,flat
2025.07.15 19:10:00,2025-07-15T19:10:00Z,validation,7252,0,Tier A,tier_a_primary,Tier_A_full_context,c08_extreme_compression_stress,flat
2025.07.15 19:15:00,2025-07-15T19:15:00Z,validation,7253,0,Tier A,tier_a_primary,Tier_A_full_context,c08_extreme_compression_stress,flat
2025.07.15 19:20:00,2025-07-15T19:20:00Z,validation,7254,0,Tier A,tier_a_primary,Tier_A_full_context,c08_extreme_compression_stress,flat
2025.07.15 19:25:00,2025-07-15T19:25:00Z,validation,7255,0,Tier A,tier_a_primary,Tier_A_full_context,c08_extreme_compression_stress,flat
2025.07.15 19:30:00,2025-07-15T19:30:00Z,validation,7256,0,Tier A,tier_a_primary,Tier_A_full_context,c08_extreme_compression_stress,flat
2025.07.15 19:35:00,2025-07-15T19:35:00Z,validation,7257,0,Tier A,tier_a_primary,Tier_A_full_context,c08_extreme_compression_stress,flat
2025.07.15 19:40:00,2025-07-15T19:40:00Z,validation,7258,0,Tier A,tier_a_primary,Tier_A_full_context,c08_extreme_compression_stress,flat
2025.07.15 19:45:00,2025-07-15T19:45:00Z,validation,7259,0,Tier A,tier_a_primary,Tier_A_full_context,c08_extreme_compression_stress,flat
2025.07.15 19:50:00,2025-07-15T19:50:00Z,validation,7260,0,Tier A,tier_a_primary,Tier_A_full_context,c08_extreme_compression_stress,flat
2025.07.15 19:55:00,2025-07-15T19:55:00Z,validation,7261,0,Tier A,tier_a_primary,Tier_A_full_context,c08_extreme_compression_stress,flat
2025.07.15 20:00:00,2025-07-15T20:00:00Z,validation,7262,0,Tier A,tier_a_primary,Tier_A_full_context,c08_extreme_compression_stress,flat
2025.07.15 20:05:00,2025-07-15T20:05:00Z,validation,7263,0,Tier A,tier_a_primary,Tier_A_full_context,c08_extreme_compression_stress,long
2025.07.15 20:10:00,2025-07-15T20:10:00Z,validation,7264,-1,Tier A,tier_a_primary,Tier_A_full_context,c08_extreme_compression_stress,short
2025.07.15 20:15:00,2025-07-15T20:15:00Z,validation,7265,0,Tier A,tier_a_primary,Tier_A_full_context,c08_extreme_compression_stress,flat
2025.07.15 20:20:00,2025-07-15T20:20:00Z,validation,7266,0,Tier A,tier_a_primary,Tier_A_full_context,c08_extreme_compression_stress,flat
2025.07.15 20:25:00,2025-07-15T20:25:00Z,validation,7267,0,Tier A,tier_a_primary,Tier_A_full_context,c08_extreme_compression_stress,flat
2025.07.15 20:30:00,2025-07-15T20:30:00Z,validation,7268,0,Tier A,tier_a_primary,Tier_A_full_context,c08_extreme_compression_stress,flat
2025.07.15 20:55:00,2025-07-15T20:55:00Z,validation,7269,0,Tier A,tier_a_primary,Tier_A_full_context,c08_extreme_compression_stress,flat
2025.07.15 21:40:00,2025-07-15T21:40:00Z,validation,7270,0,Tier A,tier_a_primary,Tier_A_full_context,c08_extreme_compression_stress,flat
2025.07.15 21:45:00,2025-07-15T21:45:00Z,validation,7271,0,Tier A,tier_a_primary,Tier_A_full_context,c08_extreme_compression_stress,flat
2025.07.15 22:00:00,2025-07-15T22:00:00Z,validation,7272,0,Tier A,tier_a_primary,Tier_A_full_context,c08_extreme_compression_stress,flat
2025.07.16 16:35:00,2025-07-16T16:35:00Z,validation,7273,0,Tier A,tier_a_primary,Tier_A_full_context,c08_extreme_compression_stress,flat
2025.07.16 16:40:00,2025-07-16T16:40:00Z,validation,7274,0,Tier A,tier_a_primary,Tier_A_full_context,c08_extreme_compression_stress,flat
2025.07.16 16:45:00,2025-07-16T16:45:00Z,validation,7275,0,Tier A,tier_a_primary,Tier_A_full_context,c08_extreme_compression_stress,flat
2025.07.16 16:50:00,2025-07-16T16:50:00Z,validation,7276,0,Tier A,tier_a_primary,Tier_A_full_context,c08_extreme_compression_stress,flat
2025.07.16 16:55:00,2025-07-16T16:55:00Z,validation,7277,0,Tier A,tier_a_primary,Tier_A_full_context,c08_extreme_compression_stress,flat
2025.07.16 17:00:00,2025-07-16T17:00:00Z,validation,7278,0,Tier A,tier_a_primary,Tier_A_full_context,c08_extreme_compression_stress,flat
2025.07.16 17:05:00,2025-07-16T17:05:00Z,validation,7279,0,Tier A,tier_a_primary,Tier_A_full_context,c08_extreme_compression_stress,flat
2025.07.16 17:10:00,2025-07-16T17:10:00Z,validation,7280,0,Tier A,tier_a_primary,Tier_A_full_context,c08_extreme_compression_stress,flat
2025.07.16 17:15:00,2025-07-16T17:15:00Z,validation,7281,0,Tier A,tier_a_primary,Tier_A_full_context,c08_extreme_compression_stress,flat
2025.07.16 17:20:00,2025-07-16T17:20:00Z,validation,7282,0,Tier A,tier_a_primary,Tier_A_full_context,c08_extreme_compression_stress,flat
2025.07.16 17:25:00,2025-07-16T17:25:00Z,validation,7283,0,Tier A,tier_a_primary,Tier_A_full_context,c08_extreme_compression_stress,flat
2025.07.16 17:30:00,2025-07-16T17:30:00Z,validation,7284,0,Tier A,tier_a_primary,Tier_A_full_context,c08_extreme_compression_stress,flat
2025.07.16 17:35:00,2025-07-16T17:35:00Z,validation,7285,0,Tier A,tier_a_primary,Tier_A_full_context,c08_extreme_compression_stress,flat
2025.07.16 17:40:00,2025-07-16T17:40:00Z,validation,7286,0,Tier A,tier_a_primary,Tier_A_full_context,c08_extreme_compression_stress,flat
2025.07.16 17:50:00,2025-07-16T17:50:00Z,validation,7287,0,Tier A,tier_a_primary,Tier_A_full_context,c08_extreme_compression_stress,flat
2025.07.16 17:55:00,2025-07-16T17:55:00Z,validation,7288,0,Tier A,tier_a_primary,Tier_A_full_context,c08_extreme_compression_stress,flat
2025.07.16 18:00:00,2025-07-16T18:00:00Z,validation,7289,0,Tier A,tier_a_primary,Tier_A_full_context,c08_extreme_compression_stress,flat
2025.07.16 18:05:00,2025-07-16T18:05:00Z,validation,7290,0,Tier A,tier_a_primary,Tier_A_full_context,c08_extreme_compression_stress,flat
2025.07.16 18:10:00,2025-07-16T18:10:00Z,validation,7291,0,Tier A,tier_a_primary,Tier_A_full_context,c08_extreme_compression_stress,flat
2025.07.16 18:15:00,2025-07-16T18:15:00Z,validation,7292,0,Tier A,tier_a_primary,Tier_A_full_context,c08_extreme_compression_stress,flat
2025.07.16 18:20:00,2025-07-16T18:20:00Z,validation,7293,0,Tier A,tier_a_primary,Tier_A_full_context,c08_extreme_compression_stress,flat
2025.07.16 18:25:00,2025-07-16T18:25:00Z,validation,7294,0,Tier A,tier_a_primary,Tier_A_full_context,c08_extreme_compression_stress,flat
2025.07.16 18:30:00,2025-07-16T18:30:00Z,validation,7295,0,Tier A,tier_a_primary,Tier_A_full_context,c08_extreme_compression_stress,flat
2025.07.16 18:35:00,2025-07-16T18:35:00Z,validation,7296,0,Tier A,tier_a_primary,Tier_A_full_context,c08_extreme_compression_stress,flat
2025.07.16 18:40:00,2025-07-16T18:40:00Z,validation,7297,0,Tier A,tier_a_primary,Tier_A_full_context,c08_extreme_compression_stress,flat
2025.07.16 18:45:00,2025-07-16T18:45:00Z,validation,7298,0,Tier A,tier_a_primary,Tier_A_full_context,c08_extreme_compression_stress,flat
2025.07.16 18:50:00,2025-07-16T18:50:00Z,validation,7299,0,Tier A,tier_a_primary,Tier_A_full_context,c08_extreme_compression_stress,flat
2025.07.16 18:55:00,2025-07-16T18:55:00Z,validation,7300,0,Tier A,tier_a_primary,Tier_A_full_context,c08_extreme_compression_stress,flat
2025.07.16 19:00:00,2025-07-16T19:00:00Z,validation,7301,0,Tier A,tier_a_primary,Tier_A_full_context,c08_extreme_compression_stress,flat
2025.07.16 19:05:00,2025-07-16T19:05:00Z,validation,7302,0,Tier A,tier_a_primary,Tier_A_full_context,c08_extreme_compression_stress,flat
2025.07.16 19:10:00,2025-07-16T19:10:00Z,validation,7303,0,Tier A,tier_a_primary,Tier_A_full_context,c08_extreme_compression_stress,flat
2025.07.16 19:15:00,2025-07-16T19:15:00Z,validation,7304,0,Tier A,tier_a_primary,Tier_A_full_context,c08_extreme_compression_stress,flat
2025.07.16 19:20:00,2025-07-16T19:20:00Z,validation,7305,0,Tier A,tier_a_primary,Tier_A_full_context,c08_extreme_compression_stress,flat
2025.07.16 19:25:00,2025-07-16T19:25:00Z,validation,7306,0,Tier A,tier_a_primary,Tier_A_full_context,c08_extreme_compression_stress,flat
2025.07.16 19:30:00,2025-07-16T19:30:00Z,validation,7307,0,Tier A,tier_a_primary,Tier_A_full_context,c08_extreme_compression_stress,flat
2025.07.16 19:35:00,2025-07-16T19:35:00Z,validation,7308,0,Tier A,tier_a_primary,Tier_A_full_context,c08_extreme_compression_stress,flat
2025.07.16 19:40:00,2025-07-16T19:40:00Z,validation,7309,0,Tier A,tier_a_primary,Tier_A_full_context,c08_extreme_compression_stress,flat
2025.07.16 19:45:00,2025-07-16T19:45:00Z,validation,7310,0,Tier A,tier_a_primary,Tier_A_full_context,c08_extreme_compression_stress,flat
2025.07.16 19:50:00,2025-07-16T19:50:00Z,validation,7311,0,Tier A,tier_a_primary,Tier_A_full_context,c08_extreme_compression_stress,flat
2025.07.16 19:55:00,2025-07-16T19:55:00Z,validation,7312,0,Tier A,tier_a_primary,Tier_A_full_context,c08_extreme_compression_stress,flat
2025.07.16 20:05:00,2025-07-16T20:05:00Z,validation,7313,0,Tier A,tier_a_primary,Tier_A_full_context,c08_extreme_compression_stress,flat
2025.07.16 20:10:00,2025-07-16T20:10:00Z,validation,7314,0,Tier A,tier_a_primary,Tier_A_full_context,c08_extreme_compression_stress,flat
2025.07.16 20:20:00,2025-07-16T20:20:00Z,validation,7315,0,Tier A,tier_a_primary,Tier_A_full_context,c08_extreme_compression_stress,flat
2025.07.16 20:25:00,2025-07-16T20:25:00Z,validation,7316,0,Tier A,tier_a_primary,Tier_A_full_context,c08_extreme_compression_stress,flat
2025.07.16 20:30:00,2025-07-16T20:30:00Z,validation,7317,0,Tier A,tier_a_primary,Tier_A_full_context,c08_extreme_compression_stress,flat
2025.07.16 20:35:00,2025-07-16T20:35:00Z,validation,7318,0,Tier A,tier_a_primary,Tier_A_full_context,c08_extreme_compression_stress,flat
2025.07.16 20:40:00,2025-07-16T20:40:00Z,validation,7319,0,Tier A,tier_a_primary,Tier_A_full_context,c08_extreme_compression_stress,flat
2025.07.16 20:45:00,2025-07-16T20:45:00Z,validation,7320,0,Tier A,tier_a_primary,Tier_A_full_context,c08_extreme_compression_stress,flat
2025.07.16 20:50:00,2025-07-16T20:50:00Z,validation,7321,0,Tier A,tier_a_primary,Tier_A_full_context,c08_extreme_compression_stress,flat
2025.07.16 20:55:00,2025-07-16T20:55:00Z,validation,7322,0,Tier A,tier_a_primary,Tier_A_full_context,c08_extreme_compression_stress,flat
2025.07.16 21:05:00,2025-07-16T21:05:00Z,validation,7323,0,Tier A,tier_a_primary,Tier_A_full_context,c08_extreme_compression_stress,flat
2025.07.16 21:10:00,2025-07-16T21:10:00Z,validation,7324,0,Tier A,tier_a_primary,Tier_A_full_context,c08_extreme_compression_stress,flat
2025.07.16 21:15:00,2025-07-16T21:15:00Z,validation,7325,0,Tier A,tier_a_primary,Tier_A_full_context,c08_extreme_compression_stress,flat
2025.07.16 21:20:00,2025-07-16T21:20:00Z,validation,7326,0,Tier A,tier_a_primary,Tier_A_full_context,c08_extreme_compression_stress,flat
2025.07.16 21:25:00,2025-07-16T21:25:00Z,validation,7327,0,Tier A,tier_a_primary,Tier_A_full_context,c08_extreme_compression_stress,flat
2025.07.16 21:35:00,2025-07-16T21:35:00Z,validation,7328,0,Tier A,tier_a_primary,Tier_A_full_context,c08_extreme_compression_stress,flat
2025.07.16 21:45:00,2025-07-16T21:45:00Z,validation,7329,0,Tier A,tier_a_primary,Tier_A_full_context,c08_extreme_compression_stress,flat
2025.07.16 22:00:00,2025-07-16T22:00:00Z,validation,7330,1,Tier A,tier_a_primary,Tier_A_full_context,c08_extreme_compression_stress,long
2025.07.17 16:35:00,2025-07-17T16:35:00Z,validation,7331,0,Tier A,tier_a_primary,Tier_A_full_context,c08_extreme_compression_stress,flat
2025.07.17 16:40:00,2025-07-17T16:40:00Z,validation,7332,0,Tier A,tier_a_primary,Tier_A_full_context,c08_extreme_compression_stress,flat
2025.07.17 16:45:00,2025-07-17T16:45:00Z,validation,7333,0,Tier A,tier_a_primary,Tier_A_full_context,c08_extreme_compression_stress,flat
2025.07.17 16:55:00,2025-07-17T16:55:00Z,validation,7334,0,Tier A,tier_a_primary,Tier_A_full_context,c08_extreme_compression_stress,flat
2025.07.17 17:00:00,2025-07-17T17:00:00Z,validation,7335,0,Tier A,tier_a_primary,Tier_A_full_context,c08_extreme_compression_stress,flat
2025.07.17 17:10:00,2025-07-17T17:10:00Z,validation,7336,0,Tier A,tier_a_primary,Tier_A_full_context,c08_extreme_compression_stress,flat
2025.07.17 17:25:00,2025-07-17T17:25:00Z,validation,7337,0,Tier A,tier_a_primary,Tier_A_full_context,c08_extreme_compression_stress,flat
2025.07.17 17:30:00,2025-07-17T17:30:00Z,validation,7338,0,Tier A,tier_a_primary,Tier_A_full_context,c08_extreme_compression_stress,flat
2025.07.17 17:35:00,2025-07-17T17:35:00Z,validation,7339,0,Tier A,tier_a_primary,Tier_A_full_context,c08_extreme_compression_stress,flat
2025.07.17 17:40:00,2025-07-17T17:40:00Z,validation,7340,0,Tier A,tier_a_primary,Tier_A_full_context,c08_extreme_compression_stress,flat
2025.07.17 17:45:00,2025-07-17T17:45:00Z,validation,7341,0,Tier A,tier_a_primary,Tier_A_full_context,c08_extreme_compression_stress,flat
2025.07.17 17:55:00,2025-07-17T17:55:00Z,validation,7342,0,Tier A,tier_a_primary,Tier_A_full_context,c08_extreme_compression_stress,flat
2025.07.17 18:05:00,2025-07-17T18:05:00Z,validation,7343,0,Tier A,tier_a_primary,Tier_A_full_context,c08_extreme_compression_stress,flat
2025.07.17 18:20:00,2025-07-17T18:20:00Z,validation,7344,0,Tier A,tier_a_primary,Tier_A_full_context,c08_extreme_compression_stress,flat
2025.07.17 19:30:00,2025-07-17T19:30:00Z,validation,7345,-1,Tier A,tier_a_primary,Tier_A_full_context,c08_extreme_compression_stress,short
2025.07.17 19:35:00,2025-07-17T19:35:00Z,validation,7346,0,Tier A,tier_a_primary,Tier_A_full_context,c08_extreme_compression_stress,flat
2025.07.17 19:40:00,2025-07-17T19:40:00Z,validation,7347,-1,Tier A,tier_a_primary,Tier_A_full_context,c08_extreme_compression_stress,short
2025.07.17 20:20:00,2025-07-17T20:20:00Z,validation,7348,0,Tier A,tier_a_primary,Tier_A_full_context,c08_extreme_compression_stress,flat
2025.07.17 20:30:00,2025-07-17T20:30:00Z,validation,7349,0,Tier A,tier_a_primary,Tier_A_full_context,c08_extreme_compression_stress,flat
2025.07.17 20:55:00,2025-07-17T20:55:00Z,validation,7350,0,Tier A,tier_a_primary,Tier_A_full_context,c08_extreme_compression_stress,flat
2025.07.17 21:05:00,2025-07-17T21:05:00Z,validation,7351,-1,Tier A,tier_a_primary,Tier_A_full_context,c08_extreme_compression_stress,short
2025.07.17 21:10:00,2025-07-17T21:10:00Z,validation,7352,0,Tier A,tier_a_primary,Tier_A_full_context,c08_extreme_compression_stress,flat
2025.07.17 21:25:00,2025-07-17T21:25:00Z,validation,7353,0,Tier A,tier_a_primary,Tier_A_full_context,c08_extreme_compression_stress,flat
2025.07.17 21:30:00,2025-07-17T21:30:00Z,validation,7354,0,Tier A,tier_a_primary,Tier_A_full_context,c08_extreme_compression_stress,flat
2025.07.17 22:00:00,2025-07-17T22:00:00Z,validation,7355,0,Tier A,tier_a_primary,Tier_A_full_context,c08_extreme_compression_stress,flat
2025.07.18 16:35:00,2025-07-18T16:35:00Z,validation,7356,-1,Tier A,tier_a_primary,Tier_A_full_context,c08_extreme_compression_stress,short
2025.07.18 16:40:00,2025-07-18T16:40:00Z,validation,7357,0,Tier A,tier_a_primary,Tier_A_full_context,c08_extreme_compression_stress,flat
2025.07.18 16:45:00,2025-07-18T16:45:00Z,validation,7358,0,Tier A,tier_a_primary,Tier_A_full_context,c08_extreme_compression_stress,flat
2025.07.18 16:50:00,2025-07-18T16:50:00Z,validation,7359,0,Tier A,tier_a_primary,Tier_A_full_context,c08_extreme_compression_stress,long
2025.07.18 16:55:00,2025-07-18T16:55:00Z,validation,7360,0,Tier A,tier_a_primary,Tier_A_full_context,c08_extreme_compression_stress,flat
2025.07.18 17:05:00,2025-07-18T17:05:00Z,validation,7361,0,Tier A,tier_a_primary,Tier_A_full_context,c08_extreme_compression_stress,flat
2025.07.18 17:10:00,2025-07-18T17:10:00Z,validation,7362,0,Tier A,tier_a_primary,Tier_A_full_context,c08_extreme_compression_stress,flat
2025.07.18 17:15:00,2025-07-18T17:15:00Z,validation,7363,0,Tier A,tier_a_primary,Tier_A_full_context,c08_extreme_compression_stress,flat
2025.07.18 17:20:00,2025-07-18T17:20:00Z,validation,7364,0,Tier A,tier_a_primary,Tier_A_full_context,c08_extreme_compression_stress,flat
2025.07.18 17:25:00,2025-07-18T17:25:00Z,validation,7365,0,Tier A,tier_a_primary,Tier_A_full_context,c08_extreme_compression_stress,flat
2025.07.18 17:30:00,2025-07-18T17:30:00Z,validation,7366,0,Tier A,tier_a_primary,Tier_A_full_context,c08_extreme_compression_stress,flat
2025.07.18 17:35:00,2025-07-18T17:35:00Z,validation,7367,0,Tier A,tier_a_primary,Tier_A_full_context,c08_extreme_compression_stress,flat
2025.07.18 17:40:00,2025-07-18T17:40:00Z,validation,7368,0,Tier A,tier_a_primary,Tier_A_full_context,c08_extreme_compression_stress,flat
2025.07.18 17:45:00,2025-07-18T17:45:00Z,validation,7369,0,Tier A,tier_a_primary,Tier_A_full_context,c08_extreme_compression_stress,flat
2025.07.18 17:55:00,2025-07-18T17:55:00Z,validation,7370,0,Tier A,tier_a_primary,Tier_A_full_context,c08_extreme_compression_stress,flat
2025.07.18 18:00:00,2025-07-18T18:00:00Z,validation,7371,0,Tier A,tier_a_primary,Tier_A_full_context,c08_extreme_compression_stress,flat
2025.07.18 18:20:00,2025-07-18T18:20:00Z,validation,7372,0,Tier A,tier_a_primary,Tier_A_full_context,c08_extreme_compression_stress,flat
2025.07.18 18:25:00,2025-07-18T18:25:00Z,validation,7373,0,Tier A,tier_a_primary,Tier_A_full_context,c08_extreme_compression_stress,flat
2025.07.18 18:30:00,2025-07-18T18:30:00Z,validation,7374,0,Tier A,tier_a_primary,Tier_A_full_context,c08_extreme_compression_stress,flat
2025.07.18 18:35:00,2025-07-18T18:35:00Z,validation,7375,0,Tier A,tier_a_primary,Tier_A_full_context,c08_extreme_compression_stress,flat
2025.07.18 18:40:00,2025-07-18T18:40:00Z,validation,7376,0,Tier A,tier_a_primary,Tier_A_full_context,c08_extreme_compression_stress,flat
2025.07.18 19:00:00,2025-07-18T19:00:00Z,validation,7377,0,Tier A,tier_a_primary,Tier_A_full_context,c08_extreme_compression_stress,flat
2025.07.18 19:05:00,2025-07-18T19:05:00Z,validation,7378,0,Tier A,tier_a_primary,Tier_A_full_context,c08_extreme_compression_stress,flat
2025.07.18 19:25:00,2025-07-18T19:25:00Z,validation,7379,0,Tier A,tier_a_primary,Tier_A_full_context,c08_extreme_compression_stress,flat
2025.07.18 19:30:00,2025-07-18T19:30:00Z,validation,7380,0,Tier A,tier_a_primary,Tier_A_full_context,c08_extreme_compression_stress,flat
2025.07.18 19:35:00,2025-07-18T19:35:00Z,validation,7381,0,Tier A,tier_a_primary,Tier_A_full_context,c08_extreme_compression_stress,flat
2025.07.18 19:40:00,2025-07-18T19:40:00Z,validation,7382,0,Tier A,tier_a_primary,Tier_A_full_context,c08_extreme_compression_stress,flat
2025.07.18 19:50:00,2025-07-18T19:50:00Z,validation,7383,0,Tier A,tier_a_primary,Tier_A_full_context,c08_extreme_compression_stress,flat
2025.07.18 19:55:00,2025-07-18T19:55:00Z,validation,7384,0,Tier A,tier_a_primary,Tier_A_full_context,c08_extreme_compression_stress,flat
2025.07.18 20:00:00,2025-07-18T20:00:00Z,validation,7385,-1,Tier A,tier_a_primary,Tier_A_full_context,c08_extreme_compression_stress,short
2025.07.18 20:05:00,2025-07-18T20:05:00Z,validation,7386,0,Tier A,tier_a_primary,Tier_A_full_context,c08_extreme_compression_stress,flat
2025.07.18 20:15:00,2025-07-18T20:15:00Z,validation,7387,0,Tier A,tier_a_primary,Tier_A_full_context,c08_extreme_compression_stress,flat
2025.07.18 20:20:00,2025-07-18T20:20:00Z,validation,7388,0,Tier A,tier_a_primary,Tier_A_full_context,c08_extreme_compression_stress,flat
2025.07.18 20:25:00,2025-07-18T20:25:00Z,validation,7389,0,Tier A,tier_a_primary,Tier_A_full_context,c08_extreme_compression_stress,flat
2025.07.18 20:30:00,2025-07-18T20:30:00Z,validation,7390,0,Tier A,tier_a_primary,Tier_A_full_context,c08_extreme_compression_stress,flat
2025.07.18 20:35:00,2025-07-18T20:35:00Z,validation,7391,0,Tier A,tier_a_primary,Tier_A_full_context,c08_extreme_compression_stress,flat
2025.07.18 20:45:00,2025-07-18T20:45:00Z,validation,7392,0,Tier A,tier_a_primary,Tier_A_full_context,c08_extreme_compression_stress,flat
2025.07.18 20:50:00,2025-07-18T20:50:00Z,validation,7393,0,Tier A,tier_a_primary,Tier_A_full_context,c08_extreme_compression_stress,flat
2025.07.18 20:55:00,2025-07-18T20:55:00Z,validation,7394,0,Tier A,tier_a_primary,Tier_A_full_context,c08_extreme_compression_stress,flat
2025.07.18 21:00:00,2025-07-18T21:00:00Z,validation,7395,0,Tier A,tier_a_primary,Tier_A_full_context,c08_extreme_compression_stress,flat
2025.07.18 21:05:00,2025-07-18T21:05:00Z,validation,7396,1,Tier A,tier_a_primary,Tier_A_full_context,c08_extreme_compression_stress,long
2025.07.18 21:10:00,2025-07-18T21:10:00Z,validation,7397,0,Tier A,tier_a_primary,Tier_A_full_context,c08_extreme_compression_stress,flat
2025.07.18 21:25:00,2025-07-18T21:25:00Z,validation,7398,0,Tier A,tier_a_primary,Tier_A_full_context,c08_extreme_compression_stress,flat
2025.07.18 21:30:00,2025-07-18T21:30:00Z,validation,7399,0,Tier A,tier_a_primary,Tier_A_full_context,c08_extreme_compression_stress,flat
2025.07.18 21:35:00,2025-07-18T21:35:00Z,validation,7400,0,Tier A,tier_a_primary,Tier_A_full_context,c08_extreme_compression_stress,flat
2025.07.18 22:00:00,2025-07-18T22:00:00Z,validation,7401,0,Tier A,tier_a_primary,Tier_A_full_context,c08_extreme_compression_stress,flat
2025.07.21 16:35:00,2025-07-21T16:35:00Z,validation,7402,0,Tier A,tier_a_primary,Tier_A_full_context,c08_extreme_compression_stress,long
2025.07.21 16:45:00,2025-07-21T16:45:00Z,validation,7403,0,Tier A,tier_a_primary,Tier_A_full_context,c08_extreme_compression_stress,flat
2025.07.21 16:50:00,2025-07-21T16:50:00Z,validation,7404,0,Tier A,tier_a_primary,Tier_A_full_context,c08_extreme_compression_stress,flat
2025.07.21 17:00:00,2025-07-21T17:00:00Z,validation,7405,0,Tier A,tier_a_primary,Tier_A_full_context,c08_extreme_compression_stress,flat
2025.07.21 17:05:00,2025-07-21T17:05:00Z,validation,7406,0,Tier A,tier_a_primary,Tier_A_full_context,c08_extreme_compression_stress,flat
2025.07.21 17:15:00,2025-07-21T17:15:00Z,validation,7407,0,Tier A,tier_a_primary,Tier_A_full_context,c08_extreme_compression_stress,flat
2025.07.21 17:20:00,2025-07-21T17:20:00Z,validation,7408,0,Tier A,tier_a_primary,Tier_A_full_context,c08_extreme_compression_stress,flat
2025.07.21 17:25:00,2025-07-21T17:25:00Z,validation,7409,0,Tier A,tier_a_primary,Tier_A_full_context,c08_extreme_compression_stress,flat
2025.07.21 17:30:00,2025-07-21T17:30:00Z,validation,7410,0,Tier A,tier_a_primary,Tier_A_full_context,c08_extreme_compression_stress,flat
2025.07.21 17:35:00,2025-07-21T17:35:00Z,validation,7411,0,Tier A,tier_a_primary,Tier_A_full_context,c08_extreme_compression_stress,flat
2025.07.21 17:40:00,2025-07-21T17:40:00Z,validation,7412,0,Tier A,tier_a_primary,Tier_A_full_context,c08_extreme_compression_stress,flat
2025.07.21 17:50:00,2025-07-21T17:50:00Z,validation,7413,0,Tier A,tier_a_primary,Tier_A_full_context,c08_extreme_compression_stress,flat
2025.07.21 18:00:00,2025-07-21T18:00:00Z,validation,7414,0,Tier A,tier_a_primary,Tier_A_full_context,c08_extreme_compression_stress,flat
2025.07.21 18:05:00,2025-07-21T18:05:00Z,validation,7415,0,Tier A,tier_a_primary,Tier_A_full_context,c08_extreme_compression_stress,flat
2025.07.21 18:10:00,2025-07-21T18:10:00Z,validation,7416,0,Tier A,tier_a_primary,Tier_A_full_context,c08_extreme_compression_stress,flat
2025.07.21 18:20:00,2025-07-21T18:20:00Z,validation,7417,0,Tier A,tier_a_primary,Tier_A_full_context,c08_extreme_compression_stress,flat
2025.07.21 18:25:00,2025-07-21T18:25:00Z,validation,7418,0,Tier A,tier_a_primary,Tier_A_full_context,c08_extreme_compression_stress,flat
2025.07.21 19:00:00,2025-07-21T19:00:00Z,validation,7419,0,Tier A,tier_a_primary,Tier_A_full_context,c08_extreme_compression_stress,flat
2025.07.21 19:05:00,2025-07-21T19:05:00Z,validation,7420,0,Tier A,tier_a_primary,Tier_A_full_context,c08_extreme_compression_stress,flat
2025.07.21 19:10:00,2025-07-21T19:10:00Z,validation,7421,0,Tier A,tier_a_primary,Tier_A_full_context,c08_extreme_compression_stress,flat
2025.07.21 19:15:00,2025-07-21T19:15:00Z,validation,7422,0,Tier A,tier_a_primary,Tier_A_full_context,c08_extreme_compression_stress,flat
2025.07.21 19:20:00,2025-07-21T19:20:00Z,validation,7423,0,Tier A,tier_a_primary,Tier_A_full_context,c08_extreme_compression_stress,flat
2025.07.21 19:25:00,2025-07-21T19:25:00Z,validation,7424,0,Tier A,tier_a_primary,Tier_A_full_context,c08_extreme_compression_stress,flat
2025.07.21 19:30:00,2025-07-21T19:30:00Z,validation,7425,0,Tier A,tier_a_primary,Tier_A_full_context,c08_extreme_compression_stress,long
2025.07.21 19:55:00,2025-07-21T19:55:00Z,validation,7426,0,Tier A,tier_a_primary,Tier_A_full_context,c08_extreme_compression_stress,flat
2025.07.21 20:05:00,2025-07-21T20:05:00Z,validation,7427,0,Tier A,tier_a_primary,Tier_A_full_context,c08_extreme_compression_stress,flat
2025.07.21 20:10:00,2025-07-21T20:10:00Z,validation,7428,0,Tier A,tier_a_primary,Tier_A_full_context,c08_extreme_compression_stress,flat
2025.07.21 20:50:00,2025-07-21T20:50:00Z,validation,7429,0,Tier A,tier_a_primary,Tier_A_full_context,c08_extreme_compression_stress,flat
2025.07.21 20:55:00,2025-07-21T20:55:00Z,validation,7430,0,Tier A,tier_a_primary,Tier_A_full_context,c08_extreme_compression_stress,flat
2025.07.21 21:45:00,2025-07-21T21:45:00Z,validation,7431,0,Tier A,tier_a_primary,Tier_A_full_context,c08_extreme_compression_stress,flat
2025.07.21 21:50:00,2025-07-21T21:50:00Z,validation,7432,0,Tier A,tier_a_primary,Tier_A_full_context,c08_extreme_compression_stress,flat
2025.07.21 21:55:00,2025-07-21T21:55:00Z,validation,7433,0,Tier A,tier_a_primary,Tier_A_full_context,c08_extreme_compression_stress,flat
2025.07.21 22:00:00,2025-07-21T22:00:00Z,validation,7434,0,Tier A,tier_a_primary,Tier_A_full_context,c08_extreme_compression_stress,flat
2025.07.22 16:35:00,2025-07-22T16:35:00Z,validation,7435,-1,Tier A,tier_a_primary,Tier_A_full_context,c08_extreme_compression_stress,short
2025.07.22 16:40:00,2025-07-22T16:40:00Z,validation,7436,0,Tier A,tier_a_primary,Tier_A_full_context,c08_extreme_compression_stress,long
2025.07.22 16:45:00,2025-07-22T16:45:00Z,validation,7437,-1,Tier A,tier_a_primary,Tier_A_full_context,c08_extreme_compression_stress,short
2025.07.22 16:50:00,2025-07-22T16:50:00Z,validation,7438,0,Tier A,tier_a_primary,Tier_A_full_context,c08_extreme_compression_stress,flat
2025.07.22 16:55:00,2025-07-22T16:55:00Z,validation,7439,0,Tier A,tier_a_primary,Tier_A_full_context,c08_extreme_compression_stress,flat
2025.07.22 17:00:00,2025-07-22T17:00:00Z,validation,7440,0,Tier A,tier_a_primary,Tier_A_full_context,c08_extreme_compression_stress,flat
2025.07.22 17:05:00,2025-07-22T17:05:00Z,validation,7441,0,Tier A,tier_a_primary,Tier_A_full_context,c08_extreme_compression_stress,flat
2025.07.22 17:10:00,2025-07-22T17:10:00Z,validation,7442,0,Tier A,tier_a_primary,Tier_A_full_context,c08_extreme_compression_stress,flat
2025.07.22 17:15:00,2025-07-22T17:15:00Z,validation,7443,0,Tier A,tier_a_primary,Tier_A_full_context,c08_extreme_compression_stress,flat
2025.07.22 17:20:00,2025-07-22T17:20:00Z,validation,7444,0,Tier A,tier_a_primary,Tier_A_full_context,c08_extreme_compression_stress,flat
2025.07.22 17:25:00,2025-07-22T17:25:00Z,validation,7445,0,Tier A,tier_a_primary,Tier_A_full_context,c08_extreme_compression_stress,flat
2025.07.22 17:30:00,2025-07-22T17:30:00Z,validation,7446,0,Tier A,tier_a_primary,Tier_A_full_context,c08_extreme_compression_stress,flat
2025.07.22 17:35:00,2025-07-22T17:35:00Z,validation,7447,0,Tier A,tier_a_primary,Tier_A_full_context,c08_extreme_compression_stress,flat
2025.07.22 17:40:00,2025-07-22T17:40:00Z,validation,7448,0,Tier A,tier_a_primary,Tier_A_full_context,c08_extreme_compression_stress,flat
2025.07.22 17:45:00,2025-07-22T17:45:00Z,validation,7449,0,Tier A,tier_a_primary,Tier_A_full_context,c08_extreme_compression_stress,flat
2025.07.22 17:50:00,2025-07-22T17:50:00Z,validation,7450,0,Tier A,tier_a_primary,Tier_A_full_context,c08_extreme_compression_stress,flat
2025.07.22 17:55:00,2025-07-22T17:55:00Z,validation,7451,0,Tier A,tier_a_primary,Tier_A_full_context,c08_extreme_compression_stress,flat
2025.07.22 18:00:00,2025-07-22T18:00:00Z,validation,7452,0,Tier A,tier_a_primary,Tier_A_full_context,c08_extreme_compression_stress,flat
2025.07.22 18:05:00,2025-07-22T18:05:00Z,validation,7453,0,Tier A,tier_a_primary,Tier_A_full_context,c08_extreme_compression_stress,flat
2025.07.22 18:10:00,2025-07-22T18:10:00Z,validation,7454,0,Tier A,tier_a_primary,Tier_A_full_context,c08_extreme_compression_stress,flat
2025.07.22 18:15:00,2025-07-22T18:15:00Z,validation,7455,0,Tier A,tier_a_primary,Tier_A_full_context,c08_extreme_compression_stress,flat
2025.07.22 18:20:00,2025-07-22T18:20:00Z,validation,7456,0,Tier A,tier_a_primary,Tier_A_full_context,c08_extreme_compression_stress,flat
2025.07.22 18:30:00,2025-07-22T18:30:00Z,validation,7457,0,Tier A,tier_a_primary,Tier_A_full_context,c08_extreme_compression_stress,flat
2025.07.22 18:35:00,2025-07-22T18:35:00Z,validation,7458,0,Tier A,tier_a_primary,Tier_A_full_context,c08_extreme_compression_stress,flat
2025.07.22 18:40:00,2025-07-22T18:40:00Z,validation,7459,0,Tier A,tier_a_primary,Tier_A_full_context,c08_extreme_compression_stress,flat
2025.07.22 18:45:00,2025-07-22T18:45:00Z,validation,7460,0,Tier A,tier_a_primary,Tier_A_full_context,c08_extreme_compression_stress,flat
2025.07.22 18:50:00,2025-07-22T18:50:00Z,validation,7461,0,Tier A,tier_a_primary,Tier_A_full_context,c08_extreme_compression_stress,flat
2025.07.22 18:55:00,2025-07-22T18:55:00Z,validation,7462,0,Tier A,tier_a_primary,Tier_A_full_context,c08_extreme_compression_stress,flat
2025.07.22 19:00:00,2025-07-22T19:00:00Z,validation,7463,0,Tier A,tier_a_primary,Tier_A_full_context,c08_extreme_compression_stress,flat
2025.07.22 19:05:00,2025-07-22T19:05:00Z,validation,7464,0,Tier A,tier_a_primary,Tier_A_full_context,c08_extreme_compression_stress,flat
2025.07.22 19:10:00,2025-07-22T19:10:00Z,validation,7465,0,Tier A,tier_a_primary,Tier_A_full_context,c08_extreme_compression_stress,flat
2025.07.22 19:20:00,2025-07-22T19:20:00Z,validation,7466,0,Tier A,tier_a_primary,Tier_A_full_context,c08_extreme_compression_stress,flat
2025.07.22 19:25:00,2025-07-22T19:25:00Z,validation,7467,0,Tier A,tier_a_primary,Tier_A_full_context,c08_extreme_compression_stress,flat
2025.07.22 19:30:00,2025-07-22T19:30:00Z,validation,7468,-1,Tier A,tier_a_primary,Tier_A_full_context,c08_extreme_compression_stress,short
2025.07.22 19:35:00,2025-07-22T19:35:00Z,validation,7469,0,Tier A,tier_a_primary,Tier_A_full_context,c08_extreme_compression_stress,flat
2025.07.22 19:40:00,2025-07-22T19:40:00Z,validation,7470,0,Tier A,tier_a_primary,Tier_A_full_context,c08_extreme_compression_stress,flat
2025.07.22 19:45:00,2025-07-22T19:45:00Z,validation,7471,0,Tier A,tier_a_primary,Tier_A_full_context,c08_extreme_compression_stress,flat
2025.07.22 19:50:00,2025-07-22T19:50:00Z,validation,7472,0,Tier A,tier_a_primary,Tier_A_full_context,c08_extreme_compression_stress,flat
2025.07.22 20:05:00,2025-07-22T20:05:00Z,validation,7473,0,Tier A,tier_a_primary,Tier_A_full_context,c08_extreme_compression_stress,flat
2025.07.22 20:20:00,2025-07-22T20:20:00Z,validation,7474,0,Tier A,tier_a_primary,Tier_A_full_context,c08_extreme_compression_stress,flat
2025.07.22 20:25:00,2025-07-22T20:25:00Z,validation,7475,0,Tier A,tier_a_primary,Tier_A_full_context,c08_extreme_compression_stress,flat
2025.07.22 20:45:00,2025-07-22T20:45:00Z,validation,7476,-1,Tier A,tier_a_primary,Tier_A_full_context,c08_extreme_compression_stress,short
2025.07.22 20:50:00,2025-07-22T20:50:00Z,validation,7477,0,Tier A,tier_a_primary,Tier_A_full_context,c08_extreme_compression_stress,flat
2025.07.22 21:05:00,2025-07-22T21:05:00Z,validation,7478,0,Tier A,tier_a_primary,Tier_A_full_context,c08_extreme_compression_stress,flat
2025.07.22 21:10:00,2025-07-22T21:10:00Z,validation,7479,0,Tier A,tier_a_primary,Tier_A_full_context,c08_extreme_compression_stress,flat
2025.07.22 21:20:00,2025-07-22T21:20:00Z,validation,7480,0,Tier A,tier_a_primary,Tier_A_full_context,c08_extreme_compression_stress,flat
2025.07.22 21:25:00,2025-07-22T21:25:00Z,validation,7481,0,Tier A,tier_a_primary,Tier_A_full_context,c08_extreme_compression_stress,flat
2025.07.22 21:35:00,2025-07-22T21:35:00Z,validation,7482,1,Tier A,tier_a_primary,Tier_A_full_context,c08_extreme_compression_stress,long
2025.07.22 22:00:00,2025-07-22T22:00:00Z,validation,7483,0,Tier A,tier_a_primary,Tier_A_full_context,c08_extreme_compression_stress,flat
2025.07.23 16:35:00,2025-07-23T16:35:00Z,validation,7484,-1,Tier A,tier_a_primary,Tier_A_full_context,c08_extreme_compression_stress,short
2025.07.23 16:45:00,2025-07-23T16:45:00Z,validation,7485,-1,Tier A,tier_a_primary,Tier_A_full_context,c08_extreme_compression_stress,short
2025.07.23 16:50:00,2025-07-23T16:50:00Z,validation,7486,0,Tier A,tier_a_primary,Tier_A_full_context,c08_extreme_compression_stress,flat
2025.07.23 16:55:00,2025-07-23T16:55:00Z,validation,7487,0,Tier A,tier_a_primary,Tier_A_full_context,c08_extreme_compression_stress,flat
2025.07.23 17:00:00,2025-07-23T17:00:00Z,validation,7488,0,Tier A,tier_a_primary,Tier_A_full_context,c08_extreme_compression_stress,flat
2025.07.23 17:05:00,2025-07-23T17:05:00Z,validation,7489,0,Tier A,tier_a_primary,Tier_A_full_context,c08_extreme_compression_stress,flat
2025.07.23 17:10:00,2025-07-23T17:10:00Z,validation,7490,0,Tier A,tier_a_primary,Tier_A_full_context,c08_extreme_compression_stress,flat
2025.07.23 17:15:00,2025-07-23T17:15:00Z,validation,7491,0,Tier A,tier_a_primary,Tier_A_full_context,c08_extreme_compression_stress,flat
2025.07.23 17:20:00,2025-07-23T17:20:00Z,validation,7492,0,Tier A,tier_a_primary,Tier_A_full_context,c08_extreme_compression_stress,flat
2025.07.23 17:30:00,2025-07-23T17:30:00Z,validation,7493,0,Tier A,tier_a_primary,Tier_A_full_context,c08_extreme_compression_stress,flat
2025.07.23 17:35:00,2025-07-23T17:35:00Z,validation,7494,0,Tier A,tier_a_primary,Tier_A_full_context,c08_extreme_compression_stress,flat
2025.07.23 17:40:00,2025-07-23T17:40:00Z,validation,7495,0,Tier A,tier_a_primary,Tier_A_full_context,c08_extreme_compression_stress,flat
2025.07.23 17:45:00,2025-07-23T17:45:00Z,validation,7496,0,Tier A,tier_a_primary,Tier_A_full_context,c08_extreme_compression_stress,flat
2025.07.23 17:50:00,2025-07-23T17:50:00Z,validation,7497,0,Tier A,tier_a_primary,Tier_A_full_context,c08_extreme_compression_stress,flat
2025.07.23 17:55:00,2025-07-23T17:55:00Z,validation,7498,0,Tier A,tier_a_primary,Tier_A_full_context,c08_extreme_compression_stress,flat
2025.07.23 18:00:00,2025-07-23T18:00:00Z,validation,7499,0,Tier A,tier_a_primary,Tier_A_full_context,c08_extreme_compression_stress,flat
2025.07.23 18:05:00,2025-07-23T18:05:00Z,validation,7500,0,Tier A,tier_a_primary,Tier_A_full_context,c08_extreme_compression_stress,flat
2025.07.23 18:10:00,2025-07-23T18:10:00Z,validation,7501,0,Tier A,tier_a_primary,Tier_A_full_context,c08_extreme_compression_stress,flat
2025.07.23 18:20:00,2025-07-23T18:20:00Z,validation,7502,0,Tier A,tier_a_primary,Tier_A_full_context,c08_extreme_compression_stress,flat
2025.07.23 18:25:00,2025-07-23T18:25:00Z,validation,7503,0,Tier A,tier_a_primary,Tier_A_full_context,c08_extreme_compression_stress,flat
2025.07.23 18:55:00,2025-07-23T18:55:00Z,validation,7504,0,Tier A,tier_a_primary,Tier_A_full_context,c08_extreme_compression_stress,flat
2025.07.23 19:00:00,2025-07-23T19:00:00Z,validation,7505,0,Tier A,tier_a_primary,Tier_A_full_context,c08_extreme_compression_stress,flat
2025.07.23 19:05:00,2025-07-23T19:05:00Z,validation,7506,0,Tier A,tier_a_primary,Tier_A_full_context,c08_extreme_compression_stress,flat
2025.07.23 19:10:00,2025-07-23T19:10:00Z,validation,7507,0,Tier A,tier_a_primary,Tier_A_full_context,c08_extreme_compression_stress,flat
2025.07.23 19:15:00,2025-07-23T19:15:00Z,validation,7508,0,Tier A,tier_a_primary,Tier_A_full_context,c08_extreme_compression_stress,flat
2025.07.23 19:25:00,2025-07-23T19:25:00Z,validation,7509,0,Tier A,tier_a_primary,Tier_A_full_context,c08_extreme_compression_stress,flat
2025.07.23 19:30:00,2025-07-23T19:30:00Z,validation,7510,0,Tier A,tier_a_primary,Tier_A_full_context,c08_extreme_compression_stress,flat
2025.07.23 19:35:00,2025-07-23T19:35:00Z,validation,7511,0,Tier A,tier_a_primary,Tier_A_full_context,c08_extreme_compression_stress,flat
2025.07.23 19:40:00,2025-07-23T19:40:00Z,validation,7512,0,Tier A,tier_a_primary,Tier_A_full_context,c08_extreme_compression_stress,flat
2025.07.23 19:45:00,2025-07-23T19:45:00Z,validation,7513,0,Tier A,tier_a_primary,Tier_A_full_context,c08_extreme_compression_stress,flat
2025.07.23 19:50:00,2025-07-23T19:50:00Z,validation,7514,0,Tier A,tier_a_primary,Tier_A_full_context,c08_extreme_compression_stress,flat
2025.07.23 20:00:00,2025-07-23T20:00:00Z,validation,7515,0,Tier A,tier_a_primary,Tier_A_full_context,c08_extreme_compression_stress,flat
2025.07.23 20:10:00,2025-07-23T20:10:00Z,validation,7516,0,Tier A,tier_a_primary,Tier_A_full_context,c08_extreme_compression_stress,flat
2025.07.23 20:15:00,2025-07-23T20:15:00Z,validation,7517,0,Tier A,tier_a_primary,Tier_A_full_context,c08_extreme_compression_stress,flat
2025.07.23 20:25:00,2025-07-23T20:25:00Z,validation,7518,0,Tier A,tier_a_primary,Tier_A_full_context,c08_extreme_compression_stress,flat
2025.07.23 20:45:00,2025-07-23T20:45:00Z,validation,7519,0,Tier A,tier_a_primary,Tier_A_full_context,c08_extreme_compression_stress,flat
2025.07.23 20:50:00,2025-07-23T20:50:00Z,validation,7520,0,Tier A,tier_a_primary,Tier_A_full_context,c08_extreme_compression_stress,flat
2025.07.23 20:55:00,2025-07-23T20:55:00Z,validation,7521,-1,Tier A,tier_a_primary,Tier_A_full_context,c08_extreme_compression_stress,short
2025.07.23 21:05:00,2025-07-23T21:05:00Z,validation,7522,0,Tier A,tier_a_primary,Tier_A_full_context,c08_extreme_compression_stress,flat
2025.07.23 21:10:00,2025-07-23T21:10:00Z,validation,7523,0,Tier A,tier_a_primary,Tier_A_full_context,c08_extreme_compression_stress,flat
2025.07.23 21:15:00,2025-07-23T21:15:00Z,validation,7524,1,Tier A,tier_a_primary,Tier_A_full_context,c08_extreme_compression_stress,long
2025.07.23 21:25:00,2025-07-23T21:25:00Z,validation,7525,0,Tier A,tier_a_primary,Tier_A_full_context,c08_extreme_compression_stress,flat
2025.07.23 21:30:00,2025-07-23T21:30:00Z,validation,7526,0,Tier A,tier_a_primary,Tier_A_full_context,c08_extreme_compression_stress,flat
2025.07.23 21:50:00,2025-07-23T21:50:00Z,validation,7527,0,Tier A,tier_a_primary,Tier_A_full_context,c08_extreme_compression_stress,flat
2025.07.23 22:00:00,2025-07-23T22:00:00Z,validation,7528,0,Tier A,tier_a_primary,Tier_A_full_context,c08_extreme_compression_stress,flat
2025.07.24 16:35:00,2025-07-24T16:35:00Z,validation,7529,0,Tier A,tier_a_primary,Tier_A_full_context,c08_extreme_compression_stress,flat
2025.07.24 16:40:00,2025-07-24T16:40:00Z,validation,7530,-1,Tier A,tier_a_primary,Tier_A_full_context,c08_extreme_compression_stress,short
2025.07.24 16:45:00,2025-07-24T16:45:00Z,validation,7531,0,Tier A,tier_a_primary,Tier_A_full_context,c08_extreme_compression_stress,long
2025.07.24 16:50:00,2025-07-24T16:50:00Z,validation,7532,0,Tier A,tier_a_primary,Tier_A_full_context,c08_extreme_compression_stress,long
2025.07.24 16:55:00,2025-07-24T16:55:00Z,validation,7533,0,Tier A,tier_a_primary,Tier_A_full_context,c08_extreme_compression_stress,flat
2025.07.24 17:00:00,2025-07-24T17:00:00Z,validation,7534,0,Tier A,tier_a_primary,Tier_A_full_context,c08_extreme_compression_stress,flat
2025.07.24 17:05:00,2025-07-24T17:05:00Z,validation,7535,0,Tier A,tier_a_primary,Tier_A_full_context,c08_extreme_compression_stress,flat
2025.07.24 17:10:00,2025-07-24T17:10:00Z,validation,7536,0,Tier A,tier_a_primary,Tier_A_full_context,c08_extreme_compression_stress,flat
2025.07.24 17:15:00,2025-07-24T17:15:00Z,validation,7537,0,Tier A,tier_a_primary,Tier_A_full_context,c08_extreme_compression_stress,flat
2025.07.24 17:20:00,2025-07-24T17:20:00Z,validation,7538,0,Tier A,tier_a_primary,Tier_A_full_context,c08_extreme_compression_stress,flat
2025.07.24 17:25:00,2025-07-24T17:25:00Z,validation,7539,0,Tier A,tier_a_primary,Tier_A_full_context,c08_extreme_compression_stress,flat
2025.07.24 17:30:00,2025-07-24T17:30:00Z,validation,7540,0,Tier A,tier_a_primary,Tier_A_full_context,c08_extreme_compression_stress,flat
2025.07.24 17:40:00,2025-07-24T17:40:00Z,validation,7541,0,Tier A,tier_a_primary,Tier_A_full_context,c08_extreme_compression_stress,flat
2025.07.24 17:45:00,2025-07-24T17:45:00Z,validation,7542,0,Tier A,tier_a_primary,Tier_A_full_context,c08_extreme_compression_stress,flat
2025.07.24 17:55:00,2025-07-24T17:55:00Z,validation,7543,0,Tier A,tier_a_primary,Tier_A_full_context,c08_extreme_compression_stress,flat
2025.07.24 18:00:00,2025-07-24T18:00:00Z,validation,7544,0,Tier A,tier_a_primary,Tier_A_full_context,c08_extreme_compression_stress,flat
2025.07.24 18:05:00,2025-07-24T18:05:00Z,validation,7545,0,Tier A,tier_a_primary,Tier_A_full_context,c08_extreme_compression_stress,flat
2025.07.24 18:10:00,2025-07-24T18:10:00Z,validation,7546,0,Tier A,tier_a_primary,Tier_A_full_context,c08_extreme_compression_stress,flat
2025.07.24 18:20:00,2025-07-24T18:20:00Z,validation,7547,0,Tier A,tier_a_primary,Tier_A_full_context,c08_extreme_compression_stress,flat
2025.07.24 18:25:00,2025-07-24T18:25:00Z,validation,7548,0,Tier A,tier_a_primary,Tier_A_full_context,c08_extreme_compression_stress,flat
2025.07.24 18:40:00,2025-07-24T18:40:00Z,validation,7549,0,Tier A,tier_a_primary,Tier_A_full_context,c08_extreme_compression_stress,flat
2025.07.24 18:50:00,2025-07-24T18:50:00Z,validation,7550,0,Tier A,tier_a_primary,Tier_A_full_context,c08_extreme_compression_stress,flat
2025.07.24 18:55:00,2025-07-24T18:55:00Z,validation,7551,0,Tier A,tier_a_primary,Tier_A_full_context,c08_extreme_compression_stress,flat
2025.07.24 19:00:00,2025-07-24T19:00:00Z,validation,7552,0,Tier A,tier_a_primary,Tier_A_full_context,c08_extreme_compression_stress,flat
2025.07.24 19:05:00,2025-07-24T19:05:00Z,validation,7553,0,Tier A,tier_a_primary,Tier_A_full_context,c08_extreme_compression_stress,flat
2025.07.24 19:15:00,2025-07-24T19:15:00Z,validation,7554,0,Tier A,tier_a_primary,Tier_A_full_context,c08_extreme_compression_stress,flat
2025.07.24 19:30:00,2025-07-24T19:30:00Z,validation,7555,0,Tier A,tier_a_primary,Tier_A_full_context,c08_extreme_compression_stress,flat
2025.07.24 19:35:00,2025-07-24T19:35:00Z,validation,7556,0,Tier A,tier_a_primary,Tier_A_full_context,c08_extreme_compression_stress,flat
2025.07.24 19:40:00,2025-07-24T19:40:00Z,validation,7557,0,Tier A,tier_a_primary,Tier_A_full_context,c08_extreme_compression_stress,flat
2025.07.24 19:45:00,2025-07-24T19:45:00Z,validation,7558,0,Tier A,tier_a_primary,Tier_A_full_context,c08_extreme_compression_stress,flat
2025.07.24 19:50:00,2025-07-24T19:50:00Z,validation,7559,0,Tier A,tier_a_primary,Tier_A_full_context,c08_extreme_compression_stress,flat
2025.07.24 19:55:00,2025-07-24T19:55:00Z,validation,7560,0,Tier A,tier_a_primary,Tier_A_full_context,c08_extreme_compression_stress,flat
2025.07.24 20:00:00,2025-07-24T20:00:00Z,validation,7561,0,Tier A,tier_a_primary,Tier_A_full_context,c08_extreme_compression_stress,flat
2025.07.24 20:05:00,2025-07-24T20:05:00Z,validation,7562,0,Tier A,tier_a_primary,Tier_A_full_context,c08_extreme_compression_stress,flat
2025.07.24 20:10:00,2025-07-24T20:10:00Z,validation,7563,0,Tier A,tier_a_primary,Tier_A_full_context,c08_extreme_compression_stress,flat
2025.07.24 20:15:00,2025-07-24T20:15:00Z,validation,7564,0,Tier A,tier_a_primary,Tier_A_full_context,c08_extreme_compression_stress,flat
2025.07.24 20:20:00,2025-07-24T20:20:00Z,validation,7565,0,Tier A,tier_a_primary,Tier_A_full_context,c08_extreme_compression_stress,flat
2025.07.24 20:25:00,2025-07-24T20:25:00Z,validation,7566,0,Tier A,tier_a_primary,Tier_A_full_context,c08_extreme_compression_stress,flat
2025.07.24 20:55:00,2025-07-24T20:55:00Z,validation,7567,0,Tier A,tier_a_primary,Tier_A_full_context,c08_extreme_compression_stress,flat
2025.07.24 21:00:00,2025-07-24T21:00:00Z,validation,7568,0,Tier A,tier_a_primary,Tier_A_full_context,c08_extreme_compression_stress,flat
2025.07.24 21:10:00,2025-07-24T21:10:00Z,validation,7569,0,Tier A,tier_a_primary,Tier_A_full_context,c08_extreme_compression_stress,flat
2025.07.24 21:15:00,2025-07-24T21:15:00Z,validation,7570,0,Tier A,tier_a_primary,Tier_A_full_context,c08_extreme_compression_stress,flat
2025.07.24 21:20:00,2025-07-24T21:20:00Z,validation,7571,0,Tier A,tier_a_primary,Tier_A_full_context,c08_extreme_compression_stress,flat
2025.07.24 21:25:00,2025-07-24T21:25:00Z,validation,7572,0,Tier A,tier_a_primary,Tier_A_full_context,c08_extreme_compression_stress,flat
2025.07.24 21:30:00,2025-07-24T21:30:00Z,validation,7573,0,Tier A,tier_a_primary,Tier_A_full_context,c08_extreme_compression_stress,flat
2025.07.24 21:35:00,2025-07-24T21:35:00Z,validation,7574,0,Tier A,tier_a_primary,Tier_A_full_context,c08_extreme_compression_stress,flat
2025.07.24 21:50:00,2025-07-24T21:50:00Z,validation,7575,0,Tier A,tier_a_primary,Tier_A_full_context,c08_extreme_compression_stress,flat
2025.07.24 22:00:00,2025-07-24T22:00:00Z,validation,7576,0,Tier A,tier_a_primary,Tier_A_full_context,c08_extreme_compression_stress,flat
2025.07.25 16:35:00,2025-07-25T16:35:00Z,validation,7577,0,Tier A,tier_a_primary,Tier_A_full_context,c08_extreme_compression_stress,flat
2025.07.25 16:40:00,2025-07-25T16:40:00Z,validation,7578,-1,Tier A,tier_a_primary,Tier_A_full_context,c08_extreme_compression_stress,short
2025.07.25 16:45:00,2025-07-25T16:45:00Z,validation,7579,0,Tier A,tier_a_primary,Tier_A_full_context,c08_extreme_compression_stress,long
2025.07.25 16:50:00,2025-07-25T16:50:00Z,validation,7580,0,Tier A,tier_a_primary,Tier_A_full_context,c08_extreme_compression_stress,long
2025.07.25 16:55:00,2025-07-25T16:55:00Z,validation,7581,0,Tier A,tier_a_primary,Tier_A_full_context,c08_extreme_compression_stress,flat
2025.07.25 17:00:00,2025-07-25T17:00:00Z,validation,7582,0,Tier A,tier_a_primary,Tier_A_full_context,c08_extreme_compression_stress,flat
2025.07.25 17:05:00,2025-07-25T17:05:00Z,validation,7583,0,Tier A,tier_a_primary,Tier_A_full_context,c08_extreme_compression_stress,flat
2025.07.25 17:10:00,2025-07-25T17:10:00Z,validation,7584,0,Tier A,tier_a_primary,Tier_A_full_context,c08_extreme_compression_stress,long
2025.07.25 17:15:00,2025-07-25T17:15:00Z,validation,7585,0,Tier A,tier_a_primary,Tier_A_full_context,c08_extreme_compression_stress,flat
2025.07.25 17:35:00,2025-07-25T17:35:00Z,validation,7586,0,Tier A,tier_a_primary,Tier_A_full_context,c08_extreme_compression_stress,flat
2025.07.25 17:40:00,2025-07-25T17:40:00Z,validation,7587,0,Tier A,tier_a_primary,Tier_A_full_context,c08_extreme_compression_stress,flat
2025.07.25 17:45:00,2025-07-25T17:45:00Z,validation,7588,0,Tier A,tier_a_primary,Tier_A_full_context,c08_extreme_compression_stress,flat
2025.07.25 18:00:00,2025-07-25T18:00:00Z,validation,7589,0,Tier A,tier_a_primary,Tier_A_full_context,c08_extreme_compression_stress,flat
2025.07.25 18:15:00,2025-07-25T18:15:00Z,validation,7590,0,Tier A,tier_a_primary,Tier_A_full_context,c08_extreme_compression_stress,flat
2025.07.25 18:25:00,2025-07-25T18:25:00Z,validation,7591,0,Tier A,tier_a_primary,Tier_A_full_context,c08_extreme_compression_stress,flat
2025.07.25 18:30:00,2025-07-25T18:30:00Z,validation,7592,0,Tier A,tier_a_primary,Tier_A_full_context,c08_extreme_compression_stress,flat
2025.07.25 18:40:00,2025-07-25T18:40:00Z,validation,7593,0,Tier A,tier_a_primary,Tier_A_full_context,c08_extreme_compression_stress,flat
2025.07.25 18:50:00,2025-07-25T18:50:00Z,validation,7594,0,Tier A,tier_a_primary,Tier_A_full_context,c08_extreme_compression_stress,long
2025.07.25 19:15:00,2025-07-25T19:15:00Z,validation,7595,0,Tier A,tier_a_primary,Tier_A_full_context,c08_extreme_compression_stress,flat
2025.07.25 19:25:00,2025-07-25T19:25:00Z,validation,7596,0,Tier A,tier_a_primary,Tier_A_full_context,c08_extreme_compression_stress,flat
2025.07.25 20:05:00,2025-07-25T20:05:00Z,validation,7597,0,Tier A,tier_a_primary,Tier_A_full_context,c08_extreme_compression_stress,flat
2025.07.25 20:15:00,2025-07-25T20:15:00Z,validation,7598,0,Tier A,tier_a_primary,Tier_A_full_context,c08_extreme_compression_stress,flat
2025.07.25 20:20:00,2025-07-25T20:20:00Z,validation,7599,0,Tier A,tier_a_primary,Tier_A_full_context,c08_extreme_compression_stress,flat
2025.07.25 20:35:00,2025-07-25T20:35:00Z,validation,7600,0,Tier A,tier_a_primary,Tier_A_full_context,c08_extreme_compression_stress,flat
2025.07.25 21:50:00,2025-07-25T21:50:00Z,validation,7601,0,Tier A,tier_a_primary,Tier_A_full_context,c08_extreme_compression_stress,flat
2025.07.25 22:00:00,2025-07-25T22:00:00Z,validation,7602,0,Tier A,tier_a_primary,Tier_A_full_context,c08_extreme_compression_stress,flat
2025.07.28 16:35:00,2025-07-28T16:35:00Z,validation,7603,0,Tier A,tier_a_primary,Tier_A_full_context,c08_extreme_compression_stress,long
2025.07.28 16:40:00,2025-07-28T16:40:00Z,validation,7604,0,Tier A,tier_a_primary,Tier_A_full_context,c08_extreme_compression_stress,flat
2025.07.28 16:45:00,2025-07-28T16:45:00Z,validation,7605,0,Tier A,tier_a_primary,Tier_A_full_context,c08_extreme_compression_stress,flat
2025.07.28 16:50:00,2025-07-28T16:50:00Z,validation,7606,0,Tier A,tier_a_primary,Tier_A_full_context,c08_extreme_compression_stress,flat
2025.07.28 16:55:00,2025-07-28T16:55:00Z,validation,7607,0,Tier A,tier_a_primary,Tier_A_full_context,c08_extreme_compression_stress,flat
2025.07.28 17:00:00,2025-07-28T17:00:00Z,validation,7608,0,Tier A,tier_a_primary,Tier_A_full_context,c08_extreme_compression_stress,flat
2025.07.28 17:05:00,2025-07-28T17:05:00Z,validation,7609,0,Tier A,tier_a_primary,Tier_A_full_context,c08_extreme_compression_stress,flat
2025.07.28 17:10:00,2025-07-28T17:10:00Z,validation,7610,0,Tier A,tier_a_primary,Tier_A_full_context,c08_extreme_compression_stress,flat
2025.07.28 17:15:00,2025-07-28T17:15:00Z,validation,7611,0,Tier A,tier_a_primary,Tier_A_full_context,c08_extreme_compression_stress,flat
2025.07.28 17:20:00,2025-07-28T17:20:00Z,validation,7612,0,Tier A,tier_a_primary,Tier_A_full_context,c08_extreme_compression_stress,flat
2025.07.28 17:25:00,2025-07-28T17:25:00Z,validation,7613,0,Tier A,tier_a_primary,Tier_A_full_context,c08_extreme_compression_stress,flat
2025.07.28 17:35:00,2025-07-28T17:35:00Z,validation,7614,0,Tier A,tier_a_primary,Tier_A_full_context,c08_extreme_compression_stress,flat
2025.07.28 17:40:00,2025-07-28T17:40:00Z,validation,7615,0,Tier A,tier_a_primary,Tier_A_full_context,c08_extreme_compression_stress,flat
2025.07.28 17:45:00,2025-07-28T17:45:00Z,validation,7616,0,Tier A,tier_a_primary,Tier_A_full_context,c08_extreme_compression_stress,flat
2025.07.28 18:00:00,2025-07-28T18:00:00Z,validation,7617,0,Tier A,tier_a_primary,Tier_A_full_context,c08_extreme_compression_stress,flat
2025.07.28 18:10:00,2025-07-28T18:10:00Z,validation,7618,0,Tier A,tier_a_primary,Tier_A_full_context,c08_extreme_compression_stress,flat
2025.07.28 18:20:00,2025-07-28T18:20:00Z,validation,7619,0,Tier A,tier_a_primary,Tier_A_full_context,c08_extreme_compression_stress,flat
2025.07.28 18:25:00,2025-07-28T18:25:00Z,validation,7620,0,Tier A,tier_a_primary,Tier_A_full_context,c08_extreme_compression_stress,long
2025.07.28 18:30:00,2025-07-28T18:30:00Z,validation,7621,0,Tier A,tier_a_primary,Tier_A_full_context,c08_extreme_compression_stress,long
2025.07.28 18:35:00,2025-07-28T18:35:00Z,validation,7622,0,Tier A,tier_a_primary,Tier_A_full_context,c08_extreme_compression_stress,flat
2025.07.28 18:55:00,2025-07-28T18:55:00Z,validation,7623,0,Tier A,tier_a_primary,Tier_A_full_context,c08_extreme_compression_stress,flat
2025.07.28 19:00:00,2025-07-28T19:00:00Z,validation,7624,0,Tier A,tier_a_primary,Tier_A_full_context,c08_extreme_compression_stress,flat
2025.07.28 19:05:00,2025-07-28T19:05:00Z,validation,7625,0,Tier A,tier_a_primary,Tier_A_full_context,c08_extreme_compression_stress,flat
2025.07.28 19:25:00,2025-07-28T19:25:00Z,validation,7626,0,Tier A,tier_a_primary,Tier_A_full_context,c08_extreme_compression_stress,flat
2025.07.28 19:50:00,2025-07-28T19:50:00Z,validation,7627,0,Tier A,tier_a_primary,Tier_A_full_context,c08_extreme_compression_stress,flat
2025.07.28 20:20:00,2025-07-28T20:20:00Z,validation,7628,-1,Tier A,tier_a_primary,Tier_A_full_context,c08_extreme_compression_stress,short
2025.07.28 20:30:00,2025-07-28T20:30:00Z,validation,7629,0,Tier A,tier_a_primary,Tier_A_full_context,c08_extreme_compression_stress,flat
2025.07.28 20:35:00,2025-07-28T20:35:00Z,validation,7630,1,Tier A,tier_a_primary,Tier_A_full_context,c08_extreme_compression_stress,long
2025.07.28 20:40:00,2025-07-28T20:40:00Z,validation,7631,0,Tier A,tier_a_primary,Tier_A_full_context,c08_extreme_compression_stress,flat
2025.07.28 20:50:00,2025-07-28T20:50:00Z,validation,7632,-1,Tier A,tier_a_primary,Tier_A_full_context,c08_extreme_compression_stress,short
2025.07.28 21:00:00,2025-07-28T21:00:00Z,validation,7633,0,Tier A,tier_a_primary,Tier_A_full_context,c08_extreme_compression_stress,flat
2025.07.28 21:05:00,2025-07-28T21:05:00Z,validation,7634,0,Tier A,tier_a_primary,Tier_A_full_context,c08_extreme_compression_stress,flat
2025.07.28 21:10:00,2025-07-28T21:10:00Z,validation,7635,0,Tier A,tier_a_primary,Tier_A_full_context,c08_extreme_compression_stress,flat
2025.07.28 21:15:00,2025-07-28T21:15:00Z,validation,7636,0,Tier A,tier_a_primary,Tier_A_full_context,c08_extreme_compression_stress,flat
2025.07.28 21:45:00,2025-07-28T21:45:00Z,validation,7637,0,Tier A,tier_a_primary,Tier_A_full_context,c08_extreme_compression_stress,flat
2025.07.28 21:50:00,2025-07-28T21:50:00Z,validation,7638,0,Tier A,tier_a_primary,Tier_A_full_context,c08_extreme_compression_stress,flat
2025.07.28 22:00:00,2025-07-28T22:00:00Z,validation,7639,0,Tier A,tier_a_primary,Tier_A_full_context,c08_extreme_compression_stress,flat
2025.07.29 16:35:00,2025-07-29T16:35:00Z,validation,7640,0,Tier A,tier_a_primary,Tier_A_full_context,c08_extreme_compression_stress,long
2025.07.29 16:40:00,2025-07-29T16:40:00Z,validation,7641,0,Tier A,tier_a_primary,Tier_A_full_context,c08_extreme_compression_stress,long
2025.07.29 16:50:00,2025-07-29T16:50:00Z,validation,7642,0,Tier A,tier_a_primary,Tier_A_full_context,c08_extreme_compression_stress,flat
2025.07.29 16:55:00,2025-07-29T16:55:00Z,validation,7643,0,Tier A,tier_a_primary,Tier_A_full_context,c08_extreme_compression_stress,flat
2025.07.29 17:00:00,2025-07-29T17:00:00Z,validation,7644,0,Tier A,tier_a_primary,Tier_A_full_context,c08_extreme_compression_stress,flat
2025.07.29 17:05:00,2025-07-29T17:05:00Z,validation,7645,0,Tier A,tier_a_primary,Tier_A_full_context,c08_extreme_compression_stress,flat
2025.07.29 17:10:00,2025-07-29T17:10:00Z,validation,7646,0,Tier A,tier_a_primary,Tier_A_full_context,c08_extreme_compression_stress,flat
2025.07.29 17:15:00,2025-07-29T17:15:00Z,validation,7647,0,Tier A,tier_a_primary,Tier_A_full_context,c08_extreme_compression_stress,flat
2025.07.29 17:20:00,2025-07-29T17:20:00Z,validation,7648,0,Tier A,tier_a_primary,Tier_A_full_context,c08_extreme_compression_stress,flat
2025.07.29 17:25:00,2025-07-29T17:25:00Z,validation,7649,0,Tier A,tier_a_primary,Tier_A_full_context,c08_extreme_compression_stress,flat
2025.07.29 17:30:00,2025-07-29T17:30:00Z,validation,7650,0,Tier A,tier_a_primary,Tier_A_full_context,c08_extreme_compression_stress,flat
2025.07.29 17:35:00,2025-07-29T17:35:00Z,validation,7651,0,Tier A,tier_a_primary,Tier_A_full_context,c08_extreme_compression_stress,flat
2025.07.29 17:40:00,2025-07-29T17:40:00Z,validation,7652,0,Tier A,tier_a_primary,Tier_A_full_context,c08_extreme_compression_stress,flat
2025.07.29 17:45:00,2025-07-29T17:45:00Z,validation,7653,0,Tier A,tier_a_primary,Tier_A_full_context,c08_extreme_compression_stress,flat
2025.07.29 17:50:00,2025-07-29T17:50:00Z,validation,7654,0,Tier A,tier_a_primary,Tier_A_full_context,c08_extreme_compression_stress,flat
2025.07.29 17:55:00,2025-07-29T17:55:00Z,validation,7655,0,Tier A,tier_a_primary,Tier_A_full_context,c08_extreme_compression_stress,flat
2025.07.29 18:00:00,2025-07-29T18:00:00Z,validation,7656,0,Tier A,tier_a_primary,Tier_A_full_context,c08_extreme_compression_stress,flat
2025.07.29 18:05:00,2025-07-29T18:05:00Z,validation,7657,0,Tier A,tier_a_primary,Tier_A_full_context,c08_extreme_compression_stress,flat
2025.07.29 18:10:00,2025-07-29T18:10:00Z,validation,7658,0,Tier A,tier_a_primary,Tier_A_full_context,c08_extreme_compression_stress,flat
2025.07.29 18:15:00,2025-07-29T18:15:00Z,validation,7659,0,Tier A,tier_a_primary,Tier_A_full_context,c08_extreme_compression_stress,flat
2025.07.29 18:20:00,2025-07-29T18:20:00Z,validation,7660,0,Tier A,tier_a_primary,Tier_A_full_context,c08_extreme_compression_stress,flat
2025.07.29 18:25:00,2025-07-29T18:25:00Z,validation,7661,0,Tier A,tier_a_primary,Tier_A_full_context,c08_extreme_compression_stress,flat
2025.07.29 18:30:00,2025-07-29T18:30:00Z,validation,7662,0,Tier A,tier_a_primary,Tier_A_full_context,c08_extreme_compression_stress,flat
2025.07.29 18:35:00,2025-07-29T18:35:00Z,validation,7663,0,Tier A,tier_a_primary,Tier_A_full_context,c08_extreme_compression_stress,flat
2025.07.29 18:40:00,2025-07-29T18:40:00Z,validation,7664,0,Tier A,tier_a_primary,Tier_A_full_context,c08_extreme_compression_stress,flat
2025.07.29 18:45:00,2025-07-29T18:45:00Z,validation,7665,0,Tier A,tier_a_primary,Tier_A_full_context,c08_extreme_compression_stress,flat
2025.07.29 18:50:00,2025-07-29T18:50:00Z,validation,7666,0,Tier A,tier_a_primary,Tier_A_full_context,c08_extreme_compression_stress,flat
2025.07.29 18:55:00,2025-07-29T18:55:00Z,validation,7667,0,Tier A,tier_a_primary,Tier_A_full_context,c08_extreme_compression_stress,flat
2025.07.29 19:00:00,2025-07-29T19:00:00Z,validation,7668,0,Tier A,tier_a_primary,Tier_A_full_context,c08_extreme_compression_stress,flat
2025.07.29 19:05:00,2025-07-29T19:05:00Z,validation,7669,0,Tier A,tier_a_primary,Tier_A_full_context,c08_extreme_compression_stress,flat
2025.07.29 19:10:00,2025-07-29T19:10:00Z,validation,7670,0,Tier A,tier_a_primary,Tier_A_full_context,c08_extreme_compression_stress,flat
2025.07.29 19:15:00,2025-07-29T19:15:00Z,validation,7671,0,Tier A,tier_a_primary,Tier_A_full_context,c08_extreme_compression_stress,flat
2025.07.29 19:20:00,2025-07-29T19:20:00Z,validation,7672,0,Tier A,tier_a_primary,Tier_A_full_context,c08_extreme_compression_stress,flat
2025.07.29 19:25:00,2025-07-29T19:25:00Z,validation,7673,0,Tier A,tier_a_primary,Tier_A_full_context,c08_extreme_compression_stress,flat
2025.07.29 19:30:00,2025-07-29T19:30:00Z,validation,7674,0,Tier A,tier_a_primary,Tier_A_full_context,c08_extreme_compression_stress,flat
2025.07.29 19:35:00,2025-07-29T19:35:00Z,validation,7675,0,Tier A,tier_a_primary,Tier_A_full_context,c08_extreme_compression_stress,flat
2025.07.29 19:40:00,2025-07-29T19:40:00Z,validation,7676,0,Tier A,tier_a_primary,Tier_A_full_context,c08_extreme_compression_stress,flat
2025.07.29 19:45:00,2025-07-29T19:45:00Z,validation,7677,0,Tier A,tier_a_primary,Tier_A_full_context,c08_extreme_compression_stress,flat
2025.07.29 19:50:00,2025-07-29T19:50:00Z,validation,7678,0,Tier A,tier_a_primary,Tier_A_full_context,c08_extreme_compression_stress,flat
2025.07.29 19:55:00,2025-07-29T19:55:00Z,validation,7679,0,Tier A,tier_a_primary,Tier_A_full_context,c08_extreme_compression_stress,flat
2025.07.29 20:00:00,2025-07-29T20:00:00Z,validation,7680,0,Tier A,tier_a_primary,Tier_A_full_context,c08_extreme_compression_stress,flat
2025.07.29 20:05:00,2025-07-29T20:05:00Z,validation,7681,0,Tier A,tier_a_primary,Tier_A_full_context,c08_extreme_compression_stress,flat
2025.07.29 20:10:00,2025-07-29T20:10:00Z,validation,7682,0,Tier A,tier_a_primary,Tier_A_full_context,c08_extreme_compression_stress,flat
2025.07.29 20:15:00,2025-07-29T20:15:00Z,validation,7683,0,Tier A,tier_a_primary,Tier_A_full_context,c08_extreme_compression_stress,flat
2025.07.29 20:20:00,2025-07-29T20:20:00Z,validation,7684,0,Tier A,tier_a_primary,Tier_A_full_context,c08_extreme_compression_stress,flat
2025.07.29 20:25:00,2025-07-29T20:25:00Z,validation,7685,0,Tier A,tier_a_primary,Tier_A_full_context,c08_extreme_compression_stress,flat
2025.07.29 20:30:00,2025-07-29T20:30:00Z,validation,7686,0,Tier A,tier_a_primary,Tier_A_full_context,c08_extreme_compression_stress,flat
2025.07.29 20:35:00,2025-07-29T20:35:00Z,validation,7687,0,Tier A,tier_a_primary,Tier_A_full_context,c08_extreme_compression_stress,flat
2025.07.29 20:40:00,2025-07-29T20:40:00Z,validation,7688,0,Tier A,tier_a_primary,Tier_A_full_context,c08_extreme_compression_stress,flat
2025.07.29 20:45:00,2025-07-29T20:45:00Z,validation,7689,0,Tier A,tier_a_primary,Tier_A_full_context,c08_extreme_compression_stress,flat
2025.07.29 20:50:00,2025-07-29T20:50:00Z,validation,7690,0,Tier A,tier_a_primary,Tier_A_full_context,c08_extreme_compression_stress,flat
2025.07.29 20:55:00,2025-07-29T20:55:00Z,validation,7691,0,Tier A,tier_a_primary,Tier_A_full_context,c08_extreme_compression_stress,flat
2025.07.29 21:00:00,2025-07-29T21:00:00Z,validation,7692,1,Tier A,tier_a_primary,Tier_A_full_context,c08_extreme_compression_stress,long
2025.07.29 21:05:00,2025-07-29T21:05:00Z,validation,7693,0,Tier A,tier_a_primary,Tier_A_full_context,c08_extreme_compression_stress,flat
2025.07.29 21:10:00,2025-07-29T21:10:00Z,validation,7694,0,Tier A,tier_a_primary,Tier_A_full_context,c08_extreme_compression_stress,flat
2025.07.29 21:20:00,2025-07-29T21:20:00Z,validation,7695,0,Tier A,tier_a_primary,Tier_A_full_context,c08_extreme_compression_stress,flat
2025.07.29 21:25:00,2025-07-29T21:25:00Z,validation,7696,0,Tier A,tier_a_primary,Tier_A_full_context,c08_extreme_compression_stress,flat
2025.07.29 21:45:00,2025-07-29T21:45:00Z,validation,7697,0,Tier A,tier_a_primary,Tier_A_full_context,c08_extreme_compression_stress,flat
2025.07.29 21:50:00,2025-07-29T21:50:00Z,validation,7698,0,Tier A,tier_a_primary,Tier_A_full_context,c08_extreme_compression_stress,flat
2025.07.29 21:55:00,2025-07-29T21:55:00Z,validation,7699,0,Tier A,tier_a_primary,Tier_A_full_context,c08_extreme_compression_stress,flat
2025.07.29 22:00:00,2025-07-29T22:00:00Z,validation,7700,0,Tier A,tier_a_primary,Tier_A_full_context,c08_extreme_compression_stress,flat
2025.07.30 16:35:00,2025-07-30T16:35:00Z,validation,7701,0,Tier A,tier_a_primary,Tier_A_full_context,c08_extreme_compression_stress,flat
2025.07.30 16:40:00,2025-07-30T16:40:00Z,validation,7702,0,Tier A,tier_a_primary,Tier_A_full_context,c08_extreme_compression_stress,flat
2025.07.30 16:45:00,2025-07-30T16:45:00Z,validation,7703,0,Tier A,tier_a_primary,Tier_A_full_context,c08_extreme_compression_stress,flat
2025.07.30 16:50:00,2025-07-30T16:50:00Z,validation,7704,-1,Tier A,tier_a_primary,Tier_A_full_context,c08_extreme_compression_stress,short
2025.07.30 16:55:00,2025-07-30T16:55:00Z,validation,7705,0,Tier A,tier_a_primary,Tier_A_full_context,c08_extreme_compression_stress,flat
2025.07.30 17:00:00,2025-07-30T17:00:00Z,validation,7706,0,Tier A,tier_a_primary,Tier_A_full_context,c08_extreme_compression_stress,flat
2025.07.30 17:05:00,2025-07-30T17:05:00Z,validation,7707,0,Tier A,tier_a_primary,Tier_A_full_context,c08_extreme_compression_stress,flat
2025.07.30 17:10:00,2025-07-30T17:10:00Z,validation,7708,0,Tier A,tier_a_primary,Tier_A_full_context,c08_extreme_compression_stress,flat
2025.07.30 17:15:00,2025-07-30T17:15:00Z,validation,7709,0,Tier A,tier_a_primary,Tier_A_full_context,c08_extreme_compression_stress,flat
2025.07.30 17:25:00,2025-07-30T17:25:00Z,validation,7710,0,Tier A,tier_a_primary,Tier_A_full_context,c08_extreme_compression_stress,long
2025.07.30 17:30:00,2025-07-30T17:30:00Z,validation,7711,-1,Tier A,tier_a_primary,Tier_A_full_context,c08_extreme_compression_stress,short
2025.07.30 17:35:00,2025-07-30T17:35:00Z,validation,7712,0,Tier A,tier_a_primary,Tier_A_full_context,c08_extreme_compression_stress,long
2025.07.30 17:40:00,2025-07-30T17:40:00Z,validation,7713,0,Tier A,tier_a_primary,Tier_A_full_context,c08_extreme_compression_stress,flat
2025.07.30 17:45:00,2025-07-30T17:45:00Z,validation,7714,0,Tier A,tier_a_primary,Tier_A_full_context,c08_extreme_compression_stress,flat
2025.07.30 17:50:00,2025-07-30T17:50:00Z,validation,7715,0,Tier A,tier_a_primary,Tier_A_full_context,c08_extreme_compression_stress,flat
2025.07.30 17:55:00,2025-07-30T17:55:00Z,validation,7716,0,Tier A,tier_a_primary,Tier_A_full_context,c08_extreme_compression_stress,flat
2025.07.30 18:00:00,2025-07-30T18:00:00Z,validation,7717,0,Tier A,tier_a_primary,Tier_A_full_context,c08_extreme_compression_stress,flat
2025.07.30 18:05:00,2025-07-30T18:05:00Z,validation,7718,0,Tier A,tier_a_primary,Tier_A_full_context,c08_extreme_compression_stress,flat
2025.07.30 18:10:00,2025-07-30T18:10:00Z,validation,7719,0,Tier A,tier_a_primary,Tier_A_full_context,c08_extreme_compression_stress,flat
2025.07.30 18:15:00,2025-07-30T18:15:00Z,validation,7720,0,Tier A,tier_a_primary,Tier_A_full_context,c08_extreme_compression_stress,flat
2025.07.30 18:20:00,2025-07-30T18:20:00Z,validation,7721,0,Tier A,tier_a_primary,Tier_A_full_context,c08_extreme_compression_stress,flat
2025.07.30 18:25:00,2025-07-30T18:25:00Z,validation,7722,0,Tier A,tier_a_primary,Tier_A_full_context,c08_extreme_compression_stress,long
2025.07.30 18:30:00,2025-07-30T18:30:00Z,validation,7723,-1,Tier A,tier_a_primary,Tier_A_full_context,c08_extreme_compression_stress,short
2025.07.30 18:35:00,2025-07-30T18:35:00Z,validation,7724,0,Tier A,tier_a_primary,Tier_A_full_context,c08_extreme_compression_stress,flat
2025.07.30 18:40:00,2025-07-30T18:40:00Z,validation,7725,0,Tier A,tier_a_primary,Tier_A_full_context,c08_extreme_compression_stress,flat
2025.07.30 18:45:00,2025-07-30T18:45:00Z,validation,7726,0,Tier A,tier_a_primary,Tier_A_full_context,c08_extreme_compression_stress,flat
2025.07.30 18:50:00,2025-07-30T18:50:00Z,validation,7727,0,Tier A,tier_a_primary,Tier_A_full_context,c08_extreme_compression_stress,flat
2025.07.30 18:55:00,2025-07-30T18:55:00Z,validation,7728,0,Tier A,tier_a_primary,Tier_A_full_context,c08_extreme_compression_stress,flat
2025.07.30 19:00:00,2025-07-30T19:00:00Z,validation,7729,0,Tier A,tier_a_primary,Tier_A_full_context,c08_extreme_compression_stress,flat
2025.07.30 19:05:00,2025-07-30T19:05:00Z,validation,7730,0,Tier A,tier_a_primary,Tier_A_full_context,c08_extreme_compression_stress,flat
2025.07.30 19:15:00,2025-07-30T19:15:00Z,validation,7731,0,Tier A,tier_a_primary,Tier_A_full_context,c08_extreme_compression_stress,flat
2025.07.30 19:20:00,2025-07-30T19:20:00Z,validation,7732,0,Tier A,tier_a_primary,Tier_A_full_context,c08_extreme_compression_stress,flat
2025.07.30 19:30:00,2025-07-30T19:30:00Z,validation,7733,0,Tier A,tier_a_primary,Tier_A_full_context,c08_extreme_compression_stress,flat
2025.07.30 19:40:00,2025-07-30T19:40:00Z,validation,7734,0,Tier A,tier_a_primary,Tier_A_full_context,c08_extreme_compression_stress,flat
2025.07.30 20:00:00,2025-07-30T20:00:00Z,validation,7735,0,Tier A,tier_a_primary,Tier_A_full_context,c08_extreme_compression_stress,flat
2025.07.30 20:05:00,2025-07-30T20:05:00Z,validation,7736,0,Tier A,tier_a_primary,Tier_A_full_context,c08_extreme_compression_stress,flat
2025.07.30 20:10:00,2025-07-30T20:10:00Z,validation,7737,0,Tier A,tier_a_primary,Tier_A_full_context,c08_extreme_compression_stress,flat
2025.07.30 20:35:00,2025-07-30T20:35:00Z,validation,7738,0,Tier A,tier_a_primary,Tier_A_full_context,c08_extreme_compression_stress,flat
2025.07.30 20:45:00,2025-07-30T20:45:00Z,validation,7739,0,Tier A,tier_a_primary,Tier_A_full_context,c08_extreme_compression_stress,flat
2025.07.30 20:55:00,2025-07-30T20:55:00Z,validation,7740,0,Tier A,tier_a_primary,Tier_A_full_context,c08_extreme_compression_stress,flat
2025.07.30 21:00:00,2025-07-30T21:00:00Z,validation,7741,0,Tier A,tier_a_primary,Tier_A_full_context,c08_extreme_compression_stress,flat
2025.07.30 21:05:00,2025-07-30T21:05:00Z,validation,7742,0,Tier A,tier_a_primary,Tier_A_full_context,c08_extreme_compression_stress,flat
2025.07.30 21:10:00,2025-07-30T21:10:00Z,validation,7743,1,Tier A,tier_a_primary,Tier_A_full_context,c08_extreme_compression_stress,long
2025.07.30 21:15:00,2025-07-30T21:15:00Z,validation,7744,0,Tier A,tier_a_primary,Tier_A_full_context,c08_extreme_compression_stress,flat
2025.07.30 21:20:00,2025-07-30T21:20:00Z,validation,7745,0,Tier A,tier_a_primary,Tier_A_full_context,c08_extreme_compression_stress,flat
2025.07.30 21:25:00,2025-07-30T21:25:00Z,validation,7746,0,Tier A,tier_a_primary,Tier_A_full_context,c08_extreme_compression_stress,flat
2025.07.30 21:35:00,2025-07-30T21:35:00Z,validation,7747,0,Tier A,tier_a_primary,Tier_A_full_context,c08_extreme_compression_stress,flat
2025.07.30 21:40:00,2025-07-30T21:40:00Z,validation,7748,-1,Tier A,tier_a_primary,Tier_A_full_context,c08_extreme_compression_stress,short
2025.07.30 21:45:00,2025-07-30T21:45:00Z,validation,7749,0,Tier A,tier_a_primary,Tier_A_full_context,c08_extreme_compression_stress,flat
2025.07.30 21:50:00,2025-07-30T21:50:00Z,validation,7750,0,Tier A,tier_a_primary,Tier_A_full_context,c08_extreme_compression_stress,flat
2025.07.30 21:55:00,2025-07-30T21:55:00Z,validation,7751,-1,Tier A,tier_a_primary,Tier_A_full_context,c08_extreme_compression_stress,short
2025.07.30 22:00:00,2025-07-30T22:00:00Z,validation,7752,0,Tier A,tier_a_primary,Tier_A_full_context,c08_extreme_compression_stress,flat
2025.07.31 16:35:00,2025-07-31T16:35:00Z,validation,7753,0,Tier A,tier_a_primary,Tier_A_full_context,c08_extreme_compression_stress,flat
2025.07.31 16:40:00,2025-07-31T16:40:00Z,validation,7754,0,Tier A,tier_a_primary,Tier_A_full_context,c08_extreme_compression_stress,flat
2025.07.31 16:45:00,2025-07-31T16:45:00Z,validation,7755,0,Tier A,tier_a_primary,Tier_A_full_context,c08_extreme_compression_stress,flat
2025.07.31 16:50:00,2025-07-31T16:50:00Z,validation,7756,0,Tier A,tier_a_primary,Tier_A_full_context,c08_extreme_compression_stress,flat
2025.07.31 16:55:00,2025-07-31T16:55:00Z,validation,7757,0,Tier A,tier_a_primary,Tier_A_full_context,c08_extreme_compression_stress,flat
2025.07.31 17:00:00,2025-07-31T17:00:00Z,validation,7758,0,Tier A,tier_a_primary,Tier_A_full_context,c08_extreme_compression_stress,flat
2025.07.31 17:05:00,2025-07-31T17:05:00Z,validation,7759,0,Tier A,tier_a_primary,Tier_A_full_context,c08_extreme_compression_stress,flat
2025.07.31 17:10:00,2025-07-31T17:10:00Z,validation,7760,0,Tier A,tier_a_primary,Tier_A_full_context,c08_extreme_compression_stress,flat
2025.07.31 17:15:00,2025-07-31T17:15:00Z,validation,7761,0,Tier A,tier_a_primary,Tier_A_full_context,c08_extreme_compression_stress,flat
2025.07.31 17:25:00,2025-07-31T17:25:00Z,validation,7762,0,Tier A,tier_a_primary,Tier_A_full_context,c08_extreme_compression_stress,flat
2025.07.31 17:30:00,2025-07-31T17:30:00Z,validation,7763,0,Tier A,tier_a_primary,Tier_A_full_context,c08_extreme_compression_stress,flat
2025.07.31 17:35:00,2025-07-31T17:35:00Z,validation,7764,0,Tier A,tier_a_primary,Tier_A_full_context,c08_extreme_compression_stress,flat
2025.07.31 17:40:00,2025-07-31T17:40:00Z,validation,7765,0,Tier A,tier_a_primary,Tier_A_full_context,c08_extreme_compression_stress,flat
2025.07.31 17:45:00,2025-07-31T17:45:00Z,validation,7766,0,Tier A,tier_a_primary,Tier_A_full_context,c08_extreme_compression_stress,flat
2025.07.31 17:50:00,2025-07-31T17:50:00Z,validation,7767,0,Tier A,tier_a_primary,Tier_A_full_context,c08_extreme_compression_stress,flat
2025.07.31 17:55:00,2025-07-31T17:55:00Z,validation,7768,0,Tier A,tier_a_primary,Tier_A_full_context,c08_extreme_compression_stress,flat
2025.07.31 18:00:00,2025-07-31T18:00:00Z,validation,7769,0,Tier A,tier_a_primary,Tier_A_full_context,c08_extreme_compression_stress,flat
2025.07.31 18:05:00,2025-07-31T18:05:00Z,validation,7770,0,Tier A,tier_a_primary,Tier_A_full_context,c08_extreme_compression_stress,flat
2025.07.31 18:10:00,2025-07-31T18:10:00Z,validation,7771,0,Tier A,tier_a_primary,Tier_A_full_context,c08_extreme_compression_stress,flat
2025.07.31 18:15:00,2025-07-31T18:15:00Z,validation,7772,0,Tier A,tier_a_primary,Tier_A_full_context,c08_extreme_compression_stress,flat
2025.07.31 18:20:00,2025-07-31T18:20:00Z,validation,7773,0,Tier A,tier_a_primary,Tier_A_full_context,c08_extreme_compression_stress,flat
2025.07.31 18:25:00,2025-07-31T18:25:00Z,validation,7774,0,Tier A,tier_a_primary,Tier_A_full_context,c08_extreme_compression_stress,flat
2025.07.31 18:30:00,2025-07-31T18:30:00Z,validation,7775,0,Tier A,tier_a_primary,Tier_A_full_context,c08_extreme_compression_stress,flat
2025.07.31 18:35:00,2025-07-31T18:35:00Z,validation,7776,0,Tier A,tier_a_primary,Tier_A_full_context,c08_extreme_compression_stress,flat
2025.07.31 18:45:00,2025-07-31T18:45:00Z,validation,7777,0,Tier A,tier_a_primary,Tier_A_full_context,c08_extreme_compression_stress,flat
2025.07.31 18:50:00,2025-07-31T18:50:00Z,validation,7778,0,Tier A,tier_a_primary,Tier_A_full_context,c08_extreme_compression_stress,flat
2025.07.31 18:55:00,2025-07-31T18:55:00Z,validation,7779,0,Tier A,tier_a_primary,Tier_A_full_context,c08_extreme_compression_stress,flat
2025.07.31 19:00:00,2025-07-31T19:00:00Z,validation,7780,0,Tier A,tier_a_primary,Tier_A_full_context,c08_extreme_compression_stress,flat
2025.07.31 19:05:00,2025-07-31T19:05:00Z,validation,7781,0,Tier A,tier_a_primary,Tier_A_full_context,c08_extreme_compression_stress,flat
2025.07.31 19:10:00,2025-07-31T19:10:00Z,validation,7782,0,Tier A,tier_a_primary,Tier_A_full_context,c08_extreme_compression_stress,flat
2025.07.31 19:30:00,2025-07-31T19:30:00Z,validation,7783,0,Tier A,tier_a_primary,Tier_A_full_context,c08_extreme_compression_stress,flat
2025.07.31 19:35:00,2025-07-31T19:35:00Z,validation,7784,0,Tier A,tier_a_primary,Tier_A_full_context,c08_extreme_compression_stress,flat
2025.07.31 19:40:00,2025-07-31T19:40:00Z,validation,7785,0,Tier A,tier_a_primary,Tier_A_full_context,c08_extreme_compression_stress,flat
2025.07.31 19:50:00,2025-07-31T19:50:00Z,validation,7786,0,Tier A,tier_a_primary,Tier_A_full_context,c08_extreme_compression_stress,flat
2025.07.31 20:05:00,2025-07-31T20:05:00Z,validation,7787,0,Tier A,tier_a_primary,Tier_A_full_context,c08_extreme_compression_stress,flat
2025.07.31 20:10:00,2025-07-31T20:10:00Z,validation,7788,0,Tier A,tier_a_primary,Tier_A_full_context,c08_extreme_compression_stress,flat
2025.07.31 20:15:00,2025-07-31T20:15:00Z,validation,7789,0,Tier A,tier_a_primary,Tier_A_full_context,c08_extreme_compression_stress,flat
2025.07.31 20:20:00,2025-07-31T20:20:00Z,validation,7790,0,Tier A,tier_a_primary,Tier_A_full_context,c08_extreme_compression_stress,flat
2025.07.31 20:25:00,2025-07-31T20:25:00Z,validation,7791,0,Tier A,tier_a_primary,Tier_A_full_context,c08_extreme_compression_stress,flat
2025.07.31 20:30:00,2025-07-31T20:30:00Z,validation,7792,0,Tier A,tier_a_primary,Tier_A_full_context,c08_extreme_compression_stress,flat
2025.07.31 20:35:00,2025-07-31T20:35:00Z,validation,7793,0,Tier A,tier_a_primary,Tier_A_full_context,c08_extreme_compression_stress,flat
2025.07.31 20:40:00,2025-07-31T20:40:00Z,validation,7794,0,Tier A,tier_a_primary,Tier_A_full_context,c08_extreme_compression_stress,flat
2025.07.31 20:45:00,2025-07-31T20:45:00Z,validation,7795,0,Tier A,tier_a_primary,Tier_A_full_context,c08_extreme_compression_stress,flat
2025.07.31 20:50:00,2025-07-31T20:50:00Z,validation,7796,0,Tier A,tier_a_primary,Tier_A_full_context,c08_extreme_compression_stress,flat
2025.07.31 20:55:00,2025-07-31T20:55:00Z,validation,7797,0,Tier A,tier_a_primary,Tier_A_full_context,c08_extreme_compression_stress,flat
2025.07.31 21:00:00,2025-07-31T21:00:00Z,validation,7798,0,Tier A,tier_a_primary,Tier_A_full_context,c08_extreme_compression_stress,flat
2025.07.31 21:05:00,2025-07-31T21:05:00Z,validation,7799,0,Tier A,tier_a_primary,Tier_A_full_context,c08_extreme_compression_stress,flat
2025.07.31 21:10:00,2025-07-31T21:10:00Z,validation,7800,0,Tier A,tier_a_primary,Tier_A_full_context,c08_extreme_compression_stress,flat
2025.07.31 21:15:00,2025-07-31T21:15:00Z,validation,7801,0,Tier A,tier_a_primary,Tier_A_full_context,c08_extreme_compression_stress,flat
2025.07.31 21:20:00,2025-07-31T21:20:00Z,validation,7802,0,Tier A,tier_a_primary,Tier_A_full_context,c08_extreme_compression_stress,flat
2025.07.31 21:25:00,2025-07-31T21:25:00Z,validation,7803,0,Tier A,tier_a_primary,Tier_A_full_context,c08_extreme_compression_stress,flat
2025.07.31 21:30:00,2025-07-31T21:30:00Z,validation,7804,0,Tier A,tier_a_primary,Tier_A_full_context,c08_extreme_compression_stress,flat
2025.07.31 21:35:00,2025-07-31T21:35:00Z,validation,7805,0,Tier A,tier_a_primary,Tier_A_full_context,c08_extreme_compression_stress,flat
2025.07.31 21:40:00,2025-07-31T21:40:00Z,validation,7806,0,Tier A,tier_a_primary,Tier_A_full_context,c08_extreme_compression_stress,flat
2025.07.31 21:45:00,2025-07-31T21:45:00Z,validation,7807,0,Tier A,tier_a_primary,Tier_A_full_context,c08_extreme_compression_stress,flat
2025.07.31 21:50:00,2025-07-31T21:50:00Z,validation,7808,0,Tier A,tier_a_primary,Tier_A_full_context,c08_extreme_compression_stress,flat
2025.07.31 22:00:00,2025-07-31T22:00:00Z,validation,7809,0,Tier A,tier_a_primary,Tier_A_full_context,c08_extreme_compression_stress,flat
2025.08.01 16:35:00,2025-08-01T16:35:00Z,validation,7810,0,Tier A,tier_a_primary,Tier_A_full_context,c08_extreme_compression_stress,flat
2025.08.01 16:40:00,2025-08-01T16:40:00Z,validation,7811,0,Tier A,tier_a_primary,Tier_A_full_context,c08_extreme_compression_stress,flat
2025.08.01 16:45:00,2025-08-01T16:45:00Z,validation,7812,0,Tier A,tier_a_primary,Tier_A_full_context,c08_extreme_compression_stress,flat
2025.08.01 16:50:00,2025-08-01T16:50:00Z,validation,7813,0,Tier A,tier_a_primary,Tier_A_full_context,c08_extreme_compression_stress,flat
2025.08.01 16:55:00,2025-08-01T16:55:00Z,validation,7814,0,Tier A,tier_a_primary,Tier_A_full_context,c08_extreme_compression_stress,flat
2025.08.01 17:00:00,2025-08-01T17:00:00Z,validation,7815,0,Tier A,tier_a_primary,Tier_A_full_context,c08_extreme_compression_stress,flat
2025.08.01 17:05:00,2025-08-01T17:05:00Z,validation,7816,0,Tier A,tier_a_primary,Tier_A_full_context,c08_extreme_compression_stress,flat
2025.08.01 17:10:00,2025-08-01T17:10:00Z,validation,7817,0,Tier A,tier_a_primary,Tier_A_full_context,c08_extreme_compression_stress,flat
2025.08.01 17:15:00,2025-08-01T17:15:00Z,validation,7818,0,Tier A,tier_a_primary,Tier_A_full_context,c08_extreme_compression_stress,flat
2025.08.01 17:20:00,2025-08-01T17:20:00Z,validation,7819,0,Tier A,tier_a_primary,Tier_A_full_context,c08_extreme_compression_stress,flat
2025.08.01 17:25:00,2025-08-01T17:25:00Z,validation,7820,0,Tier A,tier_a_primary,Tier_A_full_context,c08_extreme_compression_stress,flat
2025.08.01 17:30:00,2025-08-01T17:30:00Z,validation,7821,0,Tier A,tier_a_primary,Tier_A_full_context,c08_extreme_compression_stress,flat
2025.08.01 17:35:00,2025-08-01T17:35:00Z,validation,7822,0,Tier A,tier_a_primary,Tier_A_full_context,c08_extreme_compression_stress,flat
2025.08.01 17:40:00,2025-08-01T17:40:00Z,validation,7823,0,Tier A,tier_a_primary,Tier_A_full_context,c08_extreme_compression_stress,flat
2025.08.01 17:45:00,2025-08-01T17:45:00Z,validation,7824,0,Tier A,tier_a_primary,Tier_A_full_context,c08_extreme_compression_stress,flat
2025.08.01 17:50:00,2025-08-01T17:50:00Z,validation,7825,0,Tier A,tier_a_primary,Tier_A_full_context,c08_extreme_compression_stress,flat
2025.08.01 17:55:00,2025-08-01T17:55:00Z,validation,7826,0,Tier A,tier_a_primary,Tier_A_full_context,c08_extreme_compression_stress,flat
2025.08.01 18:00:00,2025-08-01T18:00:00Z,validation,7827,0,Tier A,tier_a_primary,Tier_A_full_context,c08_extreme_compression_stress,flat
2025.08.01 18:05:00,2025-08-01T18:05:00Z,validation,7828,0,Tier A,tier_a_primary,Tier_A_full_context,c08_extreme_compression_stress,flat
2025.08.01 18:10:00,2025-08-01T18:10:00Z,validation,7829,0,Tier A,tier_a_primary,Tier_A_full_context,c08_extreme_compression_stress,flat
2025.08.01 18:15:00,2025-08-01T18:15:00Z,validation,7830,0,Tier A,tier_a_primary,Tier_A_full_context,c08_extreme_compression_stress,flat
2025.08.01 18:20:00,2025-08-01T18:20:00Z,validation,7831,0,Tier A,tier_a_primary,Tier_A_full_context,c08_extreme_compression_stress,flat
2025.08.01 18:25:00,2025-08-01T18:25:00Z,validation,7832,0,Tier A,tier_a_primary,Tier_A_full_context,c08_extreme_compression_stress,flat
2025.08.01 18:30:00,2025-08-01T18:30:00Z,validation,7833,0,Tier A,tier_a_primary,Tier_A_full_context,c08_extreme_compression_stress,flat
2025.08.01 18:35:00,2025-08-01T18:35:00Z,validation,7834,0,Tier A,tier_a_primary,Tier_A_full_context,c08_extreme_compression_stress,flat
2025.08.01 18:40:00,2025-08-01T18:40:00Z,validation,7835,0,Tier A,tier_a_primary,Tier_A_full_context,c08_extreme_compression_stress,flat
2025.08.01 18:45:00,2025-08-01T18:45:00Z,validation,7836,0,Tier A,tier_a_primary,Tier_A_full_context,c08_extreme_compression_stress,flat
2025.08.01 18:50:00,2025-08-01T18:50:00Z,validation,7837,0,Tier A,tier_a_primary,Tier_A_full_context,c08_extreme_compression_stress,flat
2025.08.01 18:55:00,2025-08-01T18:55:00Z,validation,7838,0,Tier A,tier_a_primary,Tier_A_full_context,c08_extreme_compression_stress,flat
2025.08.01 19:00:00,2025-08-01T19:00:00Z,validation,7839,0,Tier A,tier_a_primary,Tier_A_full_context,c08_extreme_compression_stress,flat
2025.08.01 19:05:00,2025-08-01T19:05:00Z,validation,7840,0,Tier A,tier_a_primary,Tier_A_full_context,c08_extreme_compression_stress,flat
2025.08.01 19:10:00,2025-08-01T19:10:00Z,validation,7841,0,Tier A,tier_a_primary,Tier_A_full_context,c08_extreme_compression_stress,flat
2025.08.01 19:15:00,2025-08-01T19:15:00Z,validation,7842,0,Tier A,tier_a_primary,Tier_A_full_context,c08_extreme_compression_stress,flat
2025.08.01 19:20:00,2025-08-01T19:20:00Z,validation,7843,0,Tier A,tier_a_primary,Tier_A_full_context,c08_extreme_compression_stress,flat
2025.08.01 19:25:00,2025-08-01T19:25:00Z,validation,7844,0,Tier A,tier_a_primary,Tier_A_full_context,c08_extreme_compression_stress,flat
2025.08.01 19:30:00,2025-08-01T19:30:00Z,validation,7845,0,Tier A,tier_a_primary,Tier_A_full_context,c08_extreme_compression_stress,flat
2025.08.01 19:35:00,2025-08-01T19:35:00Z,validation,7846,0,Tier A,tier_a_primary,Tier_A_full_context,c08_extreme_compression_stress,flat
2025.08.01 19:40:00,2025-08-01T19:40:00Z,validation,7847,0,Tier A,tier_a_primary,Tier_A_full_context,c08_extreme_compression_stress,flat
2025.08.01 19:45:00,2025-08-01T19:45:00Z,validation,7848,0,Tier A,tier_a_primary,Tier_A_full_context,c08_extreme_compression_stress,flat
2025.08.01 19:50:00,2025-08-01T19:50:00Z,validation,7849,0,Tier A,tier_a_primary,Tier_A_full_context,c08_extreme_compression_stress,flat
2025.08.01 19:55:00,2025-08-01T19:55:00Z,validation,7850,0,Tier A,tier_a_primary,Tier_A_full_context,c08_extreme_compression_stress,flat
2025.08.01 20:00:00,2025-08-01T20:00:00Z,validation,7851,0,Tier A,tier_a_primary,Tier_A_full_context,c08_extreme_compression_stress,flat
2025.08.01 20:05:00,2025-08-01T20:05:00Z,validation,7852,0,Tier A,tier_a_primary,Tier_A_full_context,c08_extreme_compression_stress,flat
2025.08.01 20:10:00,2025-08-01T20:10:00Z,validation,7853,0,Tier A,tier_a_primary,Tier_A_full_context,c08_extreme_compression_stress,flat
2025.08.01 20:15:00,2025-08-01T20:15:00Z,validation,7854,0,Tier A,tier_a_primary,Tier_A_full_context,c08_extreme_compression_stress,flat
2025.08.01 20:20:00,2025-08-01T20:20:00Z,validation,7855,0,Tier A,tier_a_primary,Tier_A_full_context,c08_extreme_compression_stress,flat
2025.08.01 20:25:00,2025-08-01T20:25:00Z,validation,7856,0,Tier A,tier_a_primary,Tier_A_full_context,c08_extreme_compression_stress,flat
2025.08.01 20:30:00,2025-08-01T20:30:00Z,validation,7857,0,Tier A,tier_a_primary,Tier_A_full_context,c08_extreme_compression_stress,flat
2025.08.01 20:35:00,2025-08-01T20:35:00Z,validation,7858,0,Tier A,tier_a_primary,Tier_A_full_context,c08_extreme_compression_stress,flat
2025.08.01 20:40:00,2025-08-01T20:40:00Z,validation,7859,0,Tier A,tier_a_primary,Tier_A_full_context,c08_extreme_compression_stress,flat
2025.08.01 20:45:00,2025-08-01T20:45:00Z,validation,7860,0,Tier A,tier_a_primary,Tier_A_full_context,c08_extreme_compression_stress,flat
2025.08.01 20:50:00,2025-08-01T20:50:00Z,validation,7861,0,Tier A,tier_a_primary,Tier_A_full_context,c08_extreme_compression_stress,flat
2025.08.01 20:55:00,2025-08-01T20:55:00Z,validation,7862,0,Tier A,tier_a_primary,Tier_A_full_context,c08_extreme_compression_stress,flat
2025.08.01 21:00:00,2025-08-01T21:00:00Z,validation,7863,0,Tier A,tier_a_primary,Tier_A_full_context,c08_extreme_compression_stress,flat
2025.08.01 21:05:00,2025-08-01T21:05:00Z,validation,7864,0,Tier A,tier_a_primary,Tier_A_full_context,c08_extreme_compression_stress,flat
2025.08.01 21:10:00,2025-08-01T21:10:00Z,validation,7865,0,Tier A,tier_a_primary,Tier_A_full_context,c08_extreme_compression_stress,flat
2025.08.01 21:15:00,2025-08-01T21:15:00Z,validation,7866,0,Tier A,tier_a_primary,Tier_A_full_context,c08_extreme_compression_stress,flat
2025.08.01 21:20:00,2025-08-01T21:20:00Z,validation,7867,0,Tier A,tier_a_primary,Tier_A_full_context,c08_extreme_compression_stress,flat
2025.08.01 21:25:00,2025-08-01T21:25:00Z,validation,7868,0,Tier A,tier_a_primary,Tier_A_full_context,c08_extreme_compression_stress,flat
2025.08.01 21:30:00,2025-08-01T21:30:00Z,validation,7869,0,Tier A,tier_a_primary,Tier_A_full_context,c08_extreme_compression_stress,flat
2025.08.01 21:35:00,2025-08-01T21:35:00Z,validation,7870,0,Tier A,tier_a_primary,Tier_A_full_context,c08_extreme_compression_stress,flat
2025.08.01 21:40:00,2025-08-01T21:40:00Z,validation,7871,0,Tier A,tier_a_primary,Tier_A_full_context,c08_extreme_compression_stress,flat
2025.08.01 21:45:00,2025-08-01T21:45:00Z,validation,7872,0,Tier A,tier_a_primary,Tier_A_full_context,c08_extreme_compression_stress,flat
2025.08.01 21:50:00,2025-08-01T21:50:00Z,validation,7873,0,Tier A,tier_a_primary,Tier_A_full_context,c08_extreme_compression_stress,flat
2025.08.01 21:55:00,2025-08-01T21:55:00Z,validation,7874,0,Tier A,tier_a_primary,Tier_A_full_context,c08_extreme_compression_stress,flat
2025.08.01 22:00:00,2025-08-01T22:00:00Z,validation,7875,0,Tier A,tier_a_primary,Tier_A_full_context,c08_extreme_compression_stress,flat
2025.08.04 16:35:00,2025-08-04T16:35:00Z,validation,7876,0,Tier A,tier_a_primary,Tier_A_full_context,c08_extreme_compression_stress,long
2025.08.04 16:40:00,2025-08-04T16:40:00Z,validation,7877,0,Tier A,tier_a_primary,Tier_A_full_context,c08_extreme_compression_stress,flat
2025.08.04 16:45:00,2025-08-04T16:45:00Z,validation,7878,0,Tier A,tier_a_primary,Tier_A_full_context,c08_extreme_compression_stress,flat
2025.08.04 16:50:00,2025-08-04T16:50:00Z,validation,7879,0,Tier A,tier_a_primary,Tier_A_full_context,c08_extreme_compression_stress,flat
2025.08.04 16:55:00,2025-08-04T16:55:00Z,validation,7880,0,Tier A,tier_a_primary,Tier_A_full_context,c08_extreme_compression_stress,flat
2025.08.04 17:00:00,2025-08-04T17:00:00Z,validation,7881,0,Tier A,tier_a_primary,Tier_A_full_context,c08_extreme_compression_stress,flat
2025.08.04 17:05:00,2025-08-04T17:05:00Z,validation,7882,0,Tier A,tier_a_primary,Tier_A_full_context,c08_extreme_compression_stress,flat
2025.08.04 17:10:00,2025-08-04T17:10:00Z,validation,7883,0,Tier A,tier_a_primary,Tier_A_full_context,c08_extreme_compression_stress,flat
2025.08.04 17:15:00,2025-08-04T17:15:00Z,validation,7884,0,Tier A,tier_a_primary,Tier_A_full_context,c08_extreme_compression_stress,flat
2025.08.04 17:20:00,2025-08-04T17:20:00Z,validation,7885,0,Tier A,tier_a_primary,Tier_A_full_context,c08_extreme_compression_stress,flat
2025.08.04 17:25:00,2025-08-04T17:25:00Z,validation,7886,0,Tier A,tier_a_primary,Tier_A_full_context,c08_extreme_compression_stress,flat
2025.08.04 17:30:00,2025-08-04T17:30:00Z,validation,7887,0,Tier A,tier_a_primary,Tier_A_full_context,c08_extreme_compression_stress,flat
2025.08.04 17:35:00,2025-08-04T17:35:00Z,validation,7888,0,Tier A,tier_a_primary,Tier_A_full_context,c08_extreme_compression_stress,flat
2025.08.04 17:40:00,2025-08-04T17:40:00Z,validation,7889,0,Tier A,tier_a_primary,Tier_A_full_context,c08_extreme_compression_stress,flat
2025.08.04 17:45:00,2025-08-04T17:45:00Z,validation,7890,0,Tier A,tier_a_primary,Tier_A_full_context,c08_extreme_compression_stress,flat
2025.08.04 17:50:00,2025-08-04T17:50:00Z,validation,7891,0,Tier A,tier_a_primary,Tier_A_full_context,c08_extreme_compression_stress,flat
2025.08.04 17:55:00,2025-08-04T17:55:00Z,validation,7892,0,Tier A,tier_a_primary,Tier_A_full_context,c08_extreme_compression_stress,flat
2025.08.04 18:00:00,2025-08-04T18:00:00Z,validation,7893,0,Tier A,tier_a_primary,Tier_A_full_context,c08_extreme_compression_stress,flat
2025.08.04 18:05:00,2025-08-04T18:05:00Z,validation,7894,0,Tier A,tier_a_primary,Tier_A_full_context,c08_extreme_compression_stress,flat
2025.08.04 18:10:00,2025-08-04T18:10:00Z,validation,7895,0,Tier A,tier_a_primary,Tier_A_full_context,c08_extreme_compression_stress,flat
2025.08.04 18:15:00,2025-08-04T18:15:00Z,validation,7896,0,Tier A,tier_a_primary,Tier_A_full_context,c08_extreme_compression_stress,flat
2025.08.04 18:20:00,2025-08-04T18:20:00Z,validation,7897,0,Tier A,tier_a_primary,Tier_A_full_context,c08_extreme_compression_stress,flat
2025.08.04 18:25:00,2025-08-04T18:25:00Z,validation,7898,0,Tier A,tier_a_primary,Tier_A_full_context,c08_extreme_compression_stress,flat
2025.08.04 18:30:00,2025-08-04T18:30:00Z,validation,7899,0,Tier A,tier_a_primary,Tier_A_full_context,c08_extreme_compression_stress,flat
2025.08.04 18:35:00,2025-08-04T18:35:00Z,validation,7900,0,Tier A,tier_a_primary,Tier_A_full_context,c08_extreme_compression_stress,flat
2025.08.04 18:40:00,2025-08-04T18:40:00Z,validation,7901,0,Tier A,tier_a_primary,Tier_A_full_context,c08_extreme_compression_stress,flat
2025.08.04 18:45:00,2025-08-04T18:45:00Z,validation,7902,0,Tier A,tier_a_primary,Tier_A_full_context,c08_extreme_compression_stress,flat
2025.08.04 18:55:00,2025-08-04T18:55:00Z,validation,7903,0,Tier A,tier_a_primary,Tier_A_full_context,c08_extreme_compression_stress,flat
2025.08.04 19:05:00,2025-08-04T19:05:00Z,validation,7904,0,Tier A,tier_a_primary,Tier_A_full_context,c08_extreme_compression_stress,flat
2025.08.04 19:10:00,2025-08-04T19:10:00Z,validation,7905,0,Tier A,tier_a_primary,Tier_A_full_context,c08_extreme_compression_stress,flat
2025.08.04 19:15:00,2025-08-04T19:15:00Z,validation,7906,0,Tier A,tier_a_primary,Tier_A_full_context,c08_extreme_compression_stress,flat
2025.08.04 19:20:00,2025-08-04T19:20:00Z,validation,7907,0,Tier A,tier_a_primary,Tier_A_full_context,c08_extreme_compression_stress,flat
2025.08.04 19:30:00,2025-08-04T19:30:00Z,validation,7908,0,Tier A,tier_a_primary,Tier_A_full_context,c08_extreme_compression_stress,flat
2025.08.04 19:35:00,2025-08-04T19:35:00Z,validation,7909,0,Tier A,tier_a_primary,Tier_A_full_context,c08_extreme_compression_stress,flat
2025.08.04 19:40:00,2025-08-04T19:40:00Z,validation,7910,0,Tier A,tier_a_primary,Tier_A_full_context,c08_extreme_compression_stress,flat
2025.08.04 19:45:00,2025-08-04T19:45:00Z,validation,7911,0,Tier A,tier_a_primary,Tier_A_full_context,c08_extreme_compression_stress,flat
2025.08.04 19:50:00,2025-08-04T19:50:00Z,validation,7912,0,Tier A,tier_a_primary,Tier_A_full_context,c08_extreme_compression_stress,flat
2025.08.04 19:55:00,2025-08-04T19:55:00Z,validation,7913,0,Tier A,tier_a_primary,Tier_A_full_context,c08_extreme_compression_stress,flat
2025.08.04 20:10:00,2025-08-04T20:10:00Z,validation,7914,0,Tier A,tier_a_primary,Tier_A_full_context,c08_extreme_compression_stress,flat
2025.08.04 20:15:00,2025-08-04T20:15:00Z,validation,7915,0,Tier A,tier_a_primary,Tier_A_full_context,c08_extreme_compression_stress,flat
2025.08.04 20:20:00,2025-08-04T20:20:00Z,validation,7916,0,Tier A,tier_a_primary,Tier_A_full_context,c08_extreme_compression_stress,flat
2025.08.04 20:25:00,2025-08-04T20:25:00Z,validation,7917,0,Tier A,tier_a_primary,Tier_A_full_context,c08_extreme_compression_stress,flat
2025.08.04 20:30:00,2025-08-04T20:30:00Z,validation,7918,0,Tier A,tier_a_primary,Tier_A_full_context,c08_extreme_compression_stress,flat
2025.08.04 20:35:00,2025-08-04T20:35:00Z,validation,7919,0,Tier A,tier_a_primary,Tier_A_full_context,c08_extreme_compression_stress,flat
2025.08.04 20:50:00,2025-08-04T20:50:00Z,validation,7920,0,Tier A,tier_a_primary,Tier_A_full_context,c08_extreme_compression_stress,flat
2025.08.04 20:55:00,2025-08-04T20:55:00Z,validation,7921,0,Tier A,tier_a_primary,Tier_A_full_context,c08_extreme_compression_stress,flat
2025.08.04 21:00:00,2025-08-04T21:00:00Z,validation,7922,0,Tier A,tier_a_primary,Tier_A_full_context,c08_extreme_compression_stress,flat
2025.08.04 21:05:00,2025-08-04T21:05:00Z,validation,7923,1,Tier A,tier_a_primary,Tier_A_full_context,c08_extreme_compression_stress,long
2025.08.04 21:10:00,2025-08-04T21:10:00Z,validation,7924,0,Tier A,tier_a_primary,Tier_A_full_context,c08_extreme_compression_stress,flat
2025.08.04 21:20:00,2025-08-04T21:20:00Z,validation,7925,0,Tier A,tier_a_primary,Tier_A_full_context,c08_extreme_compression_stress,flat
2025.08.04 21:30:00,2025-08-04T21:30:00Z,validation,7926,0,Tier A,tier_a_primary,Tier_A_full_context,c08_extreme_compression_stress,flat
2025.08.04 21:35:00,2025-08-04T21:35:00Z,validation,7927,0,Tier A,tier_a_primary,Tier_A_full_context,c08_extreme_compression_stress,flat
2025.08.04 21:40:00,2025-08-04T21:40:00Z,validation,7928,0,Tier A,tier_a_primary,Tier_A_full_context,c08_extreme_compression_stress,flat
2025.08.04 21:45:00,2025-08-04T21:45:00Z,validation,7929,0,Tier A,tier_a_primary,Tier_A_full_context,c08_extreme_compression_stress,flat
2025.08.04 21:50:00,2025-08-04T21:50:00Z,validation,7930,0,Tier A,tier_a_primary,Tier_A_full_context,c08_extreme_compression_stress,flat
2025.08.04 22:00:00,2025-08-04T22:00:00Z,validation,7931,0,Tier A,tier_a_primary,Tier_A_full_context,c08_extreme_compression_stress,flat
2025.08.05 16:35:00,2025-08-05T16:35:00Z,validation,7932,-1,Tier A,tier_a_primary,Tier_A_full_context,c08_extreme_compression_stress,short
2025.08.05 16:40:00,2025-08-05T16:40:00Z,validation,7933,0,Tier A,tier_a_primary,Tier_A_full_context,c08_extreme_compression_stress,long
2025.08.05 16:45:00,2025-08-05T16:45:00Z,validation,7934,0,Tier A,tier_a_primary,Tier_A_full_context,c08_extreme_compression_stress,flat
2025.08.05 16:50:00,2025-08-05T16:50:00Z,validation,7935,0,Tier A,tier_a_primary,Tier_A_full_context,c08_extreme_compression_stress,long
2025.08.05 16:55:00,2025-08-05T16:55:00Z,validation,7936,0,Tier A,tier_a_primary,Tier_A_full_context,c08_extreme_compression_stress,flat
2025.08.05 17:00:00,2025-08-05T17:00:00Z,validation,7937,0,Tier A,tier_a_primary,Tier_A_full_context,c08_extreme_compression_stress,flat
2025.08.05 17:05:00,2025-08-05T17:05:00Z,validation,7938,0,Tier A,tier_a_primary,Tier_A_full_context,c08_extreme_compression_stress,flat
2025.08.05 17:10:00,2025-08-05T17:10:00Z,validation,7939,0,Tier A,tier_a_primary,Tier_A_full_context,c08_extreme_compression_stress,flat
2025.08.05 17:15:00,2025-08-05T17:15:00Z,validation,7940,0,Tier A,tier_a_primary,Tier_A_full_context,c08_extreme_compression_stress,flat
2025.08.05 17:20:00,2025-08-05T17:20:00Z,validation,7941,0,Tier A,tier_a_primary,Tier_A_full_context,c08_extreme_compression_stress,flat
2025.08.05 17:25:00,2025-08-05T17:25:00Z,validation,7942,0,Tier A,tier_a_primary,Tier_A_full_context,c08_extreme_compression_stress,flat
2025.08.05 17:30:00,2025-08-05T17:30:00Z,validation,7943,0,Tier A,tier_a_primary,Tier_A_full_context,c08_extreme_compression_stress,flat
2025.08.05 17:35:00,2025-08-05T17:35:00Z,validation,7944,0,Tier A,tier_a_primary,Tier_A_full_context,c08_extreme_compression_stress,flat
2025.08.05 17:40:00,2025-08-05T17:40:00Z,validation,7945,0,Tier A,tier_a_primary,Tier_A_full_context,c08_extreme_compression_stress,flat
2025.08.05 17:45:00,2025-08-05T17:45:00Z,validation,7946,0,Tier A,tier_a_primary,Tier_A_full_context,c08_extreme_compression_stress,flat
2025.08.05 17:50:00,2025-08-05T17:50:00Z,validation,7947,0,Tier A,tier_a_primary,Tier_A_full_context,c08_extreme_compression_stress,flat
2025.08.05 17:55:00,2025-08-05T17:55:00Z,validation,7948,0,Tier A,tier_a_primary,Tier_A_full_context,c08_extreme_compression_stress,flat
2025.08.05 18:00:00,2025-08-05T18:00:00Z,validation,7949,0,Tier A,tier_a_primary,Tier_A_full_context,c08_extreme_compression_stress,flat
2025.08.05 18:05:00,2025-08-05T18:05:00Z,validation,7950,0,Tier A,tier_a_primary,Tier_A_full_context,c08_extreme_compression_stress,flat
2025.08.05 18:10:00,2025-08-05T18:10:00Z,validation,7951,0,Tier A,tier_a_primary,Tier_A_full_context,c08_extreme_compression_stress,flat
2025.08.05 18:15:00,2025-08-05T18:15:00Z,validation,7952,0,Tier A,tier_a_primary,Tier_A_full_context,c08_extreme_compression_stress,flat
2025.08.05 18:20:00,2025-08-05T18:20:00Z,validation,7953,0,Tier A,tier_a_primary,Tier_A_full_context,c08_extreme_compression_stress,flat
2025.08.05 18:25:00,2025-08-05T18:25:00Z,validation,7954,0,Tier A,tier_a_primary,Tier_A_full_context,c08_extreme_compression_stress,flat
2025.08.05 18:30:00,2025-08-05T18:30:00Z,validation,7955,0,Tier A,tier_a_primary,Tier_A_full_context,c08_extreme_compression_stress,flat
2025.08.05 18:35:00,2025-08-05T18:35:00Z,validation,7956,0,Tier A,tier_a_primary,Tier_A_full_context,c08_extreme_compression_stress,flat
2025.08.05 18:40:00,2025-08-05T18:40:00Z,validation,7957,0,Tier A,tier_a_primary,Tier_A_full_context,c08_extreme_compression_stress,flat
2025.08.05 18:45:00,2025-08-05T18:45:00Z,validation,7958,0,Tier A,tier_a_primary,Tier_A_full_context,c08_extreme_compression_stress,flat
2025.08.05 18:50:00,2025-08-05T18:50:00Z,validation,7959,0,Tier A,tier_a_primary,Tier_A_full_context,c08_extreme_compression_stress,flat
2025.08.05 18:55:00,2025-08-05T18:55:00Z,validation,7960,0,Tier A,tier_a_primary,Tier_A_full_context,c08_extreme_compression_stress,flat
2025.08.05 19:00:00,2025-08-05T19:00:00Z,validation,7961,0,Tier A,tier_a_primary,Tier_A_full_context,c08_extreme_compression_stress,flat
2025.08.05 19:05:00,2025-08-05T19:05:00Z,validation,7962,0,Tier A,tier_a_primary,Tier_A_full_context,c08_extreme_compression_stress,flat
2025.08.05 19:10:00,2025-08-05T19:10:00Z,validation,7963,0,Tier A,tier_a_primary,Tier_A_full_context,c08_extreme_compression_stress,flat
2025.08.05 19:20:00,2025-08-05T19:20:00Z,validation,7964,0,Tier A,tier_a_primary,Tier_A_full_context,c08_extreme_compression_stress,flat
2025.08.05 19:25:00,2025-08-05T19:25:00Z,validation,7965,0,Tier A,tier_a_primary,Tier_A_full_context,c08_extreme_compression_stress,flat
2025.08.05 19:30:00,2025-08-05T19:30:00Z,validation,7966,0,Tier A,tier_a_primary,Tier_A_full_context,c08_extreme_compression_stress,flat
2025.08.05 19:35:00,2025-08-05T19:35:00Z,validation,7967,0,Tier A,tier_a_primary,Tier_A_full_context,c08_extreme_compression_stress,flat
2025.08.05 19:45:00,2025-08-05T19:45:00Z,validation,7968,0,Tier A,tier_a_primary,Tier_A_full_context,c08_extreme_compression_stress,flat
2025.08.05 19:55:00,2025-08-05T19:55:00Z,validation,7969,0,Tier A,tier_a_primary,Tier_A_full_context,c08_extreme_compression_stress,long
2025.08.05 20:00:00,2025-08-05T20:00:00Z,validation,7970,0,Tier A,tier_a_primary,Tier_A_full_context,c08_extreme_compression_stress,flat
2025.08.05 20:05:00,2025-08-05T20:05:00Z,validation,7971,0,Tier A,tier_a_primary,Tier_A_full_context,c08_extreme_compression_stress,flat
2025.08.05 20:10:00,2025-08-05T20:10:00Z,validation,7972,0,Tier A,tier_a_primary,Tier_A_full_context,c08_extreme_compression_stress,flat
2025.08.05 20:20:00,2025-08-05T20:20:00Z,validation,7973,0,Tier A,tier_a_primary,Tier_A_full_context,c08_extreme_compression_stress,flat
2025.08.05 20:25:00,2025-08-05T20:25:00Z,validation,7974,0,Tier A,tier_a_primary,Tier_A_full_context,c08_extreme_compression_stress,flat
2025.08.05 20:30:00,2025-08-05T20:30:00Z,validation,7975,0,Tier A,tier_a_primary,Tier_A_full_context,c08_extreme_compression_stress,flat
2025.08.05 20:35:00,2025-08-05T20:35:00Z,validation,7976,0,Tier A,tier_a_primary,Tier_A_full_context,c08_extreme_compression_stress,flat
2025.08.05 20:40:00,2025-08-05T20:40:00Z,validation,7977,0,Tier A,tier_a_primary,Tier_A_full_context,c08_extreme_compression_stress,flat
2025.08.05 20:50:00,2025-08-05T20:50:00Z,validation,7978,0,Tier A,tier_a_primary,Tier_A_full_context,c08_extreme_compression_stress,flat
2025.08.05 20:55:00,2025-08-05T20:55:00Z,validation,7979,0,Tier A,tier_a_primary,Tier_A_full_context,c08_extreme_compression_stress,flat
2025.08.05 21:05:00,2025-08-05T21:05:00Z,validation,7980,0,Tier A,tier_a_primary,Tier_A_full_context,c08_extreme_compression_stress,flat
2025.08.05 21:10:00,2025-08-05T21:10:00Z,validation,7981,0,Tier A,tier_a_primary,Tier_A_full_context,c08_extreme_compression_stress,flat
2025.08.05 21:15:00,2025-08-05T21:15:00Z,validation,7982,0,Tier A,tier_a_primary,Tier_A_full_context,c08_extreme_compression_stress,flat
2025.08.05 21:20:00,2025-08-05T21:20:00Z,validation,7983,0,Tier A,tier_a_primary,Tier_A_full_context,c08_extreme_compression_stress,flat
2025.08.05 21:25:00,2025-08-05T21:25:00Z,validation,7984,0,Tier A,tier_a_primary,Tier_A_full_context,c08_extreme_compression_stress,flat
2025.08.05 21:30:00,2025-08-05T21:30:00Z,validation,7985,0,Tier A,tier_a_primary,Tier_A_full_context,c08_extreme_compression_stress,flat
2025.08.05 21:35:00,2025-08-05T21:35:00Z,validation,7986,0,Tier A,tier_a_primary,Tier_A_full_context,c08_extreme_compression_stress,flat
2025.08.05 21:40:00,2025-08-05T21:40:00Z,validation,7987,0,Tier A,tier_a_primary,Tier_A_full_context,c08_extreme_compression_stress,flat
2025.08.05 21:50:00,2025-08-05T21:50:00Z,validation,7988,0,Tier A,tier_a_primary,Tier_A_full_context,c08_extreme_compression_stress,flat
2025.08.05 21:55:00,2025-08-05T21:55:00Z,validation,7989,0,Tier A,tier_a_primary,Tier_A_full_context,c08_extreme_compression_stress,flat
2025.08.05 22:00:00,2025-08-05T22:00:00Z,validation,7990,0,Tier A,tier_a_primary,Tier_A_full_context,c08_extreme_compression_stress,flat
2025.08.06 16:35:00,2025-08-06T16:35:00Z,validation,7991,0,Tier A,tier_a_primary,Tier_A_full_context,c08_extreme_compression_stress,long
2025.08.06 16:40:00,2025-08-06T16:40:00Z,validation,7992,-1,Tier A,tier_a_primary,Tier_A_full_context,c08_extreme_compression_stress,short
2025.08.06 16:45:00,2025-08-06T16:45:00Z,validation,7993,0,Tier A,tier_a_primary,Tier_A_full_context,c08_extreme_compression_stress,long
2025.08.06 16:50:00,2025-08-06T16:50:00Z,validation,7994,0,Tier A,tier_a_primary,Tier_A_full_context,c08_extreme_compression_stress,flat
2025.08.06 16:55:00,2025-08-06T16:55:00Z,validation,7995,0,Tier A,tier_a_primary,Tier_A_full_context,c08_extreme_compression_stress,flat
2025.08.06 17:00:00,2025-08-06T17:00:00Z,validation,7996,0,Tier A,tier_a_primary,Tier_A_full_context,c08_extreme_compression_stress,flat
2025.08.06 17:05:00,2025-08-06T17:05:00Z,validation,7997,0,Tier A,tier_a_primary,Tier_A_full_context,c08_extreme_compression_stress,flat
2025.08.06 17:10:00,2025-08-06T17:10:00Z,validation,7998,0,Tier A,tier_a_primary,Tier_A_full_context,c08_extreme_compression_stress,flat
2025.08.06 17:15:00,2025-08-06T17:15:00Z,validation,7999,0,Tier A,tier_a_primary,Tier_A_full_context,c08_extreme_compression_stress,flat
2025.08.06 17:20:00,2025-08-06T17:20:00Z,validation,8000,0,Tier A,tier_a_primary,Tier_A_full_context,c08_extreme_compression_stress,flat
2025.08.06 17:25:00,2025-08-06T17:25:00Z,validation,8001,0,Tier A,tier_a_primary,Tier_A_full_context,c08_extreme_compression_stress,flat
2025.08.06 17:30:00,2025-08-06T17:30:00Z,validation,8002,0,Tier A,tier_a_primary,Tier_A_full_context,c08_extreme_compression_stress,flat
2025.08.06 17:35:00,2025-08-06T17:35:00Z,validation,8003,0,Tier A,tier_a_primary,Tier_A_full_context,c08_extreme_compression_stress,flat
2025.08.06 17:40:00,2025-08-06T17:40:00Z,validation,8004,0,Tier A,tier_a_primary,Tier_A_full_context,c08_extreme_compression_stress,flat
2025.08.06 17:45:00,2025-08-06T17:45:00Z,validation,8005,0,Tier A,tier_a_primary,Tier_A_full_context,c08_extreme_compression_stress,flat
2025.08.06 17:50:00,2025-08-06T17:50:00Z,validation,8006,0,Tier A,tier_a_primary,Tier_A_full_context,c08_extreme_compression_stress,flat
2025.08.06 17:55:00,2025-08-06T17:55:00Z,validation,8007,0,Tier A,tier_a_primary,Tier_A_full_context,c08_extreme_compression_stress,flat
2025.08.06 18:00:00,2025-08-06T18:00:00Z,validation,8008,0,Tier A,tier_a_primary,Tier_A_full_context,c08_extreme_compression_stress,flat
2025.08.06 18:05:00,2025-08-06T18:05:00Z,validation,8009,0,Tier A,tier_a_primary,Tier_A_full_context,c08_extreme_compression_stress,flat
2025.08.06 18:10:00,2025-08-06T18:10:00Z,validation,8010,0,Tier A,tier_a_primary,Tier_A_full_context,c08_extreme_compression_stress,flat
2025.08.06 18:15:00,2025-08-06T18:15:00Z,validation,8011,0,Tier A,tier_a_primary,Tier_A_full_context,c08_extreme_compression_stress,flat
2025.08.06 18:20:00,2025-08-06T18:20:00Z,validation,8012,0,Tier A,tier_a_primary,Tier_A_full_context,c08_extreme_compression_stress,flat
2025.08.06 18:25:00,2025-08-06T18:25:00Z,validation,8013,0,Tier A,tier_a_primary,Tier_A_full_context,c08_extreme_compression_stress,flat
2025.08.06 18:30:00,2025-08-06T18:30:00Z,validation,8014,0,Tier A,tier_a_primary,Tier_A_full_context,c08_extreme_compression_stress,flat
2025.08.06 18:35:00,2025-08-06T18:35:00Z,validation,8015,0,Tier A,tier_a_primary,Tier_A_full_context,c08_extreme_compression_stress,flat
2025.08.06 18:40:00,2025-08-06T18:40:00Z,validation,8016,0,Tier A,tier_a_primary,Tier_A_full_context,c08_extreme_compression_stress,flat
2025.08.06 18:45:00,2025-08-06T18:45:00Z,validation,8017,0,Tier A,tier_a_primary,Tier_A_full_context,c08_extreme_compression_stress,flat
2025.08.06 18:55:00,2025-08-06T18:55:00Z,validation,8018,0,Tier A,tier_a_primary,Tier_A_full_context,c08_extreme_compression_stress,flat
2025.08.06 19:00:00,2025-08-06T19:00:00Z,validation,8019,0,Tier A,tier_a_primary,Tier_A_full_context,c08_extreme_compression_stress,flat
2025.08.06 19:05:00,2025-08-06T19:05:00Z,validation,8020,0,Tier A,tier_a_primary,Tier_A_full_context,c08_extreme_compression_stress,flat
2025.08.06 19:10:00,2025-08-06T19:10:00Z,validation,8021,0,Tier A,tier_a_primary,Tier_A_full_context,c08_extreme_compression_stress,flat
2025.08.06 19:15:00,2025-08-06T19:15:00Z,validation,8022,0,Tier A,tier_a_primary,Tier_A_full_context,c08_extreme_compression_stress,flat
2025.08.06 19:20:00,2025-08-06T19:20:00Z,validation,8023,0,Tier A,tier_a_primary,Tier_A_full_context,c08_extreme_compression_stress,flat
2025.08.06 19:25:00,2025-08-06T19:25:00Z,validation,8024,0,Tier A,tier_a_primary,Tier_A_full_context,c08_extreme_compression_stress,flat
2025.08.06 19:30:00,2025-08-06T19:30:00Z,validation,8025,0,Tier A,tier_a_primary,Tier_A_full_context,c08_extreme_compression_stress,flat
2025.08.06 19:35:00,2025-08-06T19:35:00Z,validation,8026,0,Tier A,tier_a_primary,Tier_A_full_context,c08_extreme_compression_stress,flat
2025.08.06 19:40:00,2025-08-06T19:40:00Z,validation,8027,0,Tier A,tier_a_primary,Tier_A_full_context,c08_extreme_compression_stress,flat
2025.08.06 19:45:00,2025-08-06T19:45:00Z,validation,8028,0,Tier A,tier_a_primary,Tier_A_full_context,c08_extreme_compression_stress,flat
2025.08.06 19:50:00,2025-08-06T19:50:00Z,validation,8029,0,Tier A,tier_a_primary,Tier_A_full_context,c08_extreme_compression_stress,flat
2025.08.06 20:00:00,2025-08-06T20:00:00Z,validation,8030,0,Tier A,tier_a_primary,Tier_A_full_context,c08_extreme_compression_stress,flat
2025.08.06 20:05:00,2025-08-06T20:05:00Z,validation,8031,0,Tier A,tier_a_primary,Tier_A_full_context,c08_extreme_compression_stress,flat
2025.08.06 20:10:00,2025-08-06T20:10:00Z,validation,8032,0,Tier A,tier_a_primary,Tier_A_full_context,c08_extreme_compression_stress,flat
2025.08.06 20:15:00,2025-08-06T20:15:00Z,validation,8033,0,Tier A,tier_a_primary,Tier_A_full_context,c08_extreme_compression_stress,flat
2025.08.06 20:20:00,2025-08-06T20:20:00Z,validation,8034,0,Tier A,tier_a_primary,Tier_A_full_context,c08_extreme_compression_stress,flat
2025.08.06 20:40:00,2025-08-06T20:40:00Z,validation,8035,0,Tier A,tier_a_primary,Tier_A_full_context,c08_extreme_compression_stress,flat
2025.08.06 20:45:00,2025-08-06T20:45:00Z,validation,8036,0,Tier A,tier_a_primary,Tier_A_full_context,c08_extreme_compression_stress,flat
2025.08.06 20:50:00,2025-08-06T20:50:00Z,validation,8037,0,Tier A,tier_a_primary,Tier_A_full_context,c08_extreme_compression_stress,flat
2025.08.06 21:00:00,2025-08-06T21:00:00Z,validation,8038,0,Tier A,tier_a_primary,Tier_A_full_context,c08_extreme_compression_stress,flat
2025.08.06 21:10:00,2025-08-06T21:10:00Z,validation,8039,0,Tier A,tier_a_primary,Tier_A_full_context,c08_extreme_compression_stress,flat
2025.08.06 21:15:00,2025-08-06T21:15:00Z,validation,8040,0,Tier A,tier_a_primary,Tier_A_full_context,c08_extreme_compression_stress,flat
2025.08.06 21:45:00,2025-08-06T21:45:00Z,validation,8041,0,Tier A,tier_a_primary,Tier_A_full_context,c08_extreme_compression_stress,flat
2025.08.06 21:55:00,2025-08-06T21:55:00Z,validation,8042,0,Tier A,tier_a_primary,Tier_A_full_context,c08_extreme_compression_stress,flat
2025.08.06 22:00:00,2025-08-06T22:00:00Z,validation,8043,0,Tier A,tier_a_primary,Tier_A_full_context,c08_extreme_compression_stress,flat
2025.08.07 16:35:00,2025-08-07T16:35:00Z,validation,8044,0,Tier A,tier_a_primary,Tier_A_full_context,c08_extreme_compression_stress,long
2025.08.07 16:40:00,2025-08-07T16:40:00Z,validation,8045,0,Tier A,tier_a_primary,Tier_A_full_context,c08_extreme_compression_stress,long
2025.08.07 16:45:00,2025-08-07T16:45:00Z,validation,8046,-1,Tier A,tier_a_primary,Tier_A_full_context,c08_extreme_compression_stress,short
2025.08.07 16:50:00,2025-08-07T16:50:00Z,validation,8047,0,Tier A,tier_a_primary,Tier_A_full_context,c08_extreme_compression_stress,flat
2025.08.07 16:55:00,2025-08-07T16:55:00Z,validation,8048,0,Tier A,tier_a_primary,Tier_A_full_context,c08_extreme_compression_stress,long
2025.08.07 17:00:00,2025-08-07T17:00:00Z,validation,8049,0,Tier A,tier_a_primary,Tier_A_full_context,c08_extreme_compression_stress,long
2025.08.07 17:05:00,2025-08-07T17:05:00Z,validation,8050,-1,Tier A,tier_a_primary,Tier_A_full_context,c08_extreme_compression_stress,short
2025.08.07 17:10:00,2025-08-07T17:10:00Z,validation,8051,-1,Tier A,tier_a_primary,Tier_A_full_context,c08_extreme_compression_stress,short
2025.08.07 17:15:00,2025-08-07T17:15:00Z,validation,8052,0,Tier A,tier_a_primary,Tier_A_full_context,c08_extreme_compression_stress,flat
2025.08.07 17:20:00,2025-08-07T17:20:00Z,validation,8053,0,Tier A,tier_a_primary,Tier_A_full_context,c08_extreme_compression_stress,flat
2025.08.07 17:25:00,2025-08-07T17:25:00Z,validation,8054,0,Tier A,tier_a_primary,Tier_A_full_context,c08_extreme_compression_stress,flat
2025.08.07 17:30:00,2025-08-07T17:30:00Z,validation,8055,0,Tier A,tier_a_primary,Tier_A_full_context,c08_extreme_compression_stress,flat
2025.08.07 17:35:00,2025-08-07T17:35:00Z,validation,8056,0,Tier A,tier_a_primary,Tier_A_full_context,c08_extreme_compression_stress,flat
2025.08.07 17:40:00,2025-08-07T17:40:00Z,validation,8057,0,Tier A,tier_a_primary,Tier_A_full_context,c08_extreme_compression_stress,flat
2025.08.07 17:45:00,2025-08-07T17:45:00Z,validation,8058,0,Tier A,tier_a_primary,Tier_A_full_context,c08_extreme_compression_stress,flat
2025.08.07 17:50:00,2025-08-07T17:50:00Z,validation,8059,0,Tier A,tier_a_primary,Tier_A_full_context,c08_extreme_compression_stress,flat
2025.08.07 17:55:00,2025-08-07T17:55:00Z,validation,8060,0,Tier A,tier_a_primary,Tier_A_full_context,c08_extreme_compression_stress,flat
2025.08.07 18:00:00,2025-08-07T18:00:00Z,validation,8061,0,Tier A,tier_a_primary,Tier_A_full_context,c08_extreme_compression_stress,flat
2025.08.07 18:05:00,2025-08-07T18:05:00Z,validation,8062,0,Tier A,tier_a_primary,Tier_A_full_context,c08_extreme_compression_stress,flat
2025.08.07 18:10:00,2025-08-07T18:10:00Z,validation,8063,0,Tier A,tier_a_primary,Tier_A_full_context,c08_extreme_compression_stress,flat
2025.08.07 18:15:00,2025-08-07T18:15:00Z,validation,8064,0,Tier A,tier_a_primary,Tier_A_full_context,c08_extreme_compression_stress,flat
2025.08.07 18:20:00,2025-08-07T18:20:00Z,validation,8065,0,Tier A,tier_a_primary,Tier_A_full_context,c08_extreme_compression_stress,flat
2025.08.07 18:25:00,2025-08-07T18:25:00Z,validation,8066,0,Tier A,tier_a_primary,Tier_A_full_context,c08_extreme_compression_stress,flat
2025.08.07 18:30:00,2025-08-07T18:30:00Z,validation,8067,0,Tier A,tier_a_primary,Tier_A_full_context,c08_extreme_compression_stress,flat
2025.08.07 18:35:00,2025-08-07T18:35:00Z,validation,8068,0,Tier A,tier_a_primary,Tier_A_full_context,c08_extreme_compression_stress,flat
2025.08.07 18:45:00,2025-08-07T18:45:00Z,validation,8069,0,Tier A,tier_a_primary,Tier_A_full_context,c08_extreme_compression_stress,flat
2025.08.07 18:50:00,2025-08-07T18:50:00Z,validation,8070,0,Tier A,tier_a_primary,Tier_A_full_context,c08_extreme_compression_stress,flat
2025.08.07 18:55:00,2025-08-07T18:55:00Z,validation,8071,0,Tier A,tier_a_primary,Tier_A_full_context,c08_extreme_compression_stress,flat
2025.08.07 19:05:00,2025-08-07T19:05:00Z,validation,8072,0,Tier A,tier_a_primary,Tier_A_full_context,c08_extreme_compression_stress,flat
2025.08.07 19:10:00,2025-08-07T19:10:00Z,validation,8073,0,Tier A,tier_a_primary,Tier_A_full_context,c08_extreme_compression_stress,flat
2025.08.07 19:15:00,2025-08-07T19:15:00Z,validation,8074,0,Tier A,tier_a_primary,Tier_A_full_context,c08_extreme_compression_stress,flat
2025.08.07 19:20:00,2025-08-07T19:20:00Z,validation,8075,0,Tier A,tier_a_primary,Tier_A_full_context,c08_extreme_compression_stress,flat
2025.08.07 19:25:00,2025-08-07T19:25:00Z,validation,8076,0,Tier A,tier_a_primary,Tier_A_full_context,c08_extreme_compression_stress,flat
2025.08.07 19:35:00,2025-08-07T19:35:00Z,validation,8077,0,Tier A,tier_a_primary,Tier_A_full_context,c08_extreme_compression_stress,flat
2025.08.07 19:40:00,2025-08-07T19:40:00Z,validation,8078,0,Tier A,tier_a_primary,Tier_A_full_context,c08_extreme_compression_stress,flat
2025.08.07 19:45:00,2025-08-07T19:45:00Z,validation,8079,0,Tier A,tier_a_primary,Tier_A_full_context,c08_extreme_compression_stress,flat
2025.08.07 19:50:00,2025-08-07T19:50:00Z,validation,8080,0,Tier A,tier_a_primary,Tier_A_full_context,c08_extreme_compression_stress,flat
2025.08.07 19:55:00,2025-08-07T19:55:00Z,validation,8081,0,Tier A,tier_a_primary,Tier_A_full_context,c08_extreme_compression_stress,flat
2025.08.07 20:00:00,2025-08-07T20:00:00Z,validation,8082,0,Tier A,tier_a_primary,Tier_A_full_context,c08_extreme_compression_stress,flat
2025.08.07 20:05:00,2025-08-07T20:05:00Z,validation,8083,0,Tier A,tier_a_primary,Tier_A_full_context,c08_extreme_compression_stress,flat
2025.08.07 20:10:00,2025-08-07T20:10:00Z,validation,8084,0,Tier A,tier_a_primary,Tier_A_full_context,c08_extreme_compression_stress,flat
2025.08.07 20:15:00,2025-08-07T20:15:00Z,validation,8085,0,Tier A,tier_a_primary,Tier_A_full_context,c08_extreme_compression_stress,flat
2025.08.07 20:20:00,2025-08-07T20:20:00Z,validation,8086,0,Tier A,tier_a_primary,Tier_A_full_context,c08_extreme_compression_stress,flat
2025.08.07 20:25:00,2025-08-07T20:25:00Z,validation,8087,0,Tier A,tier_a_primary,Tier_A_full_context,c08_extreme_compression_stress,flat
2025.08.07 20:30:00,2025-08-07T20:30:00Z,validation,8088,0,Tier A,tier_a_primary,Tier_A_full_context,c08_extreme_compression_stress,flat
2025.08.07 20:35:00,2025-08-07T20:35:00Z,validation,8089,0,Tier A,tier_a_primary,Tier_A_full_context,c08_extreme_compression_stress,flat
2025.08.07 20:40:00,2025-08-07T20:40:00Z,validation,8090,0,Tier A,tier_a_primary,Tier_A_full_context,c08_extreme_compression_stress,flat
2025.08.07 20:45:00,2025-08-07T20:45:00Z,validation,8091,0,Tier A,tier_a_primary,Tier_A_full_context,c08_extreme_compression_stress,flat
2025.08.07 20:50:00,2025-08-07T20:50:00Z,validation,8092,0,Tier A,tier_a_primary,Tier_A_full_context,c08_extreme_compression_stress,flat
2025.08.07 20:55:00,2025-08-07T20:55:00Z,validation,8093,0,Tier A,tier_a_primary,Tier_A_full_context,c08_extreme_compression_stress,flat
2025.08.07 21:00:00,2025-08-07T21:00:00Z,validation,8094,0,Tier A,tier_a_primary,Tier_A_full_context,c08_extreme_compression_stress,flat
2025.08.07 21:05:00,2025-08-07T21:05:00Z,validation,8095,0,Tier A,tier_a_primary,Tier_A_full_context,c08_extreme_compression_stress,flat
2025.08.07 21:10:00,2025-08-07T21:10:00Z,validation,8096,0,Tier A,tier_a_primary,Tier_A_full_context,c08_extreme_compression_stress,flat
2025.08.07 21:15:00,2025-08-07T21:15:00Z,validation,8097,0,Tier A,tier_a_primary,Tier_A_full_context,c08_extreme_compression_stress,flat
2025.08.07 21:20:00,2025-08-07T21:20:00Z,validation,8098,0,Tier A,tier_a_primary,Tier_A_full_context,c08_extreme_compression_stress,flat
2025.08.07 21:25:00,2025-08-07T21:25:00Z,validation,8099,0,Tier A,tier_a_primary,Tier_A_full_context,c08_extreme_compression_stress,flat
2025.08.07 21:30:00,2025-08-07T21:30:00Z,validation,8100,0,Tier A,tier_a_primary,Tier_A_full_context,c08_extreme_compression_stress,flat
2025.08.07 21:35:00,2025-08-07T21:35:00Z,validation,8101,0,Tier A,tier_a_primary,Tier_A_full_context,c08_extreme_compression_stress,flat
2025.08.07 21:40:00,2025-08-07T21:40:00Z,validation,8102,0,Tier A,tier_a_primary,Tier_A_full_context,c08_extreme_compression_stress,flat
2025.08.07 21:45:00,2025-08-07T21:45:00Z,validation,8103,0,Tier A,tier_a_primary,Tier_A_full_context,c08_extreme_compression_stress,flat
2025.08.07 21:50:00,2025-08-07T21:50:00Z,validation,8104,0,Tier A,tier_a_primary,Tier_A_full_context,c08_extreme_compression_stress,flat
2025.08.07 21:55:00,2025-08-07T21:55:00Z,validation,8105,0,Tier A,tier_a_primary,Tier_A_full_context,c08_extreme_compression_stress,flat
2025.08.07 22:00:00,2025-08-07T22:00:00Z,validation,8106,0,Tier A,tier_a_primary,Tier_A_full_context,c08_extreme_compression_stress,flat
2025.08.08 16:35:00,2025-08-08T16:35:00Z,validation,8107,0,Tier A,tier_a_primary,Tier_A_full_context,c08_extreme_compression_stress,flat
2025.08.08 16:40:00,2025-08-08T16:40:00Z,validation,8108,0,Tier A,tier_a_primary,Tier_A_full_context,c08_extreme_compression_stress,long
2025.08.08 16:45:00,2025-08-08T16:45:00Z,validation,8109,0,Tier A,tier_a_primary,Tier_A_full_context,c08_extreme_compression_stress,long
2025.08.08 16:50:00,2025-08-08T16:50:00Z,validation,8110,0,Tier A,tier_a_primary,Tier_A_full_context,c08_extreme_compression_stress,flat
2025.08.08 16:55:00,2025-08-08T16:55:00Z,validation,8111,0,Tier A,tier_a_primary,Tier_A_full_context,c08_extreme_compression_stress,flat
2025.08.08 17:00:00,2025-08-08T17:00:00Z,validation,8112,0,Tier A,tier_a_primary,Tier_A_full_context,c08_extreme_compression_stress,flat
2025.08.08 17:05:00,2025-08-08T17:05:00Z,validation,8113,0,Tier A,tier_a_primary,Tier_A_full_context,c08_extreme_compression_stress,flat
2025.08.08 17:10:00,2025-08-08T17:10:00Z,validation,8114,0,Tier A,tier_a_primary,Tier_A_full_context,c08_extreme_compression_stress,flat
2025.08.08 17:15:00,2025-08-08T17:15:00Z,validation,8115,0,Tier A,tier_a_primary,Tier_A_full_context,c08_extreme_compression_stress,flat
2025.08.08 17:25:00,2025-08-08T17:25:00Z,validation,8116,0,Tier A,tier_a_primary,Tier_A_full_context,c08_extreme_compression_stress,flat
2025.08.08 17:35:00,2025-08-08T17:35:00Z,validation,8117,0,Tier A,tier_a_primary,Tier_A_full_context,c08_extreme_compression_stress,flat
2025.08.08 17:40:00,2025-08-08T17:40:00Z,validation,8118,0,Tier A,tier_a_primary,Tier_A_full_context,c08_extreme_compression_stress,flat
2025.08.08 17:55:00,2025-08-08T17:55:00Z,validation,8119,0,Tier A,tier_a_primary,Tier_A_full_context,c08_extreme_compression_stress,flat
2025.08.08 18:00:00,2025-08-08T18:00:00Z,validation,8120,0,Tier A,tier_a_primary,Tier_A_full_context,c08_extreme_compression_stress,flat
2025.08.08 18:05:00,2025-08-08T18:05:00Z,validation,8121,0,Tier A,tier_a_primary,Tier_A_full_context,c08_extreme_compression_stress,flat
2025.08.08 18:10:00,2025-08-08T18:10:00Z,validation,8122,0,Tier A,tier_a_primary,Tier_A_full_context,c08_extreme_compression_stress,flat
2025.08.08 18:15:00,2025-08-08T18:15:00Z,validation,8123,0,Tier A,tier_a_primary,Tier_A_full_context,c08_extreme_compression_stress,flat
2025.08.08 18:20:00,2025-08-08T18:20:00Z,validation,8124,0,Tier A,tier_a_primary,Tier_A_full_context,c08_extreme_compression_stress,flat
2025.08.08 18:25:00,2025-08-08T18:25:00Z,validation,8125,0,Tier A,tier_a_primary,Tier_A_full_context,c08_extreme_compression_stress,flat
2025.08.08 18:30:00,2025-08-08T18:30:00Z,validation,8126,0,Tier A,tier_a_primary,Tier_A_full_context,c08_extreme_compression_stress,flat
2025.08.08 18:35:00,2025-08-08T18:35:00Z,validation,8127,0,Tier A,tier_a_primary,Tier_A_full_context,c08_extreme_compression_stress,flat
2025.08.08 18:40:00,2025-08-08T18:40:00Z,validation,8128,0,Tier A,tier_a_primary,Tier_A_full_context,c08_extreme_compression_stress,flat
2025.08.08 18:50:00,2025-08-08T18:50:00Z,validation,8129,0,Tier A,tier_a_primary,Tier_A_full_context,c08_extreme_compression_stress,long
2025.08.08 18:55:00,2025-08-08T18:55:00Z,validation,8130,0,Tier A,tier_a_primary,Tier_A_full_context,c08_extreme_compression_stress,long
2025.08.08 19:00:00,2025-08-08T19:00:00Z,validation,8131,0,Tier A,tier_a_primary,Tier_A_full_context,c08_extreme_compression_stress,flat
2025.08.08 19:05:00,2025-08-08T19:05:00Z,validation,8132,0,Tier A,tier_a_primary,Tier_A_full_context,c08_extreme_compression_stress,flat
2025.08.08 19:15:00,2025-08-08T19:15:00Z,validation,8133,0,Tier A,tier_a_primary,Tier_A_full_context,c08_extreme_compression_stress,flat
2025.08.08 19:25:00,2025-08-08T19:25:00Z,validation,8134,0,Tier A,tier_a_primary,Tier_A_full_context,c08_extreme_compression_stress,flat
2025.08.08 19:30:00,2025-08-08T19:30:00Z,validation,8135,0,Tier A,tier_a_primary,Tier_A_full_context,c08_extreme_compression_stress,flat
2025.08.08 19:35:00,2025-08-08T19:35:00Z,validation,8136,0,Tier A,tier_a_primary,Tier_A_full_context,c08_extreme_compression_stress,flat
2025.08.08 19:55:00,2025-08-08T19:55:00Z,validation,8137,0,Tier A,tier_a_primary,Tier_A_full_context,c08_extreme_compression_stress,flat
2025.08.08 20:00:00,2025-08-08T20:00:00Z,validation,8138,0,Tier A,tier_a_primary,Tier_A_full_context,c08_extreme_compression_stress,flat
2025.08.08 20:10:00,2025-08-08T20:10:00Z,validation,8139,0,Tier A,tier_a_primary,Tier_A_full_context,c08_extreme_compression_stress,flat
2025.08.08 20:15:00,2025-08-08T20:15:00Z,validation,8140,0,Tier A,tier_a_primary,Tier_A_full_context,c08_extreme_compression_stress,flat
2025.08.08 20:20:00,2025-08-08T20:20:00Z,validation,8141,0,Tier A,tier_a_primary,Tier_A_full_context,c08_extreme_compression_stress,flat
2025.08.08 20:25:00,2025-08-08T20:25:00Z,validation,8142,0,Tier A,tier_a_primary,Tier_A_full_context,c08_extreme_compression_stress,flat
2025.08.08 20:30:00,2025-08-08T20:30:00Z,validation,8143,0,Tier A,tier_a_primary,Tier_A_full_context,c08_extreme_compression_stress,flat
2025.08.08 20:35:00,2025-08-08T20:35:00Z,validation,8144,1,Tier A,tier_a_primary,Tier_A_full_context,c08_extreme_compression_stress,long
2025.08.08 20:45:00,2025-08-08T20:45:00Z,validation,8145,1,Tier A,tier_a_primary,Tier_A_full_context,c08_extreme_compression_stress,long
2025.08.08 20:50:00,2025-08-08T20:50:00Z,validation,8146,0,Tier A,tier_a_primary,Tier_A_full_context,c08_extreme_compression_stress,flat
2025.08.08 21:05:00,2025-08-08T21:05:00Z,validation,8147,0,Tier A,tier_a_primary,Tier_A_full_context,c08_extreme_compression_stress,flat
2025.08.08 21:20:00,2025-08-08T21:20:00Z,validation,8148,0,Tier A,tier_a_primary,Tier_A_full_context,c08_extreme_compression_stress,flat
2025.08.08 21:35:00,2025-08-08T21:35:00Z,validation,8149,0,Tier A,tier_a_primary,Tier_A_full_context,c08_extreme_compression_stress,flat
2025.08.08 21:45:00,2025-08-08T21:45:00Z,validation,8150,0,Tier A,tier_a_primary,Tier_A_full_context,c08_extreme_compression_stress,flat
2025.08.08 21:50:00,2025-08-08T21:50:00Z,validation,8151,0,Tier A,tier_a_primary,Tier_A_full_context,c08_extreme_compression_stress,flat
2025.08.08 21:55:00,2025-08-08T21:55:00Z,validation,8152,0,Tier A,tier_a_primary,Tier_A_full_context,c08_extreme_compression_stress,flat
2025.08.08 22:00:00,2025-08-08T22:00:00Z,validation,8153,0,Tier A,tier_a_primary,Tier_A_full_context,c08_extreme_compression_stress,flat
2025.08.11 16:35:00,2025-08-11T16:35:00Z,validation,8154,-1,Tier A,tier_a_primary,Tier_A_full_context,c08_extreme_compression_stress,short
2025.08.11 16:40:00,2025-08-11T16:40:00Z,validation,8155,0,Tier A,tier_a_primary,Tier_A_full_context,c08_extreme_compression_stress,long
2025.08.11 16:45:00,2025-08-11T16:45:00Z,validation,8156,0,Tier A,tier_a_primary,Tier_A_full_context,c08_extreme_compression_stress,long
2025.08.11 16:50:00,2025-08-11T16:50:00Z,validation,8157,0,Tier A,tier_a_primary,Tier_A_full_context,c08_extreme_compression_stress,flat
2025.08.11 16:55:00,2025-08-11T16:55:00Z,validation,8158,-1,Tier A,tier_a_primary,Tier_A_full_context,c08_extreme_compression_stress,short
2025.08.11 17:00:00,2025-08-11T17:00:00Z,validation,8159,0,Tier A,tier_a_primary,Tier_A_full_context,c08_extreme_compression_stress,long
2025.08.11 17:05:00,2025-08-11T17:05:00Z,validation,8160,0,Tier A,tier_a_primary,Tier_A_full_context,c08_extreme_compression_stress,flat
2025.08.11 17:10:00,2025-08-11T17:10:00Z,validation,8161,0,Tier A,tier_a_primary,Tier_A_full_context,c08_extreme_compression_stress,flat
2025.08.11 17:15:00,2025-08-11T17:15:00Z,validation,8162,0,Tier A,tier_a_primary,Tier_A_full_context,c08_extreme_compression_stress,flat
2025.08.11 17:20:00,2025-08-11T17:20:00Z,validation,8163,0,Tier A,tier_a_primary,Tier_A_full_context,c08_extreme_compression_stress,long
2025.08.11 17:25:00,2025-08-11T17:25:00Z,validation,8164,0,Tier A,tier_a_primary,Tier_A_full_context,c08_extreme_compression_stress,flat
2025.08.11 17:40:00,2025-08-11T17:40:00Z,validation,8165,0,Tier A,tier_a_primary,Tier_A_full_context,c08_extreme_compression_stress,flat
2025.08.11 17:45:00,2025-08-11T17:45:00Z,validation,8166,0,Tier A,tier_a_primary,Tier_A_full_context,c08_extreme_compression_stress,flat
2025.08.11 17:50:00,2025-08-11T17:50:00Z,validation,8167,0,Tier A,tier_a_primary,Tier_A_full_context,c08_extreme_compression_stress,flat
2025.08.11 18:00:00,2025-08-11T18:00:00Z,validation,8168,0,Tier A,tier_a_primary,Tier_A_full_context,c08_extreme_compression_stress,flat
2025.08.11 18:05:00,2025-08-11T18:05:00Z,validation,8169,0,Tier A,tier_a_primary,Tier_A_full_context,c08_extreme_compression_stress,flat
2025.08.11 18:15:00,2025-08-11T18:15:00Z,validation,8170,0,Tier A,tier_a_primary,Tier_A_full_context,c08_extreme_compression_stress,flat
2025.08.11 18:25:00,2025-08-11T18:25:00Z,validation,8171,0,Tier A,tier_a_primary,Tier_A_full_context,c08_extreme_compression_stress,flat
2025.08.11 18:30:00,2025-08-11T18:30:00Z,validation,8172,0,Tier A,tier_a_primary,Tier_A_full_context,c08_extreme_compression_stress,flat
2025.08.11 18:35:00,2025-08-11T18:35:00Z,validation,8173,0,Tier A,tier_a_primary,Tier_A_full_context,c08_extreme_compression_stress,flat
2025.08.11 18:40:00,2025-08-11T18:40:00Z,validation,8174,0,Tier A,tier_a_primary,Tier_A_full_context,c08_extreme_compression_stress,flat
2025.08.11 18:45:00,2025-08-11T18:45:00Z,validation,8175,0,Tier A,tier_a_primary,Tier_A_full_context,c08_extreme_compression_stress,flat
2025.08.11 18:55:00,2025-08-11T18:55:00Z,validation,8176,0,Tier A,tier_a_primary,Tier_A_full_context,c08_extreme_compression_stress,flat
2025.08.11 19:10:00,2025-08-11T19:10:00Z,validation,8177,0,Tier A,tier_a_primary,Tier_A_full_context,c08_extreme_compression_stress,flat
2025.08.11 19:45:00,2025-08-11T19:45:00Z,validation,8178,0,Tier A,tier_a_primary,Tier_A_full_context,c08_extreme_compression_stress,flat
2025.08.11 19:55:00,2025-08-11T19:55:00Z,validation,8179,0,Tier A,tier_a_primary,Tier_A_full_context,c08_extreme_compression_stress,flat
2025.08.11 20:00:00,2025-08-11T20:00:00Z,validation,8180,0,Tier A,tier_a_primary,Tier_A_full_context,c08_extreme_compression_stress,flat
2025.08.11 20:10:00,2025-08-11T20:10:00Z,validation,8181,0,Tier A,tier_a_primary,Tier_A_full_context,c08_extreme_compression_stress,flat
2025.08.11 20:15:00,2025-08-11T20:15:00Z,validation,8182,0,Tier A,tier_a_primary,Tier_A_full_context,c08_extreme_compression_stress,flat
2025.08.11 20:20:00,2025-08-11T20:20:00Z,validation,8183,0,Tier A,tier_a_primary,Tier_A_full_context,c08_extreme_compression_stress,flat
2025.08.11 20:25:00,2025-08-11T20:25:00Z,validation,8184,0,Tier A,tier_a_primary,Tier_A_full_context,c08_extreme_compression_stress,flat
2025.08.11 20:45:00,2025-08-11T20:45:00Z,validation,8185,0,Tier A,tier_a_primary,Tier_A_full_context,c08_extreme_compression_stress,flat
2025.08.11 20:50:00,2025-08-11T20:50:00Z,validation,8186,0,Tier A,tier_a_primary,Tier_A_full_context,c08_extreme_compression_stress,flat
2025.08.11 20:55:00,2025-08-11T20:55:00Z,validation,8187,0,Tier A,tier_a_primary,Tier_A_full_context,c08_extreme_compression_stress,flat
2025.08.11 21:05:00,2025-08-11T21:05:00Z,validation,8188,0,Tier A,tier_a_primary,Tier_A_full_context,c08_extreme_compression_stress,flat
2025.08.11 21:10:00,2025-08-11T21:10:00Z,validation,8189,0,Tier A,tier_a_primary,Tier_A_full_context,c08_extreme_compression_stress,flat
2025.08.11 21:15:00,2025-08-11T21:15:00Z,validation,8190,0,Tier A,tier_a_primary,Tier_A_full_context,c08_extreme_compression_stress,flat
2025.08.11 21:20:00,2025-08-11T21:20:00Z,validation,8191,0,Tier A,tier_a_primary,Tier_A_full_context,c08_extreme_compression_stress,flat
2025.08.11 21:25:00,2025-08-11T21:25:00Z,validation,8192,0,Tier A,tier_a_primary,Tier_A_full_context,c08_extreme_compression_stress,flat
2025.08.11 21:30:00,2025-08-11T21:30:00Z,validation,8193,0,Tier A,tier_a_primary,Tier_A_full_context,c08_extreme_compression_stress,flat
2025.08.11 21:35:00,2025-08-11T21:35:00Z,validation,8194,0,Tier A,tier_a_primary,Tier_A_full_context,c08_extreme_compression_stress,flat
2025.08.11 21:45:00,2025-08-11T21:45:00Z,validation,8195,0,Tier A,tier_a_primary,Tier_A_full_context,c08_extreme_compression_stress,flat
2025.08.11 21:50:00,2025-08-11T21:50:00Z,validation,8196,1,Tier A,tier_a_primary,Tier_A_full_context,c08_extreme_compression_stress,long
2025.08.11 22:00:00,2025-08-11T22:00:00Z,validation,8197,0,Tier A,tier_a_primary,Tier_A_full_context,c08_extreme_compression_stress,flat
2025.08.12 16:35:00,2025-08-12T16:35:00Z,validation,8198,0,Tier A,tier_a_primary,Tier_A_full_context,c08_extreme_compression_stress,flat
2025.08.12 16:40:00,2025-08-12T16:40:00Z,validation,8199,0,Tier A,tier_a_primary,Tier_A_full_context,c08_extreme_compression_stress,flat
2025.08.12 16:45:00,2025-08-12T16:45:00Z,validation,8200,0,Tier A,tier_a_primary,Tier_A_full_context,c08_extreme_compression_stress,flat
2025.08.12 16:50:00,2025-08-12T16:50:00Z,validation,8201,0,Tier A,tier_a_primary,Tier_A_full_context,c08_extreme_compression_stress,flat
2025.08.12 16:55:00,2025-08-12T16:55:00Z,validation,8202,0,Tier A,tier_a_primary,Tier_A_full_context,c08_extreme_compression_stress,flat
2025.08.12 17:00:00,2025-08-12T17:00:00Z,validation,8203,0,Tier A,tier_a_primary,Tier_A_full_context,c08_extreme_compression_stress,flat
2025.08.12 17:05:00,2025-08-12T17:05:00Z,validation,8204,0,Tier A,tier_a_primary,Tier_A_full_context,c08_extreme_compression_stress,flat
2025.08.12 17:10:00,2025-08-12T17:10:00Z,validation,8205,0,Tier A,tier_a_primary,Tier_A_full_context,c08_extreme_compression_stress,flat
2025.08.12 17:15:00,2025-08-12T17:15:00Z,validation,8206,0,Tier A,tier_a_primary,Tier_A_full_context,c08_extreme_compression_stress,flat
2025.08.12 17:20:00,2025-08-12T17:20:00Z,validation,8207,0,Tier A,tier_a_primary,Tier_A_full_context,c08_extreme_compression_stress,flat
2025.08.12 17:25:00,2025-08-12T17:25:00Z,validation,8208,0,Tier A,tier_a_primary,Tier_A_full_context,c08_extreme_compression_stress,flat
2025.08.12 17:35:00,2025-08-12T17:35:00Z,validation,8209,0,Tier A,tier_a_primary,Tier_A_full_context,c08_extreme_compression_stress,flat
2025.08.12 17:45:00,2025-08-12T17:45:00Z,validation,8210,0,Tier A,tier_a_primary,Tier_A_full_context,c08_extreme_compression_stress,flat
2025.08.12 17:50:00,2025-08-12T17:50:00Z,validation,8211,0,Tier A,tier_a_primary,Tier_A_full_context,c08_extreme_compression_stress,flat
2025.08.12 17:55:00,2025-08-12T17:55:00Z,validation,8212,0,Tier A,tier_a_primary,Tier_A_full_context,c08_extreme_compression_stress,flat
2025.08.12 18:05:00,2025-08-12T18:05:00Z,validation,8213,0,Tier A,tier_a_primary,Tier_A_full_context,c08_extreme_compression_stress,flat
2025.08.12 18:10:00,2025-08-12T18:10:00Z,validation,8214,0,Tier A,tier_a_primary,Tier_A_full_context,c08_extreme_compression_stress,flat
2025.08.12 18:15:00,2025-08-12T18:15:00Z,validation,8215,0,Tier A,tier_a_primary,Tier_A_full_context,c08_extreme_compression_stress,flat
2025.08.12 18:40:00,2025-08-12T18:40:00Z,validation,8216,0,Tier A,tier_a_primary,Tier_A_full_context,c08_extreme_compression_stress,flat
2025.08.12 19:45:00,2025-08-12T19:45:00Z,validation,8217,0,Tier A,tier_a_primary,Tier_A_full_context,c08_extreme_compression_stress,flat
2025.08.12 20:00:00,2025-08-12T20:00:00Z,validation,8218,0,Tier A,tier_a_primary,Tier_A_full_context,c08_extreme_compression_stress,flat
2025.08.12 20:05:00,2025-08-12T20:05:00Z,validation,8219,0,Tier A,tier_a_primary,Tier_A_full_context,c08_extreme_compression_stress,flat
2025.08.12 20:10:00,2025-08-12T20:10:00Z,validation,8220,0,Tier A,tier_a_primary,Tier_A_full_context,c08_extreme_compression_stress,flat
2025.08.12 20:15:00,2025-08-12T20:15:00Z,validation,8221,0,Tier A,tier_a_primary,Tier_A_full_context,c08_extreme_compression_stress,flat
2025.08.12 20:25:00,2025-08-12T20:25:00Z,validation,8222,0,Tier A,tier_a_primary,Tier_A_full_context,c08_extreme_compression_stress,flat
2025.08.12 20:30:00,2025-08-12T20:30:00Z,validation,8223,0,Tier A,tier_a_primary,Tier_A_full_context,c08_extreme_compression_stress,flat
2025.08.12 20:35:00,2025-08-12T20:35:00Z,validation,8224,1,Tier A,tier_a_primary,Tier_A_full_context,c08_extreme_compression_stress,long
2025.08.12 20:40:00,2025-08-12T20:40:00Z,validation,8225,0,Tier A,tier_a_primary,Tier_A_full_context,c08_extreme_compression_stress,flat
2025.08.12 21:35:00,2025-08-12T21:35:00Z,validation,8226,0,Tier A,tier_a_primary,Tier_A_full_context,c08_extreme_compression_stress,flat
2025.08.12 21:55:00,2025-08-12T21:55:00Z,validation,8227,0,Tier A,tier_a_primary,Tier_A_full_context,c08_extreme_compression_stress,flat
2025.08.12 22:00:00,2025-08-12T22:00:00Z,validation,8228,0,Tier A,tier_a_primary,Tier_A_full_context,c08_extreme_compression_stress,flat
2025.08.13 16:45:00,2025-08-13T16:45:00Z,validation,8229,-1,Tier A,tier_a_primary,Tier_A_full_context,c08_extreme_compression_stress,short
2025.08.13 17:00:00,2025-08-13T17:00:00Z,validation,8230,0,Tier A,tier_a_primary,Tier_A_full_context,c08_extreme_compression_stress,flat
2025.08.13 17:05:00,2025-08-13T17:05:00Z,validation,8231,0,Tier A,tier_a_primary,Tier_A_full_context,c08_extreme_compression_stress,flat
2025.08.13 17:15:00,2025-08-13T17:15:00Z,validation,8232,0,Tier A,tier_a_primary,Tier_A_full_context,c08_extreme_compression_stress,flat
2025.08.13 17:20:00,2025-08-13T17:20:00Z,validation,8233,0,Tier A,tier_a_primary,Tier_A_full_context,c08_extreme_compression_stress,flat
2025.08.13 17:30:00,2025-08-13T17:30:00Z,validation,8234,0,Tier A,tier_a_primary,Tier_A_full_context,c08_extreme_compression_stress,flat
2025.08.13 17:35:00,2025-08-13T17:35:00Z,validation,8235,0,Tier A,tier_a_primary,Tier_A_full_context,c08_extreme_compression_stress,flat
2025.08.13 17:40:00,2025-08-13T17:40:00Z,validation,8236,0,Tier A,tier_a_primary,Tier_A_full_context,c08_extreme_compression_stress,flat
2025.08.13 17:45:00,2025-08-13T17:45:00Z,validation,8237,0,Tier A,tier_a_primary,Tier_A_full_context,c08_extreme_compression_stress,flat
2025.08.13 17:50:00,2025-08-13T17:50:00Z,validation,8238,0,Tier A,tier_a_primary,Tier_A_full_context,c08_extreme_compression_stress,flat
2025.08.13 17:55:00,2025-08-13T17:55:00Z,validation,8239,0,Tier A,tier_a_primary,Tier_A_full_context,c08_extreme_compression_stress,flat
2025.08.13 18:00:00,2025-08-13T18:00:00Z,validation,8240,0,Tier A,tier_a_primary,Tier_A_full_context,c08_extreme_compression_stress,flat
2025.08.13 18:05:00,2025-08-13T18:05:00Z,validation,8241,0,Tier A,tier_a_primary,Tier_A_full_context,c08_extreme_compression_stress,flat
2025.08.13 18:10:00,2025-08-13T18:10:00Z,validation,8242,0,Tier A,tier_a_primary,Tier_A_full_context,c08_extreme_compression_stress,flat
2025.08.13 18:15:00,2025-08-13T18:15:00Z,validation,8243,0,Tier A,tier_a_primary,Tier_A_full_context,c08_extreme_compression_stress,flat
2025.08.13 18:20:00,2025-08-13T18:20:00Z,validation,8244,0,Tier A,tier_a_primary,Tier_A_full_context,c08_extreme_compression_stress,flat
2025.08.13 18:25:00,2025-08-13T18:25:00Z,validation,8245,0,Tier A,tier_a_primary,Tier_A_full_context,c08_extreme_compression_stress,flat
2025.08.13 18:30:00,2025-08-13T18:30:00Z,validation,8246,0,Tier A,tier_a_primary,Tier_A_full_context,c08_extreme_compression_stress,flat
2025.08.13 18:35:00,2025-08-13T18:35:00Z,validation,8247,0,Tier A,tier_a_primary,Tier_A_full_context,c08_extreme_compression_stress,flat
2025.08.13 18:40:00,2025-08-13T18:40:00Z,validation,8248,0,Tier A,tier_a_primary,Tier_A_full_context,c08_extreme_compression_stress,flat
2025.08.13 18:45:00,2025-08-13T18:45:00Z,validation,8249,0,Tier A,tier_a_primary,Tier_A_full_context,c08_extreme_compression_stress,flat
2025.08.13 18:55:00,2025-08-13T18:55:00Z,validation,8250,-1,Tier A,tier_a_primary,Tier_A_full_context,c08_extreme_compression_stress,short
2025.08.13 19:05:00,2025-08-13T19:05:00Z,validation,8251,0,Tier A,tier_a_primary,Tier_A_full_context,c08_extreme_compression_stress,flat
2025.08.13 19:10:00,2025-08-13T19:10:00Z,validation,8252,0,Tier A,tier_a_primary,Tier_A_full_context,c08_extreme_compression_stress,flat
2025.08.13 19:15:00,2025-08-13T19:15:00Z,validation,8253,0,Tier A,tier_a_primary,Tier_A_full_context,c08_extreme_compression_stress,flat
2025.08.13 19:25:00,2025-08-13T19:25:00Z,validation,8254,0,Tier A,tier_a_primary,Tier_A_full_context,c08_extreme_compression_stress,flat
2025.08.13 19:30:00,2025-08-13T19:30:00Z,validation,8255,0,Tier A,tier_a_primary,Tier_A_full_context,c08_extreme_compression_stress,flat
2025.08.13 19:35:00,2025-08-13T19:35:00Z,validation,8256,0,Tier A,tier_a_primary,Tier_A_full_context,c08_extreme_compression_stress,flat
2025.08.13 19:45:00,2025-08-13T19:45:00Z,validation,8257,0,Tier A,tier_a_primary,Tier_A_full_context,c08_extreme_compression_stress,flat
2025.08.13 19:50:00,2025-08-13T19:50:00Z,validation,8258,0,Tier A,tier_a_primary,Tier_A_full_context,c08_extreme_compression_stress,flat
2025.08.13 19:55:00,2025-08-13T19:55:00Z,validation,8259,0,Tier A,tier_a_primary,Tier_A_full_context,c08_extreme_compression_stress,flat
2025.08.13 20:00:00,2025-08-13T20:00:00Z,validation,8260,0,Tier A,tier_a_primary,Tier_A_full_context,c08_extreme_compression_stress,flat
2025.08.13 20:05:00,2025-08-13T20:05:00Z,validation,8261,0,Tier A,tier_a_primary,Tier_A_full_context,c08_extreme_compression_stress,flat
2025.08.13 20:10:00,2025-08-13T20:10:00Z,validation,8262,-1,Tier A,tier_a_primary,Tier_A_full_context,c08_extreme_compression_stress,short
2025.08.13 20:15:00,2025-08-13T20:15:00Z,validation,8263,0,Tier A,tier_a_primary,Tier_A_full_context,c08_extreme_compression_stress,flat
2025.08.13 20:20:00,2025-08-13T20:20:00Z,validation,8264,1,Tier A,tier_a_primary,Tier_A_full_context,c08_extreme_compression_stress,long
2025.08.13 20:25:00,2025-08-13T20:25:00Z,validation,8265,1,Tier A,tier_a_primary,Tier_A_full_context,c08_extreme_compression_stress,long
2025.08.13 20:35:00,2025-08-13T20:35:00Z,validation,8266,0,Tier A,tier_a_primary,Tier_A_full_context,c08_extreme_compression_stress,flat
2025.08.13 20:40:00,2025-08-13T20:40:00Z,validation,8267,0,Tier A,tier_a_primary,Tier_A_full_context,c08_extreme_compression_stress,flat
2025.08.13 20:45:00,2025-08-13T20:45:00Z,validation,8268,0,Tier A,tier_a_primary,Tier_A_full_context,c08_extreme_compression_stress,flat
2025.08.13 20:55:00,2025-08-13T20:55:00Z,validation,8269,0,Tier A,tier_a_primary,Tier_A_full_context,c08_extreme_compression_stress,flat
2025.08.13 21:00:00,2025-08-13T21:00:00Z,validation,8270,0,Tier A,tier_a_primary,Tier_A_full_context,c08_extreme_compression_stress,flat
2025.08.13 21:05:00,2025-08-13T21:05:00Z,validation,8271,0,Tier A,tier_a_primary,Tier_A_full_context,c08_extreme_compression_stress,flat
2025.08.13 21:15:00,2025-08-13T21:15:00Z,validation,8272,0,Tier A,tier_a_primary,Tier_A_full_context,c08_extreme_compression_stress,flat
2025.08.13 21:20:00,2025-08-13T21:20:00Z,validation,8273,0,Tier A,tier_a_primary,Tier_A_full_context,c08_extreme_compression_stress,flat
2025.08.13 21:30:00,2025-08-13T21:30:00Z,validation,8274,0,Tier A,tier_a_primary,Tier_A_full_context,c08_extreme_compression_stress,flat
2025.08.13 21:40:00,2025-08-13T21:40:00Z,validation,8275,0,Tier A,tier_a_primary,Tier_A_full_context,c08_extreme_compression_stress,flat
2025.08.13 21:45:00,2025-08-13T21:45:00Z,validation,8276,0,Tier A,tier_a_primary,Tier_A_full_context,c08_extreme_compression_stress,flat
2025.08.13 21:55:00,2025-08-13T21:55:00Z,validation,8277,0,Tier A,tier_a_primary,Tier_A_full_context,c08_extreme_compression_stress,flat
2025.08.13 22:00:00,2025-08-13T22:00:00Z,validation,8278,0,Tier A,tier_a_primary,Tier_A_full_context,c08_extreme_compression_stress,flat
2025.08.14 16:35:00,2025-08-14T16:35:00Z,validation,8279,0,Tier A,tier_a_primary,Tier_A_full_context,c08_extreme_compression_stress,flat
2025.08.14 16:40:00,2025-08-14T16:40:00Z,validation,8280,0,Tier A,tier_a_primary,Tier_A_full_context,c08_extreme_compression_stress,flat
2025.08.14 16:45:00,2025-08-14T16:45:00Z,validation,8281,0,Tier A,tier_a_primary,Tier_A_full_context,c08_extreme_compression_stress,flat
2025.08.14 16:50:00,2025-08-14T16:50:00Z,validation,8282,0,Tier A,tier_a_primary,Tier_A_full_context,c08_extreme_compression_stress,flat
2025.08.14 16:55:00,2025-08-14T16:55:00Z,validation,8283,0,Tier A,tier_a_primary,Tier_A_full_context,c08_extreme_compression_stress,flat
2025.08.14 17:00:00,2025-08-14T17:00:00Z,validation,8284,0,Tier A,tier_a_primary,Tier_A_full_context,c08_extreme_compression_stress,flat
2025.08.14 17:05:00,2025-08-14T17:05:00Z,validation,8285,0,Tier A,tier_a_primary,Tier_A_full_context,c08_extreme_compression_stress,flat
2025.08.14 17:10:00,2025-08-14T17:10:00Z,validation,8286,0,Tier A,tier_a_primary,Tier_A_full_context,c08_extreme_compression_stress,flat
2025.08.14 17:15:00,2025-08-14T17:15:00Z,validation,8287,0,Tier A,tier_a_primary,Tier_A_full_context,c08_extreme_compression_stress,flat
2025.08.14 17:20:00,2025-08-14T17:20:00Z,validation,8288,0,Tier A,tier_a_primary,Tier_A_full_context,c08_extreme_compression_stress,flat
2025.08.14 17:25:00,2025-08-14T17:25:00Z,validation,8289,0,Tier A,tier_a_primary,Tier_A_full_context,c08_extreme_compression_stress,flat
2025.08.14 17:30:00,2025-08-14T17:30:00Z,validation,8290,0,Tier A,tier_a_primary,Tier_A_full_context,c08_extreme_compression_stress,flat
2025.08.14 17:35:00,2025-08-14T17:35:00Z,validation,8291,0,Tier A,tier_a_primary,Tier_A_full_context,c08_extreme_compression_stress,flat
2025.08.14 17:50:00,2025-08-14T17:50:00Z,validation,8292,0,Tier A,tier_a_primary,Tier_A_full_context,c08_extreme_compression_stress,flat
2025.08.14 17:55:00,2025-08-14T17:55:00Z,validation,8293,0,Tier A,tier_a_primary,Tier_A_full_context,c08_extreme_compression_stress,flat
2025.08.14 18:00:00,2025-08-14T18:00:00Z,validation,8294,0,Tier A,tier_a_primary,Tier_A_full_context,c08_extreme_compression_stress,flat
2025.08.14 18:05:00,2025-08-14T18:05:00Z,validation,8295,0,Tier A,tier_a_primary,Tier_A_full_context,c08_extreme_compression_stress,flat
2025.08.14 18:10:00,2025-08-14T18:10:00Z,validation,8296,0,Tier A,tier_a_primary,Tier_A_full_context,c08_extreme_compression_stress,flat
2025.08.14 18:20:00,2025-08-14T18:20:00Z,validation,8297,0,Tier A,tier_a_primary,Tier_A_full_context,c08_extreme_compression_stress,flat
2025.08.14 18:25:00,2025-08-14T18:25:00Z,validation,8298,0,Tier A,tier_a_primary,Tier_A_full_context,c08_extreme_compression_stress,flat
2025.08.14 18:30:00,2025-08-14T18:30:00Z,validation,8299,0,Tier A,tier_a_primary,Tier_A_full_context,c08_extreme_compression_stress,flat
2025.08.14 18:35:00,2025-08-14T18:35:00Z,validation,8300,0,Tier A,tier_a_primary,Tier_A_full_context,c08_extreme_compression_stress,flat
2025.08.14 18:40:00,2025-08-14T18:40:00Z,validation,8301,0,Tier A,tier_a_primary,Tier_A_full_context,c08_extreme_compression_stress,flat
2025.08.14 18:45:00,2025-08-14T18:45:00Z,validation,8302,0,Tier A,tier_a_primary,Tier_A_full_context,c08_extreme_compression_stress,flat
2025.08.14 18:50:00,2025-08-14T18:50:00Z,validation,8303,0,Tier A,tier_a_primary,Tier_A_full_context,c08_extreme_compression_stress,flat
2025.08.14 18:55:00,2025-08-14T18:55:00Z,validation,8304,0,Tier A,tier_a_primary,Tier_A_full_context,c08_extreme_compression_stress,flat
2025.08.14 19:00:00,2025-08-14T19:00:00Z,validation,8305,0,Tier A,tier_a_primary,Tier_A_full_context,c08_extreme_compression_stress,flat
2025.08.14 19:05:00,2025-08-14T19:05:00Z,validation,8306,0,Tier A,tier_a_primary,Tier_A_full_context,c08_extreme_compression_stress,flat
2025.08.14 19:10:00,2025-08-14T19:10:00Z,validation,8307,0,Tier A,tier_a_primary,Tier_A_full_context,c08_extreme_compression_stress,flat
2025.08.14 19:15:00,2025-08-14T19:15:00Z,validation,8308,0,Tier A,tier_a_primary,Tier_A_full_context,c08_extreme_compression_stress,flat
2025.08.14 19:20:00,2025-08-14T19:20:00Z,validation,8309,0,Tier A,tier_a_primary,Tier_A_full_context,c08_extreme_compression_stress,flat
2025.08.14 19:25:00,2025-08-14T19:25:00Z,validation,8310,0,Tier A,tier_a_primary,Tier_A_full_context,c08_extreme_compression_stress,flat
2025.08.14 19:30:00,2025-08-14T19:30:00Z,validation,8311,0,Tier A,tier_a_primary,Tier_A_full_context,c08_extreme_compression_stress,flat
2025.08.14 19:35:00,2025-08-14T19:35:00Z,validation,8312,0,Tier A,tier_a_primary,Tier_A_full_context,c08_extreme_compression_stress,flat
2025.08.14 19:40:00,2025-08-14T19:40:00Z,validation,8313,0,Tier A,tier_a_primary,Tier_A_full_context,c08_extreme_compression_stress,flat
2025.08.14 19:45:00,2025-08-14T19:45:00Z,validation,8314,0,Tier A,tier_a_primary,Tier_A_full_context,c08_extreme_compression_stress,flat
2025.08.14 19:50:00,2025-08-14T19:50:00Z,validation,8315,0,Tier A,tier_a_primary,Tier_A_full_context,c08_extreme_compression_stress,flat
2025.08.14 20:00:00,2025-08-14T20:00:00Z,validation,8316,0,Tier A,tier_a_primary,Tier_A_full_context,c08_extreme_compression_stress,flat
2025.08.14 20:05:00,2025-08-14T20:05:00Z,validation,8317,0,Tier A,tier_a_primary,Tier_A_full_context,c08_extreme_compression_stress,flat
2025.08.14 20:10:00,2025-08-14T20:10:00Z,validation,8318,0,Tier A,tier_a_primary,Tier_A_full_context,c08_extreme_compression_stress,flat
2025.08.14 20:20:00,2025-08-14T20:20:00Z,validation,8319,0,Tier A,tier_a_primary,Tier_A_full_context,c08_extreme_compression_stress,flat
2025.08.14 20:25:00,2025-08-14T20:25:00Z,validation,8320,0,Tier A,tier_a_primary,Tier_A_full_context,c08_extreme_compression_stress,flat
2025.08.14 20:30:00,2025-08-14T20:30:00Z,validation,8321,0,Tier A,tier_a_primary,Tier_A_full_context,c08_extreme_compression_stress,flat
2025.08.14 20:40:00,2025-08-14T20:40:00Z,validation,8322,0,Tier A,tier_a_primary,Tier_A_full_context,c08_extreme_compression_stress,flat
2025.08.14 20:45:00,2025-08-14T20:45:00Z,validation,8323,0,Tier A,tier_a_primary,Tier_A_full_context,c08_extreme_compression_stress,flat
2025.08.14 20:50:00,2025-08-14T20:50:00Z,validation,8324,0,Tier A,tier_a_primary,Tier_A_full_context,c08_extreme_compression_stress,flat
2025.08.14 20:55:00,2025-08-14T20:55:00Z,validation,8325,0,Tier A,tier_a_primary,Tier_A_full_context,c08_extreme_compression_stress,flat
2025.08.14 21:05:00,2025-08-14T21:05:00Z,validation,8326,0,Tier A,tier_a_primary,Tier_A_full_context,c08_extreme_compression_stress,flat
2025.08.14 21:15:00,2025-08-14T21:15:00Z,validation,8327,0,Tier A,tier_a_primary,Tier_A_full_context,c08_extreme_compression_stress,flat
2025.08.14 21:20:00,2025-08-14T21:20:00Z,validation,8328,0,Tier A,tier_a_primary,Tier_A_full_context,c08_extreme_compression_stress,flat
2025.08.14 21:25:00,2025-08-14T21:25:00Z,validation,8329,0,Tier A,tier_a_primary,Tier_A_full_context,c08_extreme_compression_stress,flat
2025.08.14 21:30:00,2025-08-14T21:30:00Z,validation,8330,0,Tier A,tier_a_primary,Tier_A_full_context,c08_extreme_compression_stress,flat
2025.08.14 21:35:00,2025-08-14T21:35:00Z,validation,8331,0,Tier A,tier_a_primary,Tier_A_full_context,c08_extreme_compression_stress,flat
2025.08.14 21:40:00,2025-08-14T21:40:00Z,validation,8332,0,Tier A,tier_a_primary,Tier_A_full_context,c08_extreme_compression_stress,flat
2025.08.14 21:50:00,2025-08-14T21:50:00Z,validation,8333,0,Tier A,tier_a_primary,Tier_A_full_context,c08_extreme_compression_stress,flat
2025.08.14 22:00:00,2025-08-14T22:00:00Z,validation,8334,0,Tier A,tier_a_primary,Tier_A_full_context,c08_extreme_compression_stress,flat
2025.08.15 16:35:00,2025-08-15T16:35:00Z,validation,8335,-1,Tier A,tier_a_primary,Tier_A_full_context,c08_extreme_compression_stress,short
2025.08.15 16:40:00,2025-08-15T16:40:00Z,validation,8336,0,Tier A,tier_a_primary,Tier_A_full_context,c08_extreme_compression_stress,flat
2025.08.15 16:45:00,2025-08-15T16:45:00Z,validation,8337,0,Tier A,tier_a_primary,Tier_A_full_context,c08_extreme_compression_stress,flat
2025.08.15 16:50:00,2025-08-15T16:50:00Z,validation,8338,0,Tier A,tier_a_primary,Tier_A_full_context,c08_extreme_compression_stress,flat
2025.08.15 16:55:00,2025-08-15T16:55:00Z,validation,8339,0,Tier A,tier_a_primary,Tier_A_full_context,c08_extreme_compression_stress,flat
2025.08.15 17:00:00,2025-08-15T17:00:00Z,validation,8340,0,Tier A,tier_a_primary,Tier_A_full_context,c08_extreme_compression_stress,flat
2025.08.15 17:05:00,2025-08-15T17:05:00Z,validation,8341,0,Tier A,tier_a_primary,Tier_A_full_context,c08_extreme_compression_stress,flat
2025.08.15 17:10:00,2025-08-15T17:10:00Z,validation,8342,0,Tier A,tier_a_primary,Tier_A_full_context,c08_extreme_compression_stress,flat
2025.08.15 17:15:00,2025-08-15T17:15:00Z,validation,8343,0,Tier A,tier_a_primary,Tier_A_full_context,c08_extreme_compression_stress,flat
2025.08.15 17:20:00,2025-08-15T17:20:00Z,validation,8344,0,Tier A,tier_a_primary,Tier_A_full_context,c08_extreme_compression_stress,flat
2025.08.15 17:25:00,2025-08-15T17:25:00Z,validation,8345,0,Tier A,tier_a_primary,Tier_A_full_context,c08_extreme_compression_stress,flat
2025.08.15 17:30:00,2025-08-15T17:30:00Z,validation,8346,0,Tier A,tier_a_primary,Tier_A_full_context,c08_extreme_compression_stress,flat
2025.08.15 17:35:00,2025-08-15T17:35:00Z,validation,8347,0,Tier A,tier_a_primary,Tier_A_full_context,c08_extreme_compression_stress,flat
2025.08.15 17:40:00,2025-08-15T17:40:00Z,validation,8348,0,Tier A,tier_a_primary,Tier_A_full_context,c08_extreme_compression_stress,flat
2025.08.15 17:45:00,2025-08-15T17:45:00Z,validation,8349,0,Tier A,tier_a_primary,Tier_A_full_context,c08_extreme_compression_stress,flat
2025.08.15 17:50:00,2025-08-15T17:50:00Z,validation,8350,0,Tier A,tier_a_primary,Tier_A_full_context,c08_extreme_compression_stress,flat
2025.08.15 17:55:00,2025-08-15T17:55:00Z,validation,8351,0,Tier A,tier_a_primary,Tier_A_full_context,c08_extreme_compression_stress,flat
2025.08.15 18:00:00,2025-08-15T18:00:00Z,validation,8352,0,Tier A,tier_a_primary,Tier_A_full_context,c08_extreme_compression_stress,flat
2025.08.15 18:05:00,2025-08-15T18:05:00Z,validation,8353,0,Tier A,tier_a_primary,Tier_A_full_context,c08_extreme_compression_stress,flat
2025.08.15 18:10:00,2025-08-15T18:10:00Z,validation,8354,0,Tier A,tier_a_primary,Tier_A_full_context,c08_extreme_compression_stress,flat
2025.08.15 18:15:00,2025-08-15T18:15:00Z,validation,8355,0,Tier A,tier_a_primary,Tier_A_full_context,c08_extreme_compression_stress,flat
2025.08.15 18:20:00,2025-08-15T18:20:00Z,validation,8356,0,Tier A,tier_a_primary,Tier_A_full_context,c08_extreme_compression_stress,flat
2025.08.15 18:25:00,2025-08-15T18:25:00Z,validation,8357,0,Tier A,tier_a_primary,Tier_A_full_context,c08_extreme_compression_stress,flat
2025.08.15 18:30:00,2025-08-15T18:30:00Z,validation,8358,0,Tier A,tier_a_primary,Tier_A_full_context,c08_extreme_compression_stress,flat
2025.08.15 18:35:00,2025-08-15T18:35:00Z,validation,8359,0,Tier A,tier_a_primary,Tier_A_full_context,c08_extreme_compression_stress,flat
2025.08.15 18:40:00,2025-08-15T18:40:00Z,validation,8360,0,Tier A,tier_a_primary,Tier_A_full_context,c08_extreme_compression_stress,flat
2025.08.15 18:45:00,2025-08-15T18:45:00Z,validation,8361,0,Tier A,tier_a_primary,Tier_A_full_context,c08_extreme_compression_stress,flat
2025.08.15 18:50:00,2025-08-15T18:50:00Z,validation,8362,0,Tier A,tier_a_primary,Tier_A_full_context,c08_extreme_compression_stress,flat
2025.08.15 18:55:00,2025-08-15T18:55:00Z,validation,8363,0,Tier A,tier_a_primary,Tier_A_full_context,c08_extreme_compression_stress,flat
2025.08.15 19:00:00,2025-08-15T19:00:00Z,validation,8364,0,Tier A,tier_a_primary,Tier_A_full_context,c08_extreme_compression_stress,flat
2025.08.15 19:05:00,2025-08-15T19:05:00Z,validation,8365,0,Tier A,tier_a_primary,Tier_A_full_context,c08_extreme_compression_stress,flat
2025.08.15 19:10:00,2025-08-15T19:10:00Z,validation,8366,0,Tier A,tier_a_primary,Tier_A_full_context,c08_extreme_compression_stress,flat
2025.08.15 19:15:00,2025-08-15T19:15:00Z,validation,8367,0,Tier A,tier_a_primary,Tier_A_full_context,c08_extreme_compression_stress,flat
2025.08.15 19:20:00,2025-08-15T19:20:00Z,validation,8368,0,Tier A,tier_a_primary,Tier_A_full_context,c08_extreme_compression_stress,flat
2025.08.15 19:25:00,2025-08-15T19:25:00Z,validation,8369,0,Tier A,tier_a_primary,Tier_A_full_context,c08_extreme_compression_stress,flat
2025.08.15 19:40:00,2025-08-15T19:40:00Z,validation,8370,0,Tier A,tier_a_primary,Tier_A_full_context,c08_extreme_compression_stress,flat
2025.08.15 19:45:00,2025-08-15T19:45:00Z,validation,8371,0,Tier A,tier_a_primary,Tier_A_full_context,c08_extreme_compression_stress,flat
2025.08.15 19:50:00,2025-08-15T19:50:00Z,validation,8372,0,Tier A,tier_a_primary,Tier_A_full_context,c08_extreme_compression_stress,flat
2025.08.15 20:00:00,2025-08-15T20:00:00Z,validation,8373,0,Tier A,tier_a_primary,Tier_A_full_context,c08_extreme_compression_stress,flat
2025.08.15 20:10:00,2025-08-15T20:10:00Z,validation,8374,0,Tier A,tier_a_primary,Tier_A_full_context,c08_extreme_compression_stress,flat
2025.08.15 20:15:00,2025-08-15T20:15:00Z,validation,8375,0,Tier A,tier_a_primary,Tier_A_full_context,c08_extreme_compression_stress,flat
2025.08.15 20:20:00,2025-08-15T20:20:00Z,validation,8376,0,Tier A,tier_a_primary,Tier_A_full_context,c08_extreme_compression_stress,flat
2025.08.15 20:30:00,2025-08-15T20:30:00Z,validation,8377,0,Tier A,tier_a_primary,Tier_A_full_context,c08_extreme_compression_stress,flat
2025.08.15 20:35:00,2025-08-15T20:35:00Z,validation,8378,0,Tier A,tier_a_primary,Tier_A_full_context,c08_extreme_compression_stress,flat
2025.08.15 20:45:00,2025-08-15T20:45:00Z,validation,8379,0,Tier A,tier_a_primary,Tier_A_full_context,c08_extreme_compression_stress,flat
2025.08.15 20:55:00,2025-08-15T20:55:00Z,validation,8380,0,Tier A,tier_a_primary,Tier_A_full_context,c08_extreme_compression_stress,flat
2025.08.15 21:00:00,2025-08-15T21:00:00Z,validation,8381,1,Tier A,tier_a_primary,Tier_A_full_context,c08_extreme_compression_stress,long
2025.08.15 21:05:00,2025-08-15T21:05:00Z,validation,8382,0,Tier A,tier_a_primary,Tier_A_full_context,c08_extreme_compression_stress,flat
2025.08.15 21:10:00,2025-08-15T21:10:00Z,validation,8383,0,Tier A,tier_a_primary,Tier_A_full_context,c08_extreme_compression_stress,flat
2025.08.15 21:20:00,2025-08-15T21:20:00Z,validation,8384,-1,Tier A,tier_a_primary,Tier_A_full_context,c08_extreme_compression_stress,short
2025.08.15 21:30:00,2025-08-15T21:30:00Z,validation,8385,0,Tier A,tier_a_primary,Tier_A_full_context,c08_extreme_compression_stress,flat
2025.08.15 21:45:00,2025-08-15T21:45:00Z,validation,8386,0,Tier A,tier_a_primary,Tier_A_full_context,c08_extreme_compression_stress,flat
2025.08.15 21:50:00,2025-08-15T21:50:00Z,validation,8387,0,Tier A,tier_a_primary,Tier_A_full_context,c08_extreme_compression_stress,flat
2025.08.15 21:55:00,2025-08-15T21:55:00Z,validation,8388,0,Tier A,tier_a_primary,Tier_A_full_context,c08_extreme_compression_stress,flat
2025.08.15 22:00:00,2025-08-15T22:00:00Z,validation,8389,0,Tier A,tier_a_primary,Tier_A_full_context,c08_extreme_compression_stress,flat
2025.08.18 16:35:00,2025-08-18T16:35:00Z,validation,8390,0,Tier A,tier_a_primary,Tier_A_full_context,c08_extreme_compression_stress,long
2025.08.18 16:40:00,2025-08-18T16:40:00Z,validation,8391,0,Tier A,tier_a_primary,Tier_A_full_context,c08_extreme_compression_stress,flat
2025.08.18 16:45:00,2025-08-18T16:45:00Z,validation,8392,-1,Tier A,tier_a_primary,Tier_A_full_context,c08_extreme_compression_stress,short
2025.08.18 16:50:00,2025-08-18T16:50:00Z,validation,8393,0,Tier A,tier_a_primary,Tier_A_full_context,c08_extreme_compression_stress,flat
2025.08.18 16:55:00,2025-08-18T16:55:00Z,validation,8394,0,Tier A,tier_a_primary,Tier_A_full_context,c08_extreme_compression_stress,flat
2025.08.18 17:00:00,2025-08-18T17:00:00Z,validation,8395,0,Tier A,tier_a_primary,Tier_A_full_context,c08_extreme_compression_stress,flat
2025.08.18 17:05:00,2025-08-18T17:05:00Z,validation,8396,0,Tier A,tier_a_primary,Tier_A_full_context,c08_extreme_compression_stress,long
2025.08.18 17:10:00,2025-08-18T17:10:00Z,validation,8397,0,Tier A,tier_a_primary,Tier_A_full_context,c08_extreme_compression_stress,flat
2025.08.18 17:20:00,2025-08-18T17:20:00Z,validation,8398,0,Tier A,tier_a_primary,Tier_A_full_context,c08_extreme_compression_stress,flat
2025.08.18 17:25:00,2025-08-18T17:25:00Z,validation,8399,0,Tier A,tier_a_primary,Tier_A_full_context,c08_extreme_compression_stress,long
2025.08.18 17:30:00,2025-08-18T17:30:00Z,validation,8400,-1,Tier A,tier_a_primary,Tier_A_full_context,c08_extreme_compression_stress,short
2025.08.18 17:35:00,2025-08-18T17:35:00Z,validation,8401,0,Tier A,tier_a_primary,Tier_A_full_context,c08_extreme_compression_stress,flat
2025.08.18 17:40:00,2025-08-18T17:40:00Z,validation,8402,0,Tier A,tier_a_primary,Tier_A_full_context,c08_extreme_compression_stress,flat
2025.08.18 17:45:00,2025-08-18T17:45:00Z,validation,8403,0,Tier A,tier_a_primary,Tier_A_full_context,c08_extreme_compression_stress,flat
2025.08.18 17:50:00,2025-08-18T17:50:00Z,validation,8404,0,Tier A,tier_a_primary,Tier_A_full_context,c08_extreme_compression_stress,flat
2025.08.18 17:55:00,2025-08-18T17:55:00Z,validation,8405,0,Tier A,tier_a_primary,Tier_A_full_context,c08_extreme_compression_stress,flat
2025.08.18 18:00:00,2025-08-18T18:00:00Z,validation,8406,0,Tier A,tier_a_primary,Tier_A_full_context,c08_extreme_compression_stress,flat
2025.08.18 18:05:00,2025-08-18T18:05:00Z,validation,8407,0,Tier A,tier_a_primary,Tier_A_full_context,c08_extreme_compression_stress,flat
2025.08.18 18:10:00,2025-08-18T18:10:00Z,validation,8408,0,Tier A,tier_a_primary,Tier_A_full_context,c08_extreme_compression_stress,flat
2025.08.18 18:20:00,2025-08-18T18:20:00Z,validation,8409,0,Tier A,tier_a_primary,Tier_A_full_context,c08_extreme_compression_stress,flat
2025.08.18 18:25:00,2025-08-18T18:25:00Z,validation,8410,0,Tier A,tier_a_primary,Tier_A_full_context,c08_extreme_compression_stress,flat
2025.08.18 18:30:00,2025-08-18T18:30:00Z,validation,8411,0,Tier A,tier_a_primary,Tier_A_full_context,c08_extreme_compression_stress,flat
2025.08.18 18:40:00,2025-08-18T18:40:00Z,validation,8412,0,Tier A,tier_a_primary,Tier_A_full_context,c08_extreme_compression_stress,flat
2025.08.18 18:45:00,2025-08-18T18:45:00Z,validation,8413,0,Tier A,tier_a_primary,Tier_A_full_context,c08_extreme_compression_stress,flat
2025.08.18 19:05:00,2025-08-18T19:05:00Z,validation,8414,0,Tier A,tier_a_primary,Tier_A_full_context,c08_extreme_compression_stress,flat
2025.08.18 19:10:00,2025-08-18T19:10:00Z,validation,8415,0,Tier A,tier_a_primary,Tier_A_full_context,c08_extreme_compression_stress,flat
2025.08.18 19:20:00,2025-08-18T19:20:00Z,validation,8416,0,Tier A,tier_a_primary,Tier_A_full_context,c08_extreme_compression_stress,flat
2025.08.18 19:30:00,2025-08-18T19:30:00Z,validation,8417,0,Tier A,tier_a_primary,Tier_A_full_context,c08_extreme_compression_stress,flat
2025.08.18 19:35:00,2025-08-18T19:35:00Z,validation,8418,0,Tier A,tier_a_primary,Tier_A_full_context,c08_extreme_compression_stress,flat
2025.08.18 19:40:00,2025-08-18T19:40:00Z,validation,8419,0,Tier A,tier_a_primary,Tier_A_full_context,c08_extreme_compression_stress,flat
2025.08.18 19:45:00,2025-08-18T19:45:00Z,validation,8420,0,Tier A,tier_a_primary,Tier_A_full_context,c08_extreme_compression_stress,flat
2025.08.18 19:50:00,2025-08-18T19:50:00Z,validation,8421,0,Tier A,tier_a_primary,Tier_A_full_context,c08_extreme_compression_stress,flat
2025.08.18 19:55:00,2025-08-18T19:55:00Z,validation,8422,0,Tier A,tier_a_primary,Tier_A_full_context,c08_extreme_compression_stress,flat
2025.08.18 20:00:00,2025-08-18T20:00:00Z,validation,8423,0,Tier A,tier_a_primary,Tier_A_full_context,c08_extreme_compression_stress,flat
2025.08.18 20:05:00,2025-08-18T20:05:00Z,validation,8424,0,Tier A,tier_a_primary,Tier_A_full_context,c08_extreme_compression_stress,flat
2025.08.18 20:10:00,2025-08-18T20:10:00Z,validation,8425,0,Tier A,tier_a_primary,Tier_A_full_context,c08_extreme_compression_stress,flat
2025.08.18 20:15:00,2025-08-18T20:15:00Z,validation,8426,0,Tier A,tier_a_primary,Tier_A_full_context,c08_extreme_compression_stress,flat
2025.08.18 20:30:00,2025-08-18T20:30:00Z,validation,8427,0,Tier A,tier_a_primary,Tier_A_full_context,c08_extreme_compression_stress,flat
2025.08.18 20:35:00,2025-08-18T20:35:00Z,validation,8428,0,Tier A,tier_a_primary,Tier_A_full_context,c08_extreme_compression_stress,flat
2025.08.18 20:40:00,2025-08-18T20:40:00Z,validation,8429,-1,Tier A,tier_a_primary,Tier_A_full_context,c08_extreme_compression_stress,short
2025.08.18 20:50:00,2025-08-18T20:50:00Z,validation,8430,0,Tier A,tier_a_primary,Tier_A_full_context,c08_extreme_compression_stress,flat
2025.08.18 20:55:00,2025-08-18T20:55:00Z,validation,8431,0,Tier A,tier_a_primary,Tier_A_full_context,c08_extreme_compression_stress,flat
2025.08.18 21:00:00,2025-08-18T21:00:00Z,validation,8432,0,Tier A,tier_a_primary,Tier_A_full_context,c08_extreme_compression_stress,flat
2025.08.18 21:05:00,2025-08-18T21:05:00Z,validation,8433,0,Tier A,tier_a_primary,Tier_A_full_context,c08_extreme_compression_stress,flat
2025.08.18 21:15:00,2025-08-18T21:15:00Z,validation,8434,0,Tier A,tier_a_primary,Tier_A_full_context,c08_extreme_compression_stress,flat
2025.08.18 21:20:00,2025-08-18T21:20:00Z,validation,8435,0,Tier A,tier_a_primary,Tier_A_full_context,c08_extreme_compression_stress,flat
2025.08.18 21:25:00,2025-08-18T21:25:00Z,validation,8436,0,Tier A,tier_a_primary,Tier_A_full_context,c08_extreme_compression_stress,flat
2025.08.18 21:45:00,2025-08-18T21:45:00Z,validation,8437,0,Tier A,tier_a_primary,Tier_A_full_context,c08_extreme_compression_stress,flat
2025.08.18 21:55:00,2025-08-18T21:55:00Z,validation,8438,0,Tier A,tier_a_primary,Tier_A_full_context,c08_extreme_compression_stress,flat
2025.08.18 22:00:00,2025-08-18T22:00:00Z,validation,8439,0,Tier A,tier_a_primary,Tier_A_full_context,c08_extreme_compression_stress,flat
2025.08.19 16:35:00,2025-08-19T16:35:00Z,validation,8440,0,Tier A,tier_a_primary,Tier_A_full_context,c08_extreme_compression_stress,flat
2025.08.19 16:40:00,2025-08-19T16:40:00Z,validation,8441,0,Tier A,tier_a_primary,Tier_A_full_context,c08_extreme_compression_stress,flat
2025.08.19 16:45:00,2025-08-19T16:45:00Z,validation,8442,0,Tier A,tier_a_primary,Tier_A_full_context,c08_extreme_compression_stress,flat
2025.08.19 16:50:00,2025-08-19T16:50:00Z,validation,8443,0,Tier A,tier_a_primary,Tier_A_full_context,c08_extreme_compression_stress,flat
2025.08.19 16:55:00,2025-08-19T16:55:00Z,validation,8444,0,Tier A,tier_a_primary,Tier_A_full_context,c08_extreme_compression_stress,flat
2025.08.19 17:00:00,2025-08-19T17:00:00Z,validation,8445,0,Tier A,tier_a_primary,Tier_A_full_context,c08_extreme_compression_stress,flat
2025.08.19 17:05:00,2025-08-19T17:05:00Z,validation,8446,0,Tier A,tier_a_primary,Tier_A_full_context,c08_extreme_compression_stress,flat
2025.08.19 17:10:00,2025-08-19T17:10:00Z,validation,8447,0,Tier A,tier_a_primary,Tier_A_full_context,c08_extreme_compression_stress,flat
2025.08.19 17:15:00,2025-08-19T17:15:00Z,validation,8448,0,Tier A,tier_a_primary,Tier_A_full_context,c08_extreme_compression_stress,flat
2025.08.19 17:20:00,2025-08-19T17:20:00Z,validation,8449,0,Tier A,tier_a_primary,Tier_A_full_context,c08_extreme_compression_stress,flat
2025.08.19 17:30:00,2025-08-19T17:30:00Z,validation,8450,0,Tier A,tier_a_primary,Tier_A_full_context,c08_extreme_compression_stress,flat
2025.08.19 17:35:00,2025-08-19T17:35:00Z,validation,8451,0,Tier A,tier_a_primary,Tier_A_full_context,c08_extreme_compression_stress,flat
2025.08.19 17:40:00,2025-08-19T17:40:00Z,validation,8452,0,Tier A,tier_a_primary,Tier_A_full_context,c08_extreme_compression_stress,flat
2025.08.19 17:45:00,2025-08-19T17:45:00Z,validation,8453,0,Tier A,tier_a_primary,Tier_A_full_context,c08_extreme_compression_stress,flat
2025.08.19 17:50:00,2025-08-19T17:50:00Z,validation,8454,0,Tier A,tier_a_primary,Tier_A_full_context,c08_extreme_compression_stress,flat
2025.08.19 17:55:00,2025-08-19T17:55:00Z,validation,8455,0,Tier A,tier_a_primary,Tier_A_full_context,c08_extreme_compression_stress,flat
2025.08.19 18:00:00,2025-08-19T18:00:00Z,validation,8456,0,Tier A,tier_a_primary,Tier_A_full_context,c08_extreme_compression_stress,flat
2025.08.19 18:05:00,2025-08-19T18:05:00Z,validation,8457,0,Tier A,tier_a_primary,Tier_A_full_context,c08_extreme_compression_stress,flat
2025.08.19 18:10:00,2025-08-19T18:10:00Z,validation,8458,0,Tier A,tier_a_primary,Tier_A_full_context,c08_extreme_compression_stress,flat
2025.08.19 18:15:00,2025-08-19T18:15:00Z,validation,8459,0,Tier A,tier_a_primary,Tier_A_full_context,c08_extreme_compression_stress,flat
2025.08.19 18:20:00,2025-08-19T18:20:00Z,validation,8460,0,Tier A,tier_a_primary,Tier_A_full_context,c08_extreme_compression_stress,flat
2025.08.19 18:25:00,2025-08-19T18:25:00Z,validation,8461,0,Tier A,tier_a_primary,Tier_A_full_context,c08_extreme_compression_stress,flat
2025.08.19 18:30:00,2025-08-19T18:30:00Z,validation,8462,0,Tier A,tier_a_primary,Tier_A_full_context,c08_extreme_compression_stress,flat
2025.08.19 18:35:00,2025-08-19T18:35:00Z,validation,8463,0,Tier A,tier_a_primary,Tier_A_full_context,c08_extreme_compression_stress,flat
2025.08.19 18:40:00,2025-08-19T18:40:00Z,validation,8464,0,Tier A,tier_a_primary,Tier_A_full_context,c08_extreme_compression_stress,flat
2025.08.19 18:50:00,2025-08-19T18:50:00Z,validation,8465,0,Tier A,tier_a_primary,Tier_A_full_context,c08_extreme_compression_stress,flat
2025.08.19 18:55:00,2025-08-19T18:55:00Z,validation,8466,0,Tier A,tier_a_primary,Tier_A_full_context,c08_extreme_compression_stress,flat
2025.08.19 19:00:00,2025-08-19T19:00:00Z,validation,8467,0,Tier A,tier_a_primary,Tier_A_full_context,c08_extreme_compression_stress,flat
2025.08.19 19:10:00,2025-08-19T19:10:00Z,validation,8468,0,Tier A,tier_a_primary,Tier_A_full_context,c08_extreme_compression_stress,flat
2025.08.19 19:15:00,2025-08-19T19:15:00Z,validation,8469,0,Tier A,tier_a_primary,Tier_A_full_context,c08_extreme_compression_stress,flat
2025.08.19 19:20:00,2025-08-19T19:20:00Z,validation,8470,0,Tier A,tier_a_primary,Tier_A_full_context,c08_extreme_compression_stress,flat
2025.08.19 19:25:00,2025-08-19T19:25:00Z,validation,8471,0,Tier A,tier_a_primary,Tier_A_full_context,c08_extreme_compression_stress,flat
2025.08.19 19:35:00,2025-08-19T19:35:00Z,validation,8472,0,Tier A,tier_a_primary,Tier_A_full_context,c08_extreme_compression_stress,flat
2025.08.19 19:40:00,2025-08-19T19:40:00Z,validation,8473,-1,Tier A,tier_a_primary,Tier_A_full_context,c08_extreme_compression_stress,short
2025.08.19 19:45:00,2025-08-19T19:45:00Z,validation,8474,0,Tier A,tier_a_primary,Tier_A_full_context,c08_extreme_compression_stress,flat
2025.08.19 19:50:00,2025-08-19T19:50:00Z,validation,8475,0,Tier A,tier_a_primary,Tier_A_full_context,c08_extreme_compression_stress,flat
2025.08.19 19:55:00,2025-08-19T19:55:00Z,validation,8476,0,Tier A,tier_a_primary,Tier_A_full_context,c08_extreme_compression_stress,flat
2025.08.19 20:00:00,2025-08-19T20:00:00Z,validation,8477,0,Tier A,tier_a_primary,Tier_A_full_context,c08_extreme_compression_stress,flat
2025.08.19 20:05:00,2025-08-19T20:05:00Z,validation,8478,0,Tier A,tier_a_primary,Tier_A_full_context,c08_extreme_compression_stress,flat
2025.08.19 20:10:00,2025-08-19T20:10:00Z,validation,8479,0,Tier A,tier_a_primary,Tier_A_full_context,c08_extreme_compression_stress,flat
2025.08.19 20:15:00,2025-08-19T20:15:00Z,validation,8480,0,Tier A,tier_a_primary,Tier_A_full_context,c08_extreme_compression_stress,flat
2025.08.19 20:25:00,2025-08-19T20:25:00Z,validation,8481,0,Tier A,tier_a_primary,Tier_A_full_context,c08_extreme_compression_stress,flat
2025.08.19 20:30:00,2025-08-19T20:30:00Z,validation,8482,0,Tier A,tier_a_primary,Tier_A_full_context,c08_extreme_compression_stress,flat
2025.08.19 20:40:00,2025-08-19T20:40:00Z,validation,8483,0,Tier A,tier_a_primary,Tier_A_full_context,c08_extreme_compression_stress,flat
2025.08.19 20:45:00,2025-08-19T20:45:00Z,validation,8484,0,Tier A,tier_a_primary,Tier_A_full_context,c08_extreme_compression_stress,flat
2025.08.19 20:50:00,2025-08-19T20:50:00Z,validation,8485,0,Tier A,tier_a_primary,Tier_A_full_context,c08_extreme_compression_stress,flat
2025.08.19 20:55:00,2025-08-19T20:55:00Z,validation,8486,0,Tier A,tier_a_primary,Tier_A_full_context,c08_extreme_compression_stress,flat
2025.08.19 21:00:00,2025-08-19T21:00:00Z,validation,8487,0,Tier A,tier_a_primary,Tier_A_full_context,c08_extreme_compression_stress,flat
2025.08.19 21:05:00,2025-08-19T21:05:00Z,validation,8488,-1,Tier A,tier_a_primary,Tier_A_full_context,c08_extreme_compression_stress,short
2025.08.19 21:10:00,2025-08-19T21:10:00Z,validation,8489,1,Tier A,tier_a_primary,Tier_A_full_context,c08_extreme_compression_stress,long
2025.08.19 21:15:00,2025-08-19T21:15:00Z,validation,8490,-1,Tier A,tier_a_primary,Tier_A_full_context,c08_extreme_compression_stress,short
2025.08.19 21:25:00,2025-08-19T21:25:00Z,validation,8491,0,Tier A,tier_a_primary,Tier_A_full_context,c08_extreme_compression_stress,flat
2025.08.19 21:30:00,2025-08-19T21:30:00Z,validation,8492,0,Tier A,tier_a_primary,Tier_A_full_context,c08_extreme_compression_stress,flat
2025.08.19 21:35:00,2025-08-19T21:35:00Z,validation,8493,0,Tier A,tier_a_primary,Tier_A_full_context,c08_extreme_compression_stress,flat
2025.08.19 21:40:00,2025-08-19T21:40:00Z,validation,8494,0,Tier A,tier_a_primary,Tier_A_full_context,c08_extreme_compression_stress,flat
2025.08.19 21:45:00,2025-08-19T21:45:00Z,validation,8495,0,Tier A,tier_a_primary,Tier_A_full_context,c08_extreme_compression_stress,flat
2025.08.19 21:50:00,2025-08-19T21:50:00Z,validation,8496,0,Tier A,tier_a_primary,Tier_A_full_context,c08_extreme_compression_stress,flat
2025.08.19 22:00:00,2025-08-19T22:00:00Z,validation,8497,0,Tier A,tier_a_primary,Tier_A_full_context,c08_extreme_compression_stress,flat
2025.08.20 16:35:00,2025-08-20T16:35:00Z,validation,8498,-1,Tier A,tier_a_primary,Tier_A_full_context,c08_extreme_compression_stress,short
2025.08.20 16:40:00,2025-08-20T16:40:00Z,validation,8499,0,Tier A,tier_a_primary,Tier_A_full_context,c08_extreme_compression_stress,flat
2025.08.20 16:45:00,2025-08-20T16:45:00Z,validation,8500,0,Tier A,tier_a_primary,Tier_A_full_context,c08_extreme_compression_stress,flat
2025.08.20 16:50:00,2025-08-20T16:50:00Z,validation,8501,0,Tier A,tier_a_primary,Tier_A_full_context,c08_extreme_compression_stress,flat
2025.08.20 16:55:00,2025-08-20T16:55:00Z,validation,8502,0,Tier A,tier_a_primary,Tier_A_full_context,c08_extreme_compression_stress,flat
2025.08.20 17:00:00,2025-08-20T17:00:00Z,validation,8503,0,Tier A,tier_a_primary,Tier_A_full_context,c08_extreme_compression_stress,flat
2025.08.20 17:05:00,2025-08-20T17:05:00Z,validation,8504,0,Tier A,tier_a_primary,Tier_A_full_context,c08_extreme_compression_stress,flat
2025.08.20 17:10:00,2025-08-20T17:10:00Z,validation,8505,0,Tier A,tier_a_primary,Tier_A_full_context,c08_extreme_compression_stress,flat
2025.08.20 17:15:00,2025-08-20T17:15:00Z,validation,8506,0,Tier A,tier_a_primary,Tier_A_full_context,c08_extreme_compression_stress,flat
2025.08.20 17:20:00,2025-08-20T17:20:00Z,validation,8507,0,Tier A,tier_a_primary,Tier_A_full_context,c08_extreme_compression_stress,flat
2025.08.20 17:25:00,2025-08-20T17:25:00Z,validation,8508,0,Tier A,tier_a_primary,Tier_A_full_context,c08_extreme_compression_stress,flat
2025.08.20 17:30:00,2025-08-20T17:30:00Z,validation,8509,0,Tier A,tier_a_primary,Tier_A_full_context,c08_extreme_compression_stress,flat
2025.08.20 17:35:00,2025-08-20T17:35:00Z,validation,8510,0,Tier A,tier_a_primary,Tier_A_full_context,c08_extreme_compression_stress,flat
2025.08.20 17:40:00,2025-08-20T17:40:00Z,validation,8511,0,Tier A,tier_a_primary,Tier_A_full_context,c08_extreme_compression_stress,flat
2025.08.20 17:45:00,2025-08-20T17:45:00Z,validation,8512,0,Tier A,tier_a_primary,Tier_A_full_context,c08_extreme_compression_stress,flat
2025.08.20 17:50:00,2025-08-20T17:50:00Z,validation,8513,0,Tier A,tier_a_primary,Tier_A_full_context,c08_extreme_compression_stress,flat
2025.08.20 17:55:00,2025-08-20T17:55:00Z,validation,8514,0,Tier A,tier_a_primary,Tier_A_full_context,c08_extreme_compression_stress,flat
2025.08.20 18:00:00,2025-08-20T18:00:00Z,validation,8515,0,Tier A,tier_a_primary,Tier_A_full_context,c08_extreme_compression_stress,flat
2025.08.20 18:05:00,2025-08-20T18:05:00Z,validation,8516,0,Tier A,tier_a_primary,Tier_A_full_context,c08_extreme_compression_stress,flat
2025.08.20 18:10:00,2025-08-20T18:10:00Z,validation,8517,0,Tier A,tier_a_primary,Tier_A_full_context,c08_extreme_compression_stress,flat
2025.08.20 18:15:00,2025-08-20T18:15:00Z,validation,8518,0,Tier A,tier_a_primary,Tier_A_full_context,c08_extreme_compression_stress,flat
2025.08.20 18:20:00,2025-08-20T18:20:00Z,validation,8519,0,Tier A,tier_a_primary,Tier_A_full_context,c08_extreme_compression_stress,flat
2025.08.20 18:25:00,2025-08-20T18:25:00Z,validation,8520,0,Tier A,tier_a_primary,Tier_A_full_context,c08_extreme_compression_stress,flat
2025.08.20 18:30:00,2025-08-20T18:30:00Z,validation,8521,0,Tier A,tier_a_primary,Tier_A_full_context,c08_extreme_compression_stress,flat
2025.08.20 18:35:00,2025-08-20T18:35:00Z,validation,8522,0,Tier A,tier_a_primary,Tier_A_full_context,c08_extreme_compression_stress,flat
2025.08.20 18:40:00,2025-08-20T18:40:00Z,validation,8523,0,Tier A,tier_a_primary,Tier_A_full_context,c08_extreme_compression_stress,flat
2025.08.20 18:45:00,2025-08-20T18:45:00Z,validation,8524,0,Tier A,tier_a_primary,Tier_A_full_context,c08_extreme_compression_stress,flat
2025.08.20 18:50:00,2025-08-20T18:50:00Z,validation,8525,0,Tier A,tier_a_primary,Tier_A_full_context,c08_extreme_compression_stress,flat
2025.08.20 18:55:00,2025-08-20T18:55:00Z,validation,8526,0,Tier A,tier_a_primary,Tier_A_full_context,c08_extreme_compression_stress,flat
2025.08.20 19:00:00,2025-08-20T19:00:00Z,validation,8527,0,Tier A,tier_a_primary,Tier_A_full_context,c08_extreme_compression_stress,flat
2025.08.20 19:05:00,2025-08-20T19:05:00Z,validation,8528,0,Tier A,tier_a_primary,Tier_A_full_context,c08_extreme_compression_stress,flat
2025.08.20 19:15:00,2025-08-20T19:15:00Z,validation,8529,0,Tier A,tier_a_primary,Tier_A_full_context,c08_extreme_compression_stress,flat
2025.08.20 19:20:00,2025-08-20T19:20:00Z,validation,8530,0,Tier A,tier_a_primary,Tier_A_full_context,c08_extreme_compression_stress,flat
2025.08.20 19:25:00,2025-08-20T19:25:00Z,validation,8531,0,Tier A,tier_a_primary,Tier_A_full_context,c08_extreme_compression_stress,flat
2025.08.20 19:30:00,2025-08-20T19:30:00Z,validation,8532,0,Tier A,tier_a_primary,Tier_A_full_context,c08_extreme_compression_stress,flat
2025.08.20 19:40:00,2025-08-20T19:40:00Z,validation,8533,0,Tier A,tier_a_primary,Tier_A_full_context,c08_extreme_compression_stress,flat
2025.08.20 19:50:00,2025-08-20T19:50:00Z,validation,8534,0,Tier A,tier_a_primary,Tier_A_full_context,c08_extreme_compression_stress,flat
2025.08.20 19:55:00,2025-08-20T19:55:00Z,validation,8535,0,Tier A,tier_a_primary,Tier_A_full_context,c08_extreme_compression_stress,flat
2025.08.20 20:00:00,2025-08-20T20:00:00Z,validation,8536,0,Tier A,tier_a_primary,Tier_A_full_context,c08_extreme_compression_stress,flat
2025.08.20 20:05:00,2025-08-20T20:05:00Z,validation,8537,0,Tier A,tier_a_primary,Tier_A_full_context,c08_extreme_compression_stress,flat
2025.08.20 20:15:00,2025-08-20T20:15:00Z,validation,8538,0,Tier A,tier_a_primary,Tier_A_full_context,c08_extreme_compression_stress,flat
2025.08.20 20:20:00,2025-08-20T20:20:00Z,validation,8539,0,Tier A,tier_a_primary,Tier_A_full_context,c08_extreme_compression_stress,flat
2025.08.20 20:25:00,2025-08-20T20:25:00Z,validation,8540,0,Tier A,tier_a_primary,Tier_A_full_context,c08_extreme_compression_stress,flat
2025.08.20 20:30:00,2025-08-20T20:30:00Z,validation,8541,0,Tier A,tier_a_primary,Tier_A_full_context,c08_extreme_compression_stress,flat
2025.08.20 20:35:00,2025-08-20T20:35:00Z,validation,8542,0,Tier A,tier_a_primary,Tier_A_full_context,c08_extreme_compression_stress,flat
2025.08.20 20:50:00,2025-08-20T20:50:00Z,validation,8543,0,Tier A,tier_a_primary,Tier_A_full_context,c08_extreme_compression_stress,flat
2025.08.20 20:55:00,2025-08-20T20:55:00Z,validation,8544,0,Tier A,tier_a_primary,Tier_A_full_context,c08_extreme_compression_stress,flat
2025.08.20 21:00:00,2025-08-20T21:00:00Z,validation,8545,0,Tier A,tier_a_primary,Tier_A_full_context,c08_extreme_compression_stress,flat
2025.08.20 21:05:00,2025-08-20T21:05:00Z,validation,8546,0,Tier A,tier_a_primary,Tier_A_full_context,c08_extreme_compression_stress,flat
2025.08.20 21:10:00,2025-08-20T21:10:00Z,validation,8547,0,Tier A,tier_a_primary,Tier_A_full_context,c08_extreme_compression_stress,flat
2025.08.20 21:15:00,2025-08-20T21:15:00Z,validation,8548,0,Tier A,tier_a_primary,Tier_A_full_context,c08_extreme_compression_stress,flat
2025.08.20 21:25:00,2025-08-20T21:25:00Z,validation,8549,0,Tier A,tier_a_primary,Tier_A_full_context,c08_extreme_compression_stress,flat
2025.08.20 21:30:00,2025-08-20T21:30:00Z,validation,8550,0,Tier A,tier_a_primary,Tier_A_full_context,c08_extreme_compression_stress,flat
2025.08.20 21:40:00,2025-08-20T21:40:00Z,validation,8551,0,Tier A,tier_a_primary,Tier_A_full_context,c08_extreme_compression_stress,flat
2025.08.20 21:50:00,2025-08-20T21:50:00Z,validation,8552,0,Tier A,tier_a_primary,Tier_A_full_context,c08_extreme_compression_stress,flat
2025.08.20 21:55:00,2025-08-20T21:55:00Z,validation,8553,0,Tier A,tier_a_primary,Tier_A_full_context,c08_extreme_compression_stress,flat
2025.08.20 22:00:00,2025-08-20T22:00:00Z,validation,8554,0,Tier A,tier_a_primary,Tier_A_full_context,c08_extreme_compression_stress,flat
2025.08.21 16:35:00,2025-08-21T16:35:00Z,validation,8555,0,Tier A,tier_a_primary,Tier_A_full_context,c08_extreme_compression_stress,flat
2025.08.21 16:40:00,2025-08-21T16:40:00Z,validation,8556,0,Tier A,tier_a_primary,Tier_A_full_context,c08_extreme_compression_stress,flat
2025.08.21 16:45:00,2025-08-21T16:45:00Z,validation,8557,0,Tier A,tier_a_primary,Tier_A_full_context,c08_extreme_compression_stress,flat
2025.08.21 16:50:00,2025-08-21T16:50:00Z,validation,8558,0,Tier A,tier_a_primary,Tier_A_full_context,c08_extreme_compression_stress,flat
2025.08.21 16:55:00,2025-08-21T16:55:00Z,validation,8559,-1,Tier A,tier_a_primary,Tier_A_full_context,c08_extreme_compression_stress,short
2025.08.21 17:00:00,2025-08-21T17:00:00Z,validation,8560,-1,Tier A,tier_a_primary,Tier_A_full_context,c08_extreme_compression_stress,short
2025.08.21 17:05:00,2025-08-21T17:05:00Z,validation,8561,0,Tier A,tier_a_primary,Tier_A_full_context,c08_extreme_compression_stress,long
2025.08.21 17:10:00,2025-08-21T17:10:00Z,validation,8562,0,Tier A,tier_a_primary,Tier_A_full_context,c08_extreme_compression_stress,flat
2025.08.21 17:15:00,2025-08-21T17:15:00Z,validation,8563,0,Tier A,tier_a_primary,Tier_A_full_context,c08_extreme_compression_stress,flat
2025.08.21 17:20:00,2025-08-21T17:20:00Z,validation,8564,0,Tier A,tier_a_primary,Tier_A_full_context,c08_extreme_compression_stress,flat
2025.08.21 17:25:00,2025-08-21T17:25:00Z,validation,8565,0,Tier A,tier_a_primary,Tier_A_full_context,c08_extreme_compression_stress,flat
2025.08.21 17:30:00,2025-08-21T17:30:00Z,validation,8566,0,Tier A,tier_a_primary,Tier_A_full_context,c08_extreme_compression_stress,flat
2025.08.21 17:35:00,2025-08-21T17:35:00Z,validation,8567,0,Tier A,tier_a_primary,Tier_A_full_context,c08_extreme_compression_stress,flat
2025.08.21 17:40:00,2025-08-21T17:40:00Z,validation,8568,0,Tier A,tier_a_primary,Tier_A_full_context,c08_extreme_compression_stress,flat
2025.08.21 17:45:00,2025-08-21T17:45:00Z,validation,8569,0,Tier A,tier_a_primary,Tier_A_full_context,c08_extreme_compression_stress,flat
2025.08.21 17:50:00,2025-08-21T17:50:00Z,validation,8570,0,Tier A,tier_a_primary,Tier_A_full_context,c08_extreme_compression_stress,flat
2025.08.21 17:55:00,2025-08-21T17:55:00Z,validation,8571,0,Tier A,tier_a_primary,Tier_A_full_context,c08_extreme_compression_stress,flat
2025.08.21 18:00:00,2025-08-21T18:00:00Z,validation,8572,0,Tier A,tier_a_primary,Tier_A_full_context,c08_extreme_compression_stress,flat
2025.08.21 18:05:00,2025-08-21T18:05:00Z,validation,8573,0,Tier A,tier_a_primary,Tier_A_full_context,c08_extreme_compression_stress,flat
2025.08.21 18:10:00,2025-08-21T18:10:00Z,validation,8574,0,Tier A,tier_a_primary,Tier_A_full_context,c08_extreme_compression_stress,flat
2025.08.21 18:15:00,2025-08-21T18:15:00Z,validation,8575,0,Tier A,tier_a_primary,Tier_A_full_context,c08_extreme_compression_stress,flat
2025.08.21 18:20:00,2025-08-21T18:20:00Z,validation,8576,0,Tier A,tier_a_primary,Tier_A_full_context,c08_extreme_compression_stress,flat
2025.08.21 18:25:00,2025-08-21T18:25:00Z,validation,8577,0,Tier A,tier_a_primary,Tier_A_full_context,c08_extreme_compression_stress,flat
2025.08.21 18:30:00,2025-08-21T18:30:00Z,validation,8578,0,Tier A,tier_a_primary,Tier_A_full_context,c08_extreme_compression_stress,flat
2025.08.21 18:35:00,2025-08-21T18:35:00Z,validation,8579,0,Tier A,tier_a_primary,Tier_A_full_context,c08_extreme_compression_stress,flat
2025.08.21 18:45:00,2025-08-21T18:45:00Z,validation,8580,0,Tier A,tier_a_primary,Tier_A_full_context,c08_extreme_compression_stress,flat
2025.08.21 18:50:00,2025-08-21T18:50:00Z,validation,8581,0,Tier A,tier_a_primary,Tier_A_full_context,c08_extreme_compression_stress,flat
2025.08.21 18:55:00,2025-08-21T18:55:00Z,validation,8582,0,Tier A,tier_a_primary,Tier_A_full_context,c08_extreme_compression_stress,flat
2025.08.21 19:00:00,2025-08-21T19:00:00Z,validation,8583,0,Tier A,tier_a_primary,Tier_A_full_context,c08_extreme_compression_stress,flat
2025.08.21 19:15:00,2025-08-21T19:15:00Z,validation,8584,0,Tier A,tier_a_primary,Tier_A_full_context,c08_extreme_compression_stress,flat
2025.08.21 19:20:00,2025-08-21T19:20:00Z,validation,8585,0,Tier A,tier_a_primary,Tier_A_full_context,c08_extreme_compression_stress,flat
2025.08.21 19:25:00,2025-08-21T19:25:00Z,validation,8586,0,Tier A,tier_a_primary,Tier_A_full_context,c08_extreme_compression_stress,flat
2025.08.21 19:30:00,2025-08-21T19:30:00Z,validation,8587,0,Tier A,tier_a_primary,Tier_A_full_context,c08_extreme_compression_stress,flat
2025.08.21 19:35:00,2025-08-21T19:35:00Z,validation,8588,0,Tier A,tier_a_primary,Tier_A_full_context,c08_extreme_compression_stress,flat
2025.08.21 19:45:00,2025-08-21T19:45:00Z,validation,8589,0,Tier A,tier_a_primary,Tier_A_full_context,c08_extreme_compression_stress,flat
2025.08.21 19:50:00,2025-08-21T19:50:00Z,validation,8590,0,Tier A,tier_a_primary,Tier_A_full_context,c08_extreme_compression_stress,flat
2025.08.21 19:55:00,2025-08-21T19:55:00Z,validation,8591,0,Tier A,tier_a_primary,Tier_A_full_context,c08_extreme_compression_stress,flat
2025.08.21 20:00:00,2025-08-21T20:00:00Z,validation,8592,0,Tier A,tier_a_primary,Tier_A_full_context,c08_extreme_compression_stress,flat
2025.08.21 20:05:00,2025-08-21T20:05:00Z,validation,8593,0,Tier A,tier_a_primary,Tier_A_full_context,c08_extreme_compression_stress,flat
2025.08.21 20:10:00,2025-08-21T20:10:00Z,validation,8594,0,Tier A,tier_a_primary,Tier_A_full_context,c08_extreme_compression_stress,flat
2025.08.21 20:15:00,2025-08-21T20:15:00Z,validation,8595,0,Tier A,tier_a_primary,Tier_A_full_context,c08_extreme_compression_stress,flat
2025.08.21 20:20:00,2025-08-21T20:20:00Z,validation,8596,0,Tier A,tier_a_primary,Tier_A_full_context,c08_extreme_compression_stress,flat
2025.08.21 20:25:00,2025-08-21T20:25:00Z,validation,8597,0,Tier A,tier_a_primary,Tier_A_full_context,c08_extreme_compression_stress,flat
2025.08.21 20:30:00,2025-08-21T20:30:00Z,validation,8598,0,Tier A,tier_a_primary,Tier_A_full_context,c08_extreme_compression_stress,flat
2025.08.21 20:35:00,2025-08-21T20:35:00Z,validation,8599,0,Tier A,tier_a_primary,Tier_A_full_context,c08_extreme_compression_stress,flat
2025.08.21 20:40:00,2025-08-21T20:40:00Z,validation,8600,0,Tier A,tier_a_primary,Tier_A_full_context,c08_extreme_compression_stress,flat
2025.08.21 20:45:00,2025-08-21T20:45:00Z,validation,8601,0,Tier A,tier_a_primary,Tier_A_full_context,c08_extreme_compression_stress,flat
2025.08.21 20:55:00,2025-08-21T20:55:00Z,validation,8602,0,Tier A,tier_a_primary,Tier_A_full_context,c08_extreme_compression_stress,flat
2025.08.21 21:00:00,2025-08-21T21:00:00Z,validation,8603,0,Tier A,tier_a_primary,Tier_A_full_context,c08_extreme_compression_stress,flat
2025.08.21 21:05:00,2025-08-21T21:05:00Z,validation,8604,0,Tier A,tier_a_primary,Tier_A_full_context,c08_extreme_compression_stress,flat
2025.08.21 21:10:00,2025-08-21T21:10:00Z,validation,8605,0,Tier A,tier_a_primary,Tier_A_full_context,c08_extreme_compression_stress,flat
2025.08.21 21:15:00,2025-08-21T21:15:00Z,validation,8606,0,Tier A,tier_a_primary,Tier_A_full_context,c08_extreme_compression_stress,flat
2025.08.21 21:20:00,2025-08-21T21:20:00Z,validation,8607,0,Tier A,tier_a_primary,Tier_A_full_context,c08_extreme_compression_stress,flat
2025.08.21 21:30:00,2025-08-21T21:30:00Z,validation,8608,0,Tier A,tier_a_primary,Tier_A_full_context,c08_extreme_compression_stress,flat
2025.08.21 21:35:00,2025-08-21T21:35:00Z,validation,8609,0,Tier A,tier_a_primary,Tier_A_full_context,c08_extreme_compression_stress,flat
2025.08.21 21:45:00,2025-08-21T21:45:00Z,validation,8610,0,Tier A,tier_a_primary,Tier_A_full_context,c08_extreme_compression_stress,flat
2025.08.21 21:50:00,2025-08-21T21:50:00Z,validation,8611,0,Tier A,tier_a_primary,Tier_A_full_context,c08_extreme_compression_stress,flat
2025.08.21 21:55:00,2025-08-21T21:55:00Z,validation,8612,0,Tier A,tier_a_primary,Tier_A_full_context,c08_extreme_compression_stress,flat
2025.08.21 22:00:00,2025-08-21T22:00:00Z,validation,8613,0,Tier A,tier_a_primary,Tier_A_full_context,c08_extreme_compression_stress,flat
2025.08.22 16:35:00,2025-08-22T16:35:00Z,validation,8614,-1,Tier A,tier_a_primary,Tier_A_full_context,c08_extreme_compression_stress,short
2025.08.22 16:40:00,2025-08-22T16:40:00Z,validation,8615,0,Tier A,tier_a_primary,Tier_A_full_context,c08_extreme_compression_stress,long
2025.08.22 16:45:00,2025-08-22T16:45:00Z,validation,8616,0,Tier A,tier_a_primary,Tier_A_full_context,c08_extreme_compression_stress,long
2025.08.22 16:50:00,2025-08-22T16:50:00Z,validation,8617,0,Tier A,tier_a_primary,Tier_A_full_context,c08_extreme_compression_stress,flat
2025.08.22 16:55:00,2025-08-22T16:55:00Z,validation,8618,0,Tier A,tier_a_primary,Tier_A_full_context,c08_extreme_compression_stress,flat
2025.08.22 17:00:00,2025-08-22T17:00:00Z,validation,8619,0,Tier A,tier_a_primary,Tier_A_full_context,c08_extreme_compression_stress,flat
2025.08.22 17:05:00,2025-08-22T17:05:00Z,validation,8620,0,Tier A,tier_a_primary,Tier_A_full_context,c08_extreme_compression_stress,flat
2025.08.22 17:10:00,2025-08-22T17:10:00Z,validation,8621,0,Tier A,tier_a_primary,Tier_A_full_context,c08_extreme_compression_stress,flat
2025.08.22 17:15:00,2025-08-22T17:15:00Z,validation,8622,0,Tier A,tier_a_primary,Tier_A_full_context,c08_extreme_compression_stress,flat
2025.08.22 17:20:00,2025-08-22T17:20:00Z,validation,8623,0,Tier A,tier_a_primary,Tier_A_full_context,c08_extreme_compression_stress,flat
2025.08.22 17:25:00,2025-08-22T17:25:00Z,validation,8624,0,Tier A,tier_a_primary,Tier_A_full_context,c08_extreme_compression_stress,flat
2025.08.22 17:30:00,2025-08-22T17:30:00Z,validation,8625,0,Tier A,tier_a_primary,Tier_A_full_context,c08_extreme_compression_stress,flat
2025.08.22 17:35:00,2025-08-22T17:35:00Z,validation,8626,0,Tier A,tier_a_primary,Tier_A_full_context,c08_extreme_compression_stress,flat
2025.08.22 17:40:00,2025-08-22T17:40:00Z,validation,8627,0,Tier A,tier_a_primary,Tier_A_full_context,c08_extreme_compression_stress,flat
2025.08.22 17:45:00,2025-08-22T17:45:00Z,validation,8628,0,Tier A,tier_a_primary,Tier_A_full_context,c08_extreme_compression_stress,flat
2025.08.22 17:50:00,2025-08-22T17:50:00Z,validation,8629,0,Tier A,tier_a_primary,Tier_A_full_context,c08_extreme_compression_stress,flat
2025.08.22 17:55:00,2025-08-22T17:55:00Z,validation,8630,0,Tier A,tier_a_primary,Tier_A_full_context,c08_extreme_compression_stress,flat
2025.08.22 18:05:00,2025-08-22T18:05:00Z,validation,8631,0,Tier A,tier_a_primary,Tier_A_full_context,c08_extreme_compression_stress,flat
2025.08.22 18:10:00,2025-08-22T18:10:00Z,validation,8632,0,Tier A,tier_a_primary,Tier_A_full_context,c08_extreme_compression_stress,flat
2025.08.22 18:15:00,2025-08-22T18:15:00Z,validation,8633,0,Tier A,tier_a_primary,Tier_A_full_context,c08_extreme_compression_stress,flat
2025.08.22 18:20:00,2025-08-22T18:20:00Z,validation,8634,0,Tier A,tier_a_primary,Tier_A_full_context,c08_extreme_compression_stress,flat
2025.08.22 18:30:00,2025-08-22T18:30:00Z,validation,8635,0,Tier A,tier_a_primary,Tier_A_full_context,c08_extreme_compression_stress,flat
2025.08.22 18:35:00,2025-08-22T18:35:00Z,validation,8636,0,Tier A,tier_a_primary,Tier_A_full_context,c08_extreme_compression_stress,flat
2025.08.22 18:40:00,2025-08-22T18:40:00Z,validation,8637,0,Tier A,tier_a_primary,Tier_A_full_context,c08_extreme_compression_stress,flat
2025.08.22 19:00:00,2025-08-22T19:00:00Z,validation,8638,0,Tier A,tier_a_primary,Tier_A_full_context,c08_extreme_compression_stress,flat
2025.08.22 19:05:00,2025-08-22T19:05:00Z,validation,8639,0,Tier A,tier_a_primary,Tier_A_full_context,c08_extreme_compression_stress,flat
2025.08.22 19:15:00,2025-08-22T19:15:00Z,validation,8640,0,Tier A,tier_a_primary,Tier_A_full_context,c08_extreme_compression_stress,flat
2025.08.22 19:20:00,2025-08-22T19:20:00Z,validation,8641,0,Tier A,tier_a_primary,Tier_A_full_context,c08_extreme_compression_stress,flat
2025.08.22 19:25:00,2025-08-22T19:25:00Z,validation,8642,0,Tier A,tier_a_primary,Tier_A_full_context,c08_extreme_compression_stress,flat
2025.08.22 19:30:00,2025-08-22T19:30:00Z,validation,8643,0,Tier A,tier_a_primary,Tier_A_full_context,c08_extreme_compression_stress,flat
2025.08.22 19:40:00,2025-08-22T19:40:00Z,validation,8644,0,Tier A,tier_a_primary,Tier_A_full_context,c08_extreme_compression_stress,flat
2025.08.22 19:45:00,2025-08-22T19:45:00Z,validation,8645,0,Tier A,tier_a_primary,Tier_A_full_context,c08_extreme_compression_stress,flat
2025.08.22 19:50:00,2025-08-22T19:50:00Z,validation,8646,0,Tier A,tier_a_primary,Tier_A_full_context,c08_extreme_compression_stress,flat
2025.08.22 19:55:00,2025-08-22T19:55:00Z,validation,8647,0,Tier A,tier_a_primary,Tier_A_full_context,c08_extreme_compression_stress,flat
2025.08.22 20:00:00,2025-08-22T20:00:00Z,validation,8648,0,Tier A,tier_a_primary,Tier_A_full_context,c08_extreme_compression_stress,flat
2025.08.22 20:05:00,2025-08-22T20:05:00Z,validation,8649,0,Tier A,tier_a_primary,Tier_A_full_context,c08_extreme_compression_stress,flat
2025.08.22 20:15:00,2025-08-22T20:15:00Z,validation,8650,0,Tier A,tier_a_primary,Tier_A_full_context,c08_extreme_compression_stress,flat
2025.08.22 20:50:00,2025-08-22T20:50:00Z,validation,8651,0,Tier A,tier_a_primary,Tier_A_full_context,c08_extreme_compression_stress,flat
2025.08.22 20:55:00,2025-08-22T20:55:00Z,validation,8652,0,Tier A,tier_a_primary,Tier_A_full_context,c08_extreme_compression_stress,flat
2025.08.22 21:00:00,2025-08-22T21:00:00Z,validation,8653,0,Tier A,tier_a_primary,Tier_A_full_context,c08_extreme_compression_stress,flat
2025.08.22 21:05:00,2025-08-22T21:05:00Z,validation,8654,0,Tier A,tier_a_primary,Tier_A_full_context,c08_extreme_compression_stress,flat
2025.08.22 21:10:00,2025-08-22T21:10:00Z,validation,8655,0,Tier A,tier_a_primary,Tier_A_full_context,c08_extreme_compression_stress,flat
2025.08.22 21:15:00,2025-08-22T21:15:00Z,validation,8656,0,Tier A,tier_a_primary,Tier_A_full_context,c08_extreme_compression_stress,flat
2025.08.22 21:20:00,2025-08-22T21:20:00Z,validation,8657,0,Tier A,tier_a_primary,Tier_A_full_context,c08_extreme_compression_stress,flat
2025.08.22 21:40:00,2025-08-22T21:40:00Z,validation,8658,0,Tier A,tier_a_primary,Tier_A_full_context,c08_extreme_compression_stress,flat
2025.08.22 22:00:00,2025-08-22T22:00:00Z,validation,8659,0,Tier A,tier_a_primary,Tier_A_full_context,c08_extreme_compression_stress,flat
2025.08.25 16:35:00,2025-08-25T16:35:00Z,validation,8660,0,Tier A,tier_a_primary,Tier_A_full_context,c08_extreme_compression_stress,flat
2025.08.25 16:40:00,2025-08-25T16:40:00Z,validation,8661,0,Tier A,tier_a_primary,Tier_A_full_context,c08_extreme_compression_stress,long
2025.08.25 16:45:00,2025-08-25T16:45:00Z,validation,8662,-1,Tier A,tier_a_primary,Tier_A_full_context,c08_extreme_compression_stress,short
2025.08.25 16:50:00,2025-08-25T16:50:00Z,validation,8663,0,Tier A,tier_a_primary,Tier_A_full_context,c08_extreme_compression_stress,long
2025.08.25 17:00:00,2025-08-25T17:00:00Z,validation,8664,0,Tier A,tier_a_primary,Tier_A_full_context,c08_extreme_compression_stress,long
2025.08.25 17:05:00,2025-08-25T17:05:00Z,validation,8665,0,Tier A,tier_a_primary,Tier_A_full_context,c08_extreme_compression_stress,long
2025.08.25 17:10:00,2025-08-25T17:10:00Z,validation,8666,0,Tier A,tier_a_primary,Tier_A_full_context,c08_extreme_compression_stress,flat
2025.08.25 17:20:00,2025-08-25T17:20:00Z,validation,8667,0,Tier A,tier_a_primary,Tier_A_full_context,c08_extreme_compression_stress,flat
2025.08.25 17:25:00,2025-08-25T17:25:00Z,validation,8668,0,Tier A,tier_a_primary,Tier_A_full_context,c08_extreme_compression_stress,flat
2025.08.25 17:30:00,2025-08-25T17:30:00Z,validation,8669,0,Tier A,tier_a_primary,Tier_A_full_context,c08_extreme_compression_stress,flat
2025.08.25 17:35:00,2025-08-25T17:35:00Z,validation,8670,0,Tier A,tier_a_primary,Tier_A_full_context,c08_extreme_compression_stress,flat
2025.08.25 17:40:00,2025-08-25T17:40:00Z,validation,8671,0,Tier A,tier_a_primary,Tier_A_full_context,c08_extreme_compression_stress,flat
2025.08.25 17:45:00,2025-08-25T17:45:00Z,validation,8672,0,Tier A,tier_a_primary,Tier_A_full_context,c08_extreme_compression_stress,flat
2025.08.25 17:50:00,2025-08-25T17:50:00Z,validation,8673,0,Tier A,tier_a_primary,Tier_A_full_context,c08_extreme_compression_stress,flat
2025.08.25 17:55:00,2025-08-25T17:55:00Z,validation,8674,0,Tier A,tier_a_primary,Tier_A_full_context,c08_extreme_compression_stress,flat
2025.08.25 18:00:00,2025-08-25T18:00:00Z,validation,8675,0,Tier A,tier_a_primary,Tier_A_full_context,c08_extreme_compression_stress,flat
2025.08.25 18:05:00,2025-08-25T18:05:00Z,validation,8676,0,Tier A,tier_a_primary,Tier_A_full_context,c08_extreme_compression_stress,flat
2025.08.25 18:10:00,2025-08-25T18:10:00Z,validation,8677,0,Tier A,tier_a_primary,Tier_A_full_context,c08_extreme_compression_stress,flat
2025.08.25 18:15:00,2025-08-25T18:15:00Z,validation,8678,0,Tier A,tier_a_primary,Tier_A_full_context,c08_extreme_compression_stress,flat
2025.08.25 18:20:00,2025-08-25T18:20:00Z,validation,8679,0,Tier A,tier_a_primary,Tier_A_full_context,c08_extreme_compression_stress,flat
2025.08.25 18:35:00,2025-08-25T18:35:00Z,validation,8680,0,Tier A,tier_a_primary,Tier_A_full_context,c08_extreme_compression_stress,flat
2025.08.25 18:40:00,2025-08-25T18:40:00Z,validation,8681,0,Tier A,tier_a_primary,Tier_A_full_context,c08_extreme_compression_stress,flat
2025.08.25 18:45:00,2025-08-25T18:45:00Z,validation,8682,0,Tier A,tier_a_primary,Tier_A_full_context,c08_extreme_compression_stress,flat
2025.08.25 18:50:00,2025-08-25T18:50:00Z,validation,8683,0,Tier A,tier_a_primary,Tier_A_full_context,c08_extreme_compression_stress,flat
2025.08.25 18:55:00,2025-08-25T18:55:00Z,validation,8684,0,Tier A,tier_a_primary,Tier_A_full_context,c08_extreme_compression_stress,flat
2025.08.25 19:20:00,2025-08-25T19:20:00Z,validation,8685,0,Tier A,tier_a_primary,Tier_A_full_context,c08_extreme_compression_stress,flat
2025.08.25 19:50:00,2025-08-25T19:50:00Z,validation,8686,0,Tier A,tier_a_primary,Tier_A_full_context,c08_extreme_compression_stress,flat
2025.08.25 20:05:00,2025-08-25T20:05:00Z,validation,8687,0,Tier A,tier_a_primary,Tier_A_full_context,c08_extreme_compression_stress,flat
2025.08.25 20:10:00,2025-08-25T20:10:00Z,validation,8688,0,Tier A,tier_a_primary,Tier_A_full_context,c08_extreme_compression_stress,long
2025.08.25 20:30:00,2025-08-25T20:30:00Z,validation,8689,0,Tier A,tier_a_primary,Tier_A_full_context,c08_extreme_compression_stress,flat
2025.08.25 20:35:00,2025-08-25T20:35:00Z,validation,8690,0,Tier A,tier_a_primary,Tier_A_full_context,c08_extreme_compression_stress,flat
2025.08.25 20:45:00,2025-08-25T20:45:00Z,validation,8691,0,Tier A,tier_a_primary,Tier_A_full_context,c08_extreme_compression_stress,flat
2025.08.25 20:50:00,2025-08-25T20:50:00Z,validation,8692,0,Tier A,tier_a_primary,Tier_A_full_context,c08_extreme_compression_stress,flat
2025.08.25 21:05:00,2025-08-25T21:05:00Z,validation,8693,0,Tier A,tier_a_primary,Tier_A_full_context,c08_extreme_compression_stress,flat
2025.08.25 21:30:00,2025-08-25T21:30:00Z,validation,8694,0,Tier A,tier_a_primary,Tier_A_full_context,c08_extreme_compression_stress,flat
2025.08.25 21:35:00,2025-08-25T21:35:00Z,validation,8695,0,Tier A,tier_a_primary,Tier_A_full_context,c08_extreme_compression_stress,flat
2025.08.25 21:40:00,2025-08-25T21:40:00Z,validation,8696,0,Tier A,tier_a_primary,Tier_A_full_context,c08_extreme_compression_stress,flat
2025.08.25 22:00:00,2025-08-25T22:00:00Z,validation,8697,0,Tier A,tier_a_primary,Tier_A_full_context,c08_extreme_compression_stress,flat
2025.08.26 16:35:00,2025-08-26T16:35:00Z,validation,8698,0,Tier A,tier_a_primary,Tier_A_full_context,c08_extreme_compression_stress,long
2025.08.26 16:40:00,2025-08-26T16:40:00Z,validation,8699,0,Tier A,tier_a_primary,Tier_A_full_context,c08_extreme_compression_stress,flat
2025.08.26 16:45:00,2025-08-26T16:45:00Z,validation,8700,0,Tier A,tier_a_primary,Tier_A_full_context,c08_extreme_compression_stress,flat
2025.08.26 16:50:00,2025-08-26T16:50:00Z,validation,8701,0,Tier A,tier_a_primary,Tier_A_full_context,c08_extreme_compression_stress,flat
2025.08.26 16:55:00,2025-08-26T16:55:00Z,validation,8702,0,Tier A,tier_a_primary,Tier_A_full_context,c08_extreme_compression_stress,long
2025.08.26 17:00:00,2025-08-26T17:00:00Z,validation,8703,0,Tier A,tier_a_primary,Tier_A_full_context,c08_extreme_compression_stress,flat
2025.08.26 17:05:00,2025-08-26T17:05:00Z,validation,8704,0,Tier A,tier_a_primary,Tier_A_full_context,c08_extreme_compression_stress,flat
2025.08.26 17:10:00,2025-08-26T17:10:00Z,validation,8705,0,Tier A,tier_a_primary,Tier_A_full_context,c08_extreme_compression_stress,flat
2025.08.26 17:15:00,2025-08-26T17:15:00Z,validation,8706,0,Tier A,tier_a_primary,Tier_A_full_context,c08_extreme_compression_stress,flat
2025.08.26 17:20:00,2025-08-26T17:20:00Z,validation,8707,0,Tier A,tier_a_primary,Tier_A_full_context,c08_extreme_compression_stress,flat
2025.08.26 17:25:00,2025-08-26T17:25:00Z,validation,8708,0,Tier A,tier_a_primary,Tier_A_full_context,c08_extreme_compression_stress,flat
2025.08.26 17:30:00,2025-08-26T17:30:00Z,validation,8709,0,Tier A,tier_a_primary,Tier_A_full_context,c08_extreme_compression_stress,flat
2025.08.26 17:35:00,2025-08-26T17:35:00Z,validation,8710,0,Tier A,tier_a_primary,Tier_A_full_context,c08_extreme_compression_stress,flat
2025.08.26 17:40:00,2025-08-26T17:40:00Z,validation,8711,0,Tier A,tier_a_primary,Tier_A_full_context,c08_extreme_compression_stress,flat
2025.08.26 17:45:00,2025-08-26T17:45:00Z,validation,8712,0,Tier A,tier_a_primary,Tier_A_full_context,c08_extreme_compression_stress,flat
2025.08.26 17:50:00,2025-08-26T17:50:00Z,validation,8713,0,Tier A,tier_a_primary,Tier_A_full_context,c08_extreme_compression_stress,flat
2025.08.26 18:00:00,2025-08-26T18:00:00Z,validation,8714,0,Tier A,tier_a_primary,Tier_A_full_context,c08_extreme_compression_stress,flat
2025.08.26 18:15:00,2025-08-26T18:15:00Z,validation,8715,0,Tier A,tier_a_primary,Tier_A_full_context,c08_extreme_compression_stress,flat
2025.08.26 18:20:00,2025-08-26T18:20:00Z,validation,8716,0,Tier A,tier_a_primary,Tier_A_full_context,c08_extreme_compression_stress,flat
2025.08.26 18:25:00,2025-08-26T18:25:00Z,validation,8717,0,Tier A,tier_a_primary,Tier_A_full_context,c08_extreme_compression_stress,flat
2025.08.26 18:30:00,2025-08-26T18:30:00Z,validation,8718,0,Tier A,tier_a_primary,Tier_A_full_context,c08_extreme_compression_stress,flat
2025.08.26 18:50:00,2025-08-26T18:50:00Z,validation,8719,0,Tier A,tier_a_primary,Tier_A_full_context,c08_extreme_compression_stress,flat
2025.08.26 18:55:00,2025-08-26T18:55:00Z,validation,8720,0,Tier A,tier_a_primary,Tier_A_full_context,c08_extreme_compression_stress,flat
2025.08.26 19:05:00,2025-08-26T19:05:00Z,validation,8721,0,Tier A,tier_a_primary,Tier_A_full_context,c08_extreme_compression_stress,flat
2025.08.26 19:10:00,2025-08-26T19:10:00Z,validation,8722,0,Tier A,tier_a_primary,Tier_A_full_context,c08_extreme_compression_stress,flat
2025.08.26 19:15:00,2025-08-26T19:15:00Z,validation,8723,0,Tier A,tier_a_primary,Tier_A_full_context,c08_extreme_compression_stress,flat
2025.08.26 19:25:00,2025-08-26T19:25:00Z,validation,8724,0,Tier A,tier_a_primary,Tier_A_full_context,c08_extreme_compression_stress,flat
2025.08.26 19:45:00,2025-08-26T19:45:00Z,validation,8725,0,Tier A,tier_a_primary,Tier_A_full_context,c08_extreme_compression_stress,flat
2025.08.26 20:00:00,2025-08-26T20:00:00Z,validation,8726,0,Tier A,tier_a_primary,Tier_A_full_context,c08_extreme_compression_stress,flat
2025.08.26 20:05:00,2025-08-26T20:05:00Z,validation,8727,0,Tier A,tier_a_primary,Tier_A_full_context,c08_extreme_compression_stress,flat
2025.08.26 20:15:00,2025-08-26T20:15:00Z,validation,8728,0,Tier A,tier_a_primary,Tier_A_full_context,c08_extreme_compression_stress,flat
2025.08.26 20:20:00,2025-08-26T20:20:00Z,validation,8729,0,Tier A,tier_a_primary,Tier_A_full_context,c08_extreme_compression_stress,flat
2025.08.26 20:30:00,2025-08-26T20:30:00Z,validation,8730,0,Tier A,tier_a_primary,Tier_A_full_context,c08_extreme_compression_stress,flat
2025.08.26 20:45:00,2025-08-26T20:45:00Z,validation,8731,0,Tier A,tier_a_primary,Tier_A_full_context,c08_extreme_compression_stress,flat
2025.08.26 20:50:00,2025-08-26T20:50:00Z,validation,8732,0,Tier A,tier_a_primary,Tier_A_full_context,c08_extreme_compression_stress,flat
2025.08.26 20:55:00,2025-08-26T20:55:00Z,validation,8733,-1,Tier A,tier_a_primary,Tier_A_full_context,c08_extreme_compression_stress,short
2025.08.26 21:00:00,2025-08-26T21:00:00Z,validation,8734,1,Tier A,tier_a_primary,Tier_A_full_context,c08_extreme_compression_stress,long
2025.08.26 21:05:00,2025-08-26T21:05:00Z,validation,8735,0,Tier A,tier_a_primary,Tier_A_full_context,c08_extreme_compression_stress,flat
2025.08.26 21:30:00,2025-08-26T21:30:00Z,validation,8736,0,Tier A,tier_a_primary,Tier_A_full_context,c08_extreme_compression_stress,flat
2025.08.26 21:35:00,2025-08-26T21:35:00Z,validation,8737,0,Tier A,tier_a_primary,Tier_A_full_context,c08_extreme_compression_stress,flat
2025.08.26 22:00:00,2025-08-26T22:00:00Z,validation,8738,0,Tier A,tier_a_primary,Tier_A_full_context,c08_extreme_compression_stress,flat
2025.08.27 16:35:00,2025-08-27T16:35:00Z,validation,8739,0,Tier A,tier_a_primary,Tier_A_full_context,c08_extreme_compression_stress,flat
2025.08.27 16:40:00,2025-08-27T16:40:00Z,validation,8740,0,Tier A,tier_a_primary,Tier_A_full_context,c08_extreme_compression_stress,flat
2025.08.27 16:45:00,2025-08-27T16:45:00Z,validation,8741,0,Tier A,tier_a_primary,Tier_A_full_context,c08_extreme_compression_stress,flat
2025.08.27 16:50:00,2025-08-27T16:50:00Z,validation,8742,0,Tier A,tier_a_primary,Tier_A_full_context,c08_extreme_compression_stress,flat
2025.08.27 16:55:00,2025-08-27T16:55:00Z,validation,8743,0,Tier A,tier_a_primary,Tier_A_full_context,c08_extreme_compression_stress,flat
2025.08.27 17:00:00,2025-08-27T17:00:00Z,validation,8744,0,Tier A,tier_a_primary,Tier_A_full_context,c08_extreme_compression_stress,flat
2025.08.27 17:05:00,2025-08-27T17:05:00Z,validation,8745,0,Tier A,tier_a_primary,Tier_A_full_context,c08_extreme_compression_stress,flat
2025.08.27 17:10:00,2025-08-27T17:10:00Z,validation,8746,0,Tier A,tier_a_primary,Tier_A_full_context,c08_extreme_compression_stress,long
2025.08.27 17:25:00,2025-08-27T17:25:00Z,validation,8747,0,Tier A,tier_a_primary,Tier_A_full_context,c08_extreme_compression_stress,flat
2025.08.27 17:35:00,2025-08-27T17:35:00Z,validation,8748,0,Tier A,tier_a_primary,Tier_A_full_context,c08_extreme_compression_stress,flat
2025.08.27 17:50:00,2025-08-27T17:50:00Z,validation,8749,0,Tier A,tier_a_primary,Tier_A_full_context,c08_extreme_compression_stress,flat
2025.08.27 18:05:00,2025-08-27T18:05:00Z,validation,8750,0,Tier A,tier_a_primary,Tier_A_full_context,c08_extreme_compression_stress,flat
2025.08.27 18:10:00,2025-08-27T18:10:00Z,validation,8751,0,Tier A,tier_a_primary,Tier_A_full_context,c08_extreme_compression_stress,flat
2025.08.27 18:30:00,2025-08-27T18:30:00Z,validation,8752,0,Tier A,tier_a_primary,Tier_A_full_context,c08_extreme_compression_stress,flat
2025.08.27 18:35:00,2025-08-27T18:35:00Z,validation,8753,0,Tier A,tier_a_primary,Tier_A_full_context,c08_extreme_compression_stress,flat
2025.08.27 18:45:00,2025-08-27T18:45:00Z,validation,8754,0,Tier A,tier_a_primary,Tier_A_full_context,c08_extreme_compression_stress,flat
2025.08.27 18:50:00,2025-08-27T18:50:00Z,validation,8755,0,Tier A,tier_a_primary,Tier_A_full_context,c08_extreme_compression_stress,long
2025.08.27 19:00:00,2025-08-27T19:00:00Z,validation,8756,0,Tier A,tier_a_primary,Tier_A_full_context,c08_extreme_compression_stress,flat
2025.08.27 19:25:00,2025-08-27T19:25:00Z,validation,8757,0,Tier A,tier_a_primary,Tier_A_full_context,c08_extreme_compression_stress,flat
2025.08.27 19:30:00,2025-08-27T19:30:00Z,validation,8758,0,Tier A,tier_a_primary,Tier_A_full_context,c08_extreme_compression_stress,flat
2025.08.27 19:35:00,2025-08-27T19:35:00Z,validation,8759,0,Tier A,tier_a_primary,Tier_A_full_context,c08_extreme_compression_stress,flat
2025.08.27 19:40:00,2025-08-27T19:40:00Z,validation,8760,0,Tier A,tier_a_primary,Tier_A_full_context,c08_extreme_compression_stress,flat
2025.08.27 19:45:00,2025-08-27T19:45:00Z,validation,8761,0,Tier A,tier_a_primary,Tier_A_full_context,c08_extreme_compression_stress,flat
2025.08.27 19:50:00,2025-08-27T19:50:00Z,validation,8762,0,Tier A,tier_a_primary,Tier_A_full_context,c08_extreme_compression_stress,flat
2025.08.27 20:00:00,2025-08-27T20:00:00Z,validation,8763,0,Tier A,tier_a_primary,Tier_A_full_context,c08_extreme_compression_stress,flat
2025.08.27 20:05:00,2025-08-27T20:05:00Z,validation,8764,0,Tier A,tier_a_primary,Tier_A_full_context,c08_extreme_compression_stress,flat
2025.08.27 20:15:00,2025-08-27T20:15:00Z,validation,8765,0,Tier A,tier_a_primary,Tier_A_full_context,c08_extreme_compression_stress,flat
2025.08.27 20:20:00,2025-08-27T20:20:00Z,validation,8766,0,Tier A,tier_a_primary,Tier_A_full_context,c08_extreme_compression_stress,flat
2025.08.27 20:25:00,2025-08-27T20:25:00Z,validation,8767,0,Tier A,tier_a_primary,Tier_A_full_context,c08_extreme_compression_stress,flat
2025.08.27 20:35:00,2025-08-27T20:35:00Z,validation,8768,0,Tier A,tier_a_primary,Tier_A_full_context,c08_extreme_compression_stress,flat
2025.08.27 20:40:00,2025-08-27T20:40:00Z,validation,8769,0,Tier A,tier_a_primary,Tier_A_full_context,c08_extreme_compression_stress,flat
2025.08.27 21:15:00,2025-08-27T21:15:00Z,validation,8770,1,Tier A,tier_a_primary,Tier_A_full_context,c08_extreme_compression_stress,long
2025.08.27 21:55:00,2025-08-27T21:55:00Z,validation,8771,0,Tier A,tier_a_primary,Tier_A_full_context,c08_extreme_compression_stress,flat
2025.08.27 22:00:00,2025-08-27T22:00:00Z,validation,8772,0,Tier A,tier_a_primary,Tier_A_full_context,c08_extreme_compression_stress,flat
2025.08.28 16:35:00,2025-08-28T16:35:00Z,validation,8773,0,Tier A,tier_a_primary,Tier_A_full_context,c08_extreme_compression_stress,flat
2025.08.28 16:40:00,2025-08-28T16:40:00Z,validation,8774,0,Tier A,tier_a_primary,Tier_A_full_context,c08_extreme_compression_stress,flat
2025.08.28 16:45:00,2025-08-28T16:45:00Z,validation,8775,0,Tier A,tier_a_primary,Tier_A_full_context,c08_extreme_compression_stress,flat
2025.08.28 16:50:00,2025-08-28T16:50:00Z,validation,8776,0,Tier A,tier_a_primary,Tier_A_full_context,c08_extreme_compression_stress,flat
2025.08.28 16:55:00,2025-08-28T16:55:00Z,validation,8777,0,Tier A,tier_a_primary,Tier_A_full_context,c08_extreme_compression_stress,flat
2025.08.28 17:00:00,2025-08-28T17:00:00Z,validation,8778,0,Tier A,tier_a_primary,Tier_A_full_context,c08_extreme_compression_stress,flat
2025.08.28 17:05:00,2025-08-28T17:05:00Z,validation,8779,0,Tier A,tier_a_primary,Tier_A_full_context,c08_extreme_compression_stress,flat
2025.08.28 17:10:00,2025-08-28T17:10:00Z,validation,8780,0,Tier A,tier_a_primary,Tier_A_full_context,c08_extreme_compression_stress,flat
2025.08.28 17:15:00,2025-08-28T17:15:00Z,validation,8781,0,Tier A,tier_a_primary,Tier_A_full_context,c08_extreme_compression_stress,flat
2025.08.28 17:20:00,2025-08-28T17:20:00Z,validation,8782,0,Tier A,tier_a_primary,Tier_A_full_context,c08_extreme_compression_stress,flat
2025.08.28 17:25:00,2025-08-28T17:25:00Z,validation,8783,0,Tier A,tier_a_primary,Tier_A_full_context,c08_extreme_compression_stress,flat
2025.08.28 17:30:00,2025-08-28T17:30:00Z,validation,8784,0,Tier A,tier_a_primary,Tier_A_full_context,c08_extreme_compression_stress,flat
2025.08.28 17:35:00,2025-08-28T17:35:00Z,validation,8785,0,Tier A,tier_a_primary,Tier_A_full_context,c08_extreme_compression_stress,flat
2025.08.28 17:40:00,2025-08-28T17:40:00Z,validation,8786,0,Tier A,tier_a_primary,Tier_A_full_context,c08_extreme_compression_stress,flat
2025.08.28 17:45:00,2025-08-28T17:45:00Z,validation,8787,0,Tier A,tier_a_primary,Tier_A_full_context,c08_extreme_compression_stress,flat
2025.08.28 17:50:00,2025-08-28T17:50:00Z,validation,8788,0,Tier A,tier_a_primary,Tier_A_full_context,c08_extreme_compression_stress,flat
2025.08.28 18:00:00,2025-08-28T18:00:00Z,validation,8789,0,Tier A,tier_a_primary,Tier_A_full_context,c08_extreme_compression_stress,flat
2025.08.28 18:05:00,2025-08-28T18:05:00Z,validation,8790,0,Tier A,tier_a_primary,Tier_A_full_context,c08_extreme_compression_stress,flat
2025.08.28 18:10:00,2025-08-28T18:10:00Z,validation,8791,0,Tier A,tier_a_primary,Tier_A_full_context,c08_extreme_compression_stress,flat
2025.08.28 18:15:00,2025-08-28T18:15:00Z,validation,8792,0,Tier A,tier_a_primary,Tier_A_full_context,c08_extreme_compression_stress,flat
2025.08.28 18:25:00,2025-08-28T18:25:00Z,validation,8793,0,Tier A,tier_a_primary,Tier_A_full_context,c08_extreme_compression_stress,flat
2025.08.28 18:30:00,2025-08-28T18:30:00Z,validation,8794,0,Tier A,tier_a_primary,Tier_A_full_context,c08_extreme_compression_stress,flat
2025.08.28 18:40:00,2025-08-28T18:40:00Z,validation,8795,0,Tier A,tier_a_primary,Tier_A_full_context,c08_extreme_compression_stress,flat
2025.08.28 18:50:00,2025-08-28T18:50:00Z,validation,8796,0,Tier A,tier_a_primary,Tier_A_full_context,c08_extreme_compression_stress,flat
2025.08.28 19:00:00,2025-08-28T19:00:00Z,validation,8797,0,Tier A,tier_a_primary,Tier_A_full_context,c08_extreme_compression_stress,flat
2025.08.28 19:15:00,2025-08-28T19:15:00Z,validation,8798,0,Tier A,tier_a_primary,Tier_A_full_context,c08_extreme_compression_stress,flat
2025.08.28 19:35:00,2025-08-28T19:35:00Z,validation,8799,0,Tier A,tier_a_primary,Tier_A_full_context,c08_extreme_compression_stress,flat
2025.08.28 19:40:00,2025-08-28T19:40:00Z,validation,8800,0,Tier A,tier_a_primary,Tier_A_full_context,c08_extreme_compression_stress,flat
2025.08.28 19:45:00,2025-08-28T19:45:00Z,validation,8801,0,Tier A,tier_a_primary,Tier_A_full_context,c08_extreme_compression_stress,flat
2025.08.28 19:55:00,2025-08-28T19:55:00Z,validation,8802,0,Tier A,tier_a_primary,Tier_A_full_context,c08_extreme_compression_stress,flat
2025.08.28 20:00:00,2025-08-28T20:00:00Z,validation,8803,0,Tier A,tier_a_primary,Tier_A_full_context,c08_extreme_compression_stress,flat
2025.08.28 20:05:00,2025-08-28T20:05:00Z,validation,8804,0,Tier A,tier_a_primary,Tier_A_full_context,c08_extreme_compression_stress,flat
2025.08.28 20:25:00,2025-08-28T20:25:00Z,validation,8805,0,Tier A,tier_a_primary,Tier_A_full_context,c08_extreme_compression_stress,flat
2025.08.28 20:40:00,2025-08-28T20:40:00Z,validation,8806,0,Tier A,tier_a_primary,Tier_A_full_context,c08_extreme_compression_stress,flat
2025.08.28 20:45:00,2025-08-28T20:45:00Z,validation,8807,0,Tier A,tier_a_primary,Tier_A_full_context,c08_extreme_compression_stress,flat
2025.08.28 22:00:00,2025-08-28T22:00:00Z,validation,8808,0,Tier A,tier_a_primary,Tier_A_full_context,c08_extreme_compression_stress,flat
2025.08.29 16:35:00,2025-08-29T16:35:00Z,validation,8809,0,Tier A,tier_a_primary,Tier_A_full_context,c08_extreme_compression_stress,flat
2025.08.29 16:40:00,2025-08-29T16:40:00Z,validation,8810,-1,Tier A,tier_a_primary,Tier_A_full_context,c08_extreme_compression_stress,short
2025.08.29 16:45:00,2025-08-29T16:45:00Z,validation,8811,0,Tier A,tier_a_primary,Tier_A_full_context,c08_extreme_compression_stress,flat
2025.08.29 16:50:00,2025-08-29T16:50:00Z,validation,8812,0,Tier A,tier_a_primary,Tier_A_full_context,c08_extreme_compression_stress,flat
2025.08.29 16:55:00,2025-08-29T16:55:00Z,validation,8813,0,Tier A,tier_a_primary,Tier_A_full_context,c08_extreme_compression_stress,flat
2025.08.29 17:00:00,2025-08-29T17:00:00Z,validation,8814,0,Tier A,tier_a_primary,Tier_A_full_context,c08_extreme_compression_stress,flat
2025.08.29 17:05:00,2025-08-29T17:05:00Z,validation,8815,0,Tier A,tier_a_primary,Tier_A_full_context,c08_extreme_compression_stress,flat
2025.08.29 17:10:00,2025-08-29T17:10:00Z,validation,8816,0,Tier A,tier_a_primary,Tier_A_full_context,c08_extreme_compression_stress,flat
2025.08.29 17:15:00,2025-08-29T17:15:00Z,validation,8817,0,Tier A,tier_a_primary,Tier_A_full_context,c08_extreme_compression_stress,flat
2025.08.29 17:20:00,2025-08-29T17:20:00Z,validation,8818,0,Tier A,tier_a_primary,Tier_A_full_context,c08_extreme_compression_stress,flat
2025.08.29 17:25:00,2025-08-29T17:25:00Z,validation,8819,0,Tier A,tier_a_primary,Tier_A_full_context,c08_extreme_compression_stress,flat
2025.08.29 17:30:00,2025-08-29T17:30:00Z,validation,8820,0,Tier A,tier_a_primary,Tier_A_full_context,c08_extreme_compression_stress,flat
2025.08.29 17:35:00,2025-08-29T17:35:00Z,validation,8821,0,Tier A,tier_a_primary,Tier_A_full_context,c08_extreme_compression_stress,flat
2025.08.29 17:40:00,2025-08-29T17:40:00Z,validation,8822,0,Tier A,tier_a_primary,Tier_A_full_context,c08_extreme_compression_stress,flat
2025.08.29 17:45:00,2025-08-29T17:45:00Z,validation,8823,0,Tier A,tier_a_primary,Tier_A_full_context,c08_extreme_compression_stress,flat
2025.08.29 17:50:00,2025-08-29T17:50:00Z,validation,8824,0,Tier A,tier_a_primary,Tier_A_full_context,c08_extreme_compression_stress,flat
2025.08.29 17:55:00,2025-08-29T17:55:00Z,validation,8825,0,Tier A,tier_a_primary,Tier_A_full_context,c08_extreme_compression_stress,flat
2025.08.29 18:00:00,2025-08-29T18:00:00Z,validation,8826,0,Tier A,tier_a_primary,Tier_A_full_context,c08_extreme_compression_stress,flat
2025.08.29 18:05:00,2025-08-29T18:05:00Z,validation,8827,0,Tier A,tier_a_primary,Tier_A_full_context,c08_extreme_compression_stress,flat
2025.08.29 18:10:00,2025-08-29T18:10:00Z,validation,8828,0,Tier A,tier_a_primary,Tier_A_full_context,c08_extreme_compression_stress,flat
2025.08.29 18:15:00,2025-08-29T18:15:00Z,validation,8829,0,Tier A,tier_a_primary,Tier_A_full_context,c08_extreme_compression_stress,flat
2025.08.29 18:20:00,2025-08-29T18:20:00Z,validation,8830,0,Tier A,tier_a_primary,Tier_A_full_context,c08_extreme_compression_stress,flat
2025.08.29 18:25:00,2025-08-29T18:25:00Z,validation,8831,0,Tier A,tier_a_primary,Tier_A_full_context,c08_extreme_compression_stress,flat
2025.08.29 18:30:00,2025-08-29T18:30:00Z,validation,8832,0,Tier A,tier_a_primary,Tier_A_full_context,c08_extreme_compression_stress,flat
2025.08.29 18:35:00,2025-08-29T18:35:00Z,validation,8833,0,Tier A,tier_a_primary,Tier_A_full_context,c08_extreme_compression_stress,flat
2025.08.29 18:40:00,2025-08-29T18:40:00Z,validation,8834,0,Tier A,tier_a_primary,Tier_A_full_context,c08_extreme_compression_stress,flat
2025.08.29 18:45:00,2025-08-29T18:45:00Z,validation,8835,0,Tier A,tier_a_primary,Tier_A_full_context,c08_extreme_compression_stress,flat
2025.08.29 18:50:00,2025-08-29T18:50:00Z,validation,8836,0,Tier A,tier_a_primary,Tier_A_full_context,c08_extreme_compression_stress,flat
2025.08.29 18:55:00,2025-08-29T18:55:00Z,validation,8837,0,Tier A,tier_a_primary,Tier_A_full_context,c08_extreme_compression_stress,flat
2025.08.29 19:00:00,2025-08-29T19:00:00Z,validation,8838,0,Tier A,tier_a_primary,Tier_A_full_context,c08_extreme_compression_stress,flat
2025.08.29 19:05:00,2025-08-29T19:05:00Z,validation,8839,0,Tier A,tier_a_primary,Tier_A_full_context,c08_extreme_compression_stress,flat
2025.08.29 19:10:00,2025-08-29T19:10:00Z,validation,8840,0,Tier A,tier_a_primary,Tier_A_full_context,c08_extreme_compression_stress,flat
2025.08.29 19:15:00,2025-08-29T19:15:00Z,validation,8841,0,Tier A,tier_a_primary,Tier_A_full_context,c08_extreme_compression_stress,flat
2025.08.29 19:25:00,2025-08-29T19:25:00Z,validation,8842,0,Tier A,tier_a_primary,Tier_A_full_context,c08_extreme_compression_stress,flat
2025.08.29 19:30:00,2025-08-29T19:30:00Z,validation,8843,0,Tier A,tier_a_primary,Tier_A_full_context,c08_extreme_compression_stress,flat
2025.08.29 19:35:00,2025-08-29T19:35:00Z,validation,8844,0,Tier A,tier_a_primary,Tier_A_full_context,c08_extreme_compression_stress,flat
2025.08.29 19:40:00,2025-08-29T19:40:00Z,validation,8845,0,Tier A,tier_a_primary,Tier_A_full_context,c08_extreme_compression_stress,flat
2025.08.29 19:45:00,2025-08-29T19:45:00Z,validation,8846,0,Tier A,tier_a_primary,Tier_A_full_context,c08_extreme_compression_stress,flat
2025.08.29 19:50:00,2025-08-29T19:50:00Z,validation,8847,0,Tier A,tier_a_primary,Tier_A_full_context,c08_extreme_compression_stress,flat
2025.08.29 19:55:00,2025-08-29T19:55:00Z,validation,8848,0,Tier A,tier_a_primary,Tier_A_full_context,c08_extreme_compression_stress,flat
2025.08.29 20:00:00,2025-08-29T20:00:00Z,validation,8849,0,Tier A,tier_a_primary,Tier_A_full_context,c08_extreme_compression_stress,flat
2025.08.29 20:05:00,2025-08-29T20:05:00Z,validation,8850,-1,Tier A,tier_a_primary,Tier_A_full_context,c08_extreme_compression_stress,short
2025.08.29 20:10:00,2025-08-29T20:10:00Z,validation,8851,0,Tier A,tier_a_primary,Tier_A_full_context,c08_extreme_compression_stress,flat
2025.08.29 20:15:00,2025-08-29T20:15:00Z,validation,8852,-1,Tier A,tier_a_primary,Tier_A_full_context,c08_extreme_compression_stress,short
2025.08.29 20:20:00,2025-08-29T20:20:00Z,validation,8853,0,Tier A,tier_a_primary,Tier_A_full_context,c08_extreme_compression_stress,flat
2025.08.29 20:25:00,2025-08-29T20:25:00Z,validation,8854,1,Tier A,tier_a_primary,Tier_A_full_context,c08_extreme_compression_stress,long
2025.08.29 20:30:00,2025-08-29T20:30:00Z,validation,8855,0,Tier A,tier_a_primary,Tier_A_full_context,c08_extreme_compression_stress,flat
2025.08.29 20:35:00,2025-08-29T20:35:00Z,validation,8856,0,Tier A,tier_a_primary,Tier_A_full_context,c08_extreme_compression_stress,flat
2025.08.29 20:45:00,2025-08-29T20:45:00Z,validation,8857,0,Tier A,tier_a_primary,Tier_A_full_context,c08_extreme_compression_stress,flat
2025.08.29 20:50:00,2025-08-29T20:50:00Z,validation,8858,0,Tier A,tier_a_primary,Tier_A_full_context,c08_extreme_compression_stress,flat
2025.08.29 20:55:00,2025-08-29T20:55:00Z,validation,8859,0,Tier A,tier_a_primary,Tier_A_full_context,c08_extreme_compression_stress,flat
2025.08.29 21:00:00,2025-08-29T21:00:00Z,validation,8860,0,Tier A,tier_a_primary,Tier_A_full_context,c08_extreme_compression_stress,flat
2025.08.29 21:05:00,2025-08-29T21:05:00Z,validation,8861,0,Tier A,tier_a_primary,Tier_A_full_context,c08_extreme_compression_stress,flat
2025.08.29 21:10:00,2025-08-29T21:10:00Z,validation,8862,0,Tier A,tier_a_primary,Tier_A_full_context,c08_extreme_compression_stress,flat
2025.08.29 21:15:00,2025-08-29T21:15:00Z,validation,8863,0,Tier A,tier_a_primary,Tier_A_full_context,c08_extreme_compression_stress,flat
2025.08.29 21:25:00,2025-08-29T21:25:00Z,validation,8864,0,Tier A,tier_a_primary,Tier_A_full_context,c08_extreme_compression_stress,flat
2025.08.29 21:40:00,2025-08-29T21:40:00Z,validation,8865,0,Tier A,tier_a_primary,Tier_A_full_context,c08_extreme_compression_stress,flat
2025.08.29 22:00:00,2025-08-29T22:00:00Z,validation,8866,0,Tier A,tier_a_primary,Tier_A_full_context,c08_extreme_compression_stress,flat
2025.09.02 16:35:00,2025-09-02T16:35:00Z,validation,8867,0,Tier A,tier_a_primary,Tier_A_full_context,c08_extreme_compression_stress,flat
2025.09.02 16:40:00,2025-09-02T16:40:00Z,validation,8868,0,Tier A,tier_a_primary,Tier_A_full_context,c08_extreme_compression_stress,flat
2025.09.02 16:45:00,2025-09-02T16:45:00Z,validation,8869,0,Tier A,tier_a_primary,Tier_A_full_context,c08_extreme_compression_stress,flat
2025.09.02 16:50:00,2025-09-02T16:50:00Z,validation,8870,0,Tier A,tier_a_primary,Tier_A_full_context,c08_extreme_compression_stress,flat
2025.09.02 16:55:00,2025-09-02T16:55:00Z,validation,8871,0,Tier A,tier_a_primary,Tier_A_full_context,c08_extreme_compression_stress,flat
2025.09.02 17:00:00,2025-09-02T17:00:00Z,validation,8872,0,Tier A,tier_a_primary,Tier_A_full_context,c08_extreme_compression_stress,flat
2025.09.02 17:05:00,2025-09-02T17:05:00Z,validation,8873,0,Tier A,tier_a_primary,Tier_A_full_context,c08_extreme_compression_stress,flat
2025.09.02 17:10:00,2025-09-02T17:10:00Z,validation,8874,0,Tier A,tier_a_primary,Tier_A_full_context,c08_extreme_compression_stress,flat
2025.09.02 17:15:00,2025-09-02T17:15:00Z,validation,8875,0,Tier A,tier_a_primary,Tier_A_full_context,c08_extreme_compression_stress,flat
2025.09.02 17:20:00,2025-09-02T17:20:00Z,validation,8876,0,Tier A,tier_a_primary,Tier_A_full_context,c08_extreme_compression_stress,flat
2025.09.02 17:25:00,2025-09-02T17:25:00Z,validation,8877,0,Tier A,tier_a_primary,Tier_A_full_context,c08_extreme_compression_stress,flat
2025.09.02 17:30:00,2025-09-02T17:30:00Z,validation,8878,0,Tier A,tier_a_primary,Tier_A_full_context,c08_extreme_compression_stress,flat
2025.09.02 17:35:00,2025-09-02T17:35:00Z,validation,8879,0,Tier A,tier_a_primary,Tier_A_full_context,c08_extreme_compression_stress,flat
2025.09.02 17:40:00,2025-09-02T17:40:00Z,validation,8880,0,Tier A,tier_a_primary,Tier_A_full_context,c08_extreme_compression_stress,flat
2025.09.02 17:45:00,2025-09-02T17:45:00Z,validation,8881,0,Tier A,tier_a_primary,Tier_A_full_context,c08_extreme_compression_stress,flat
2025.09.02 17:50:00,2025-09-02T17:50:00Z,validation,8882,0,Tier A,tier_a_primary,Tier_A_full_context,c08_extreme_compression_stress,flat
2025.09.02 17:55:00,2025-09-02T17:55:00Z,validation,8883,0,Tier A,tier_a_primary,Tier_A_full_context,c08_extreme_compression_stress,flat
2025.09.02 18:00:00,2025-09-02T18:00:00Z,validation,8884,0,Tier A,tier_a_primary,Tier_A_full_context,c08_extreme_compression_stress,flat
2025.09.02 18:05:00,2025-09-02T18:05:00Z,validation,8885,0,Tier A,tier_a_primary,Tier_A_full_context,c08_extreme_compression_stress,flat
2025.09.02 18:10:00,2025-09-02T18:10:00Z,validation,8886,0,Tier A,tier_a_primary,Tier_A_full_context,c08_extreme_compression_stress,flat
2025.09.02 18:15:00,2025-09-02T18:15:00Z,validation,8887,0,Tier A,tier_a_primary,Tier_A_full_context,c08_extreme_compression_stress,flat
2025.09.02 18:20:00,2025-09-02T18:20:00Z,validation,8888,0,Tier A,tier_a_primary,Tier_A_full_context,c08_extreme_compression_stress,flat
2025.09.02 18:25:00,2025-09-02T18:25:00Z,validation,8889,0,Tier A,tier_a_primary,Tier_A_full_context,c08_extreme_compression_stress,flat
2025.09.02 18:30:00,2025-09-02T18:30:00Z,validation,8890,0,Tier A,tier_a_primary,Tier_A_full_context,c08_extreme_compression_stress,flat
2025.09.02 18:35:00,2025-09-02T18:35:00Z,validation,8891,0,Tier A,tier_a_primary,Tier_A_full_context,c08_extreme_compression_stress,flat
2025.09.02 18:40:00,2025-09-02T18:40:00Z,validation,8892,0,Tier A,tier_a_primary,Tier_A_full_context,c08_extreme_compression_stress,flat
2025.09.02 18:50:00,2025-09-02T18:50:00Z,validation,8893,0,Tier A,tier_a_primary,Tier_A_full_context,c08_extreme_compression_stress,flat
2025.09.02 18:55:00,2025-09-02T18:55:00Z,validation,8894,0,Tier A,tier_a_primary,Tier_A_full_context,c08_extreme_compression_stress,flat
2025.09.02 19:00:00,2025-09-02T19:00:00Z,validation,8895,0,Tier A,tier_a_primary,Tier_A_full_context,c08_extreme_compression_stress,flat
2025.09.02 19:10:00,2025-09-02T19:10:00Z,validation,8896,0,Tier A,tier_a_primary,Tier_A_full_context,c08_extreme_compression_stress,flat
2025.09.02 19:15:00,2025-09-02T19:15:00Z,validation,8897,0,Tier A,tier_a_primary,Tier_A_full_context,c08_extreme_compression_stress,flat
2025.09.02 19:20:00,2025-09-02T19:20:00Z,validation,8898,0,Tier A,tier_a_primary,Tier_A_full_context,c08_extreme_compression_stress,flat
2025.09.02 19:25:00,2025-09-02T19:25:00Z,validation,8899,0,Tier A,tier_a_primary,Tier_A_full_context,c08_extreme_compression_stress,flat
2025.09.02 19:30:00,2025-09-02T19:30:00Z,validation,8900,0,Tier A,tier_a_primary,Tier_A_full_context,c08_extreme_compression_stress,flat
2025.09.02 19:35:00,2025-09-02T19:35:00Z,validation,8901,0,Tier A,tier_a_primary,Tier_A_full_context,c08_extreme_compression_stress,flat
2025.09.02 19:45:00,2025-09-02T19:45:00Z,validation,8902,0,Tier A,tier_a_primary,Tier_A_full_context,c08_extreme_compression_stress,flat
2025.09.02 19:50:00,2025-09-02T19:50:00Z,validation,8903,0,Tier A,tier_a_primary,Tier_A_full_context,c08_extreme_compression_stress,flat
2025.09.02 19:55:00,2025-09-02T19:55:00Z,validation,8904,0,Tier A,tier_a_primary,Tier_A_full_context,c08_extreme_compression_stress,flat
2025.09.02 20:00:00,2025-09-02T20:00:00Z,validation,8905,0,Tier A,tier_a_primary,Tier_A_full_context,c08_extreme_compression_stress,flat
2025.09.02 20:05:00,2025-09-02T20:05:00Z,validation,8906,0,Tier A,tier_a_primary,Tier_A_full_context,c08_extreme_compression_stress,flat
2025.09.02 20:10:00,2025-09-02T20:10:00Z,validation,8907,0,Tier A,tier_a_primary,Tier_A_full_context,c08_extreme_compression_stress,flat
2025.09.02 20:15:00,2025-09-02T20:15:00Z,validation,8908,0,Tier A,tier_a_primary,Tier_A_full_context,c08_extreme_compression_stress,flat
2025.09.02 20:20:00,2025-09-02T20:20:00Z,validation,8909,0,Tier A,tier_a_primary,Tier_A_full_context,c08_extreme_compression_stress,flat
2025.09.02 20:25:00,2025-09-02T20:25:00Z,validation,8910,0,Tier A,tier_a_primary,Tier_A_full_context,c08_extreme_compression_stress,flat
2025.09.02 20:30:00,2025-09-02T20:30:00Z,validation,8911,0,Tier A,tier_a_primary,Tier_A_full_context,c08_extreme_compression_stress,flat
2025.09.02 20:35:00,2025-09-02T20:35:00Z,validation,8912,0,Tier A,tier_a_primary,Tier_A_full_context,c08_extreme_compression_stress,flat
2025.09.02 20:40:00,2025-09-02T20:40:00Z,validation,8913,0,Tier A,tier_a_primary,Tier_A_full_context,c08_extreme_compression_stress,flat
2025.09.02 20:45:00,2025-09-02T20:45:00Z,validation,8914,0,Tier A,tier_a_primary,Tier_A_full_context,c08_extreme_compression_stress,flat
2025.09.02 20:50:00,2025-09-02T20:50:00Z,validation,8915,0,Tier A,tier_a_primary,Tier_A_full_context,c08_extreme_compression_stress,flat
2025.09.02 21:00:00,2025-09-02T21:00:00Z,validation,8916,0,Tier A,tier_a_primary,Tier_A_full_context,c08_extreme_compression_stress,flat
2025.09.02 21:10:00,2025-09-02T21:10:00Z,validation,8917,0,Tier A,tier_a_primary,Tier_A_full_context,c08_extreme_compression_stress,flat
2025.09.02 21:15:00,2025-09-02T21:15:00Z,validation,8918,0,Tier A,tier_a_primary,Tier_A_full_context,c08_extreme_compression_stress,flat
2025.09.02 21:20:00,2025-09-02T21:20:00Z,validation,8919,0,Tier A,tier_a_primary,Tier_A_full_context,c08_extreme_compression_stress,flat
2025.09.02 21:30:00,2025-09-02T21:30:00Z,validation,8920,0,Tier A,tier_a_primary,Tier_A_full_context,c08_extreme_compression_stress,flat
2025.09.02 21:35:00,2025-09-02T21:35:00Z,validation,8921,0,Tier A,tier_a_primary,Tier_A_full_context,c08_extreme_compression_stress,flat
2025.09.02 21:45:00,2025-09-02T21:45:00Z,validation,8922,0,Tier A,tier_a_primary,Tier_A_full_context,c08_extreme_compression_stress,flat
2025.09.02 21:55:00,2025-09-02T21:55:00Z,validation,8923,0,Tier A,tier_a_primary,Tier_A_full_context,c08_extreme_compression_stress,flat
2025.09.02 22:00:00,2025-09-02T22:00:00Z,validation,8924,0,Tier A,tier_a_primary,Tier_A_full_context,c08_extreme_compression_stress,flat
2025.09.03 16:35:00,2025-09-03T16:35:00Z,validation,8925,0,Tier A,tier_a_primary,Tier_A_full_context,c08_extreme_compression_stress,flat
2025.09.03 16:40:00,2025-09-03T16:40:00Z,validation,8926,0,Tier A,tier_a_primary,Tier_A_full_context,c08_extreme_compression_stress,flat
2025.09.03 16:45:00,2025-09-03T16:45:00Z,validation,8927,0,Tier A,tier_a_primary,Tier_A_full_context,c08_extreme_compression_stress,flat
2025.09.03 16:50:00,2025-09-03T16:50:00Z,validation,8928,0,Tier A,tier_a_primary,Tier_A_full_context,c08_extreme_compression_stress,flat
2025.09.03 16:55:00,2025-09-03T16:55:00Z,validation,8929,0,Tier A,tier_a_primary,Tier_A_full_context,c08_extreme_compression_stress,flat
2025.09.03 17:00:00,2025-09-03T17:00:00Z,validation,8930,0,Tier A,tier_a_primary,Tier_A_full_context,c08_extreme_compression_stress,flat
2025.09.03 17:05:00,2025-09-03T17:05:00Z,validation,8931,0,Tier A,tier_a_primary,Tier_A_full_context,c08_extreme_compression_stress,long
2025.09.03 17:10:00,2025-09-03T17:10:00Z,validation,8932,0,Tier A,tier_a_primary,Tier_A_full_context,c08_extreme_compression_stress,flat
2025.09.03 17:15:00,2025-09-03T17:15:00Z,validation,8933,-1,Tier A,tier_a_primary,Tier_A_full_context,c08_extreme_compression_stress,short
2025.09.03 17:20:00,2025-09-03T17:20:00Z,validation,8934,0,Tier A,tier_a_primary,Tier_A_full_context,c08_extreme_compression_stress,long
2025.09.03 17:25:00,2025-09-03T17:25:00Z,validation,8935,0,Tier A,tier_a_primary,Tier_A_full_context,c08_extreme_compression_stress,flat
2025.09.03 17:30:00,2025-09-03T17:30:00Z,validation,8936,0,Tier A,tier_a_primary,Tier_A_full_context,c08_extreme_compression_stress,flat
2025.09.03 17:35:00,2025-09-03T17:35:00Z,validation,8937,0,Tier A,tier_a_primary,Tier_A_full_context,c08_extreme_compression_stress,flat
2025.09.03 17:40:00,2025-09-03T17:40:00Z,validation,8938,0,Tier A,tier_a_primary,Tier_A_full_context,c08_extreme_compression_stress,flat
2025.09.03 17:45:00,2025-09-03T17:45:00Z,validation,8939,0,Tier A,tier_a_primary,Tier_A_full_context,c08_extreme_compression_stress,flat
2025.09.03 17:50:00,2025-09-03T17:50:00Z,validation,8940,0,Tier A,tier_a_primary,Tier_A_full_context,c08_extreme_compression_stress,flat
2025.09.03 17:55:00,2025-09-03T17:55:00Z,validation,8941,0,Tier A,tier_a_primary,Tier_A_full_context,c08_extreme_compression_stress,flat
2025.09.03 18:00:00,2025-09-03T18:00:00Z,validation,8942,0,Tier A,tier_a_primary,Tier_A_full_context,c08_extreme_compression_stress,flat
2025.09.03 18:05:00,2025-09-03T18:05:00Z,validation,8943,0,Tier A,tier_a_primary,Tier_A_full_context,c08_extreme_compression_stress,flat
2025.09.03 18:10:00,2025-09-03T18:10:00Z,validation,8944,0,Tier A,tier_a_primary,Tier_A_full_context,c08_extreme_compression_stress,flat
2025.09.03 18:15:00,2025-09-03T18:15:00Z,validation,8945,0,Tier A,tier_a_primary,Tier_A_full_context,c08_extreme_compression_stress,flat
2025.09.03 18:25:00,2025-09-03T18:25:00Z,validation,8946,0,Tier A,tier_a_primary,Tier_A_full_context,c08_extreme_compression_stress,flat
2025.09.03 18:30:00,2025-09-03T18:30:00Z,validation,8947,0,Tier A,tier_a_primary,Tier_A_full_context,c08_extreme_compression_stress,flat
2025.09.03 18:35:00,2025-09-03T18:35:00Z,validation,8948,0,Tier A,tier_a_primary,Tier_A_full_context,c08_extreme_compression_stress,flat
2025.09.03 18:40:00,2025-09-03T18:40:00Z,validation,8949,0,Tier A,tier_a_primary,Tier_A_full_context,c08_extreme_compression_stress,flat
2025.09.03 18:45:00,2025-09-03T18:45:00Z,validation,8950,0,Tier A,tier_a_primary,Tier_A_full_context,c08_extreme_compression_stress,flat
2025.09.03 18:50:00,2025-09-03T18:50:00Z,validation,8951,0,Tier A,tier_a_primary,Tier_A_full_context,c08_extreme_compression_stress,flat
2025.09.03 18:55:00,2025-09-03T18:55:00Z,validation,8952,0,Tier A,tier_a_primary,Tier_A_full_context,c08_extreme_compression_stress,flat
2025.09.03 19:00:00,2025-09-03T19:00:00Z,validation,8953,0,Tier A,tier_a_primary,Tier_A_full_context,c08_extreme_compression_stress,flat
2025.09.03 19:05:00,2025-09-03T19:05:00Z,validation,8954,0,Tier A,tier_a_primary,Tier_A_full_context,c08_extreme_compression_stress,flat
2025.09.03 19:10:00,2025-09-03T19:10:00Z,validation,8955,0,Tier A,tier_a_primary,Tier_A_full_context,c08_extreme_compression_stress,flat
2025.09.03 19:15:00,2025-09-03T19:15:00Z,validation,8956,0,Tier A,tier_a_primary,Tier_A_full_context,c08_extreme_compression_stress,flat
2025.09.03 19:20:00,2025-09-03T19:20:00Z,validation,8957,0,Tier A,tier_a_primary,Tier_A_full_context,c08_extreme_compression_stress,flat
2025.09.03 19:25:00,2025-09-03T19:25:00Z,validation,8958,0,Tier A,tier_a_primary,Tier_A_full_context,c08_extreme_compression_stress,flat
2025.09.03 19:30:00,2025-09-03T19:30:00Z,validation,8959,0,Tier A,tier_a_primary,Tier_A_full_context,c08_extreme_compression_stress,flat
2025.09.03 19:40:00,2025-09-03T19:40:00Z,validation,8960,0,Tier A,tier_a_primary,Tier_A_full_context,c08_extreme_compression_stress,flat
2025.09.03 19:45:00,2025-09-03T19:45:00Z,validation,8961,0,Tier A,tier_a_primary,Tier_A_full_context,c08_extreme_compression_stress,flat
2025.09.03 19:50:00,2025-09-03T19:50:00Z,validation,8962,0,Tier A,tier_a_primary,Tier_A_full_context,c08_extreme_compression_stress,flat
2025.09.03 19:55:00,2025-09-03T19:55:00Z,validation,8963,0,Tier A,tier_a_primary,Tier_A_full_context,c08_extreme_compression_stress,flat
2025.09.03 20:00:00,2025-09-03T20:00:00Z,validation,8964,0,Tier A,tier_a_primary,Tier_A_full_context,c08_extreme_compression_stress,flat
2025.09.03 20:05:00,2025-09-03T20:05:00Z,validation,8965,0,Tier A,tier_a_primary,Tier_A_full_context,c08_extreme_compression_stress,flat
2025.09.03 20:10:00,2025-09-03T20:10:00Z,validation,8966,0,Tier A,tier_a_primary,Tier_A_full_context,c08_extreme_compression_stress,flat
2025.09.03 20:15:00,2025-09-03T20:15:00Z,validation,8967,0,Tier A,tier_a_primary,Tier_A_full_context,c08_extreme_compression_stress,flat
2025.09.03 20:20:00,2025-09-03T20:20:00Z,validation,8968,0,Tier A,tier_a_primary,Tier_A_full_context,c08_extreme_compression_stress,flat
2025.09.03 20:25:00,2025-09-03T20:25:00Z,validation,8969,-1,Tier A,tier_a_primary,Tier_A_full_context,c08_extreme_compression_stress,short
2025.09.03 20:30:00,2025-09-03T20:30:00Z,validation,8970,0,Tier A,tier_a_primary,Tier_A_full_context,c08_extreme_compression_stress,flat
2025.09.03 20:35:00,2025-09-03T20:35:00Z,validation,8971,0,Tier A,tier_a_primary,Tier_A_full_context,c08_extreme_compression_stress,flat
2025.09.03 20:40:00,2025-09-03T20:40:00Z,validation,8972,0,Tier A,tier_a_primary,Tier_A_full_context,c08_extreme_compression_stress,flat
2025.09.03 20:45:00,2025-09-03T20:45:00Z,validation,8973,0,Tier A,tier_a_primary,Tier_A_full_context,c08_extreme_compression_stress,flat
2025.09.03 20:50:00,2025-09-03T20:50:00Z,validation,8974,0,Tier A,tier_a_primary,Tier_A_full_context,c08_extreme_compression_stress,flat
2025.09.03 20:55:00,2025-09-03T20:55:00Z,validation,8975,0,Tier A,tier_a_primary,Tier_A_full_context,c08_extreme_compression_stress,flat
2025.09.03 21:00:00,2025-09-03T21:00:00Z,validation,8976,0,Tier A,tier_a_primary,Tier_A_full_context,c08_extreme_compression_stress,flat
2025.09.03 21:05:00,2025-09-03T21:05:00Z,validation,8977,0,Tier A,tier_a_primary,Tier_A_full_context,c08_extreme_compression_stress,flat
2025.09.03 21:15:00,2025-09-03T21:15:00Z,validation,8978,0,Tier A,tier_a_primary,Tier_A_full_context,c08_extreme_compression_stress,flat
2025.09.03 21:20:00,2025-09-03T21:20:00Z,validation,8979,0,Tier A,tier_a_primary,Tier_A_full_context,c08_extreme_compression_stress,flat
2025.09.03 21:25:00,2025-09-03T21:25:00Z,validation,8980,0,Tier A,tier_a_primary,Tier_A_full_context,c08_extreme_compression_stress,flat
2025.09.03 21:30:00,2025-09-03T21:30:00Z,validation,8981,0,Tier A,tier_a_primary,Tier_A_full_context,c08_extreme_compression_stress,flat
2025.09.03 21:35:00,2025-09-03T21:35:00Z,validation,8982,0,Tier A,tier_a_primary,Tier_A_full_context,c08_extreme_compression_stress,flat
2025.09.03 21:40:00,2025-09-03T21:40:00Z,validation,8983,0,Tier A,tier_a_primary,Tier_A_full_context,c08_extreme_compression_stress,flat
2025.09.03 21:45:00,2025-09-03T21:45:00Z,validation,8984,0,Tier A,tier_a_primary,Tier_A_full_context,c08_extreme_compression_stress,flat
2025.09.03 21:50:00,2025-09-03T21:50:00Z,validation,8985,0,Tier A,tier_a_primary,Tier_A_full_context,c08_extreme_compression_stress,flat
2025.09.03 21:55:00,2025-09-03T21:55:00Z,validation,8986,0,Tier A,tier_a_primary,Tier_A_full_context,c08_extreme_compression_stress,flat
2025.09.03 22:00:00,2025-09-03T22:00:00Z,validation,8987,0,Tier A,tier_a_primary,Tier_A_full_context,c08_extreme_compression_stress,flat
2025.09.04 16:35:00,2025-09-04T16:35:00Z,validation,8988,0,Tier A,tier_a_primary,Tier_A_full_context,c08_extreme_compression_stress,long
2025.09.04 16:40:00,2025-09-04T16:40:00Z,validation,8989,0,Tier A,tier_a_primary,Tier_A_full_context,c08_extreme_compression_stress,flat
2025.09.04 16:45:00,2025-09-04T16:45:00Z,validation,8990,0,Tier A,tier_a_primary,Tier_A_full_context,c08_extreme_compression_stress,flat
2025.09.04 16:50:00,2025-09-04T16:50:00Z,validation,8991,0,Tier A,tier_a_primary,Tier_A_full_context,c08_extreme_compression_stress,flat
2025.09.04 16:55:00,2025-09-04T16:55:00Z,validation,8992,0,Tier A,tier_a_primary,Tier_A_full_context,c08_extreme_compression_stress,flat
2025.09.04 17:00:00,2025-09-04T17:00:00Z,validation,8993,0,Tier A,tier_a_primary,Tier_A_full_context,c08_extreme_compression_stress,flat
2025.09.04 17:05:00,2025-09-04T17:05:00Z,validation,8994,0,Tier A,tier_a_primary,Tier_A_full_context,c08_extreme_compression_stress,flat
2025.09.04 17:10:00,2025-09-04T17:10:00Z,validation,8995,0,Tier A,tier_a_primary,Tier_A_full_context,c08_extreme_compression_stress,flat
2025.09.04 17:15:00,2025-09-04T17:15:00Z,validation,8996,0,Tier A,tier_a_primary,Tier_A_full_context,c08_extreme_compression_stress,flat
2025.09.04 17:20:00,2025-09-04T17:20:00Z,validation,8997,0,Tier A,tier_a_primary,Tier_A_full_context,c08_extreme_compression_stress,flat
2025.09.04 17:25:00,2025-09-04T17:25:00Z,validation,8998,0,Tier A,tier_a_primary,Tier_A_full_context,c08_extreme_compression_stress,flat
2025.09.04 17:30:00,2025-09-04T17:30:00Z,validation,8999,0,Tier A,tier_a_primary,Tier_A_full_context,c08_extreme_compression_stress,flat
2025.09.04 17:35:00,2025-09-04T17:35:00Z,validation,9000,0,Tier A,tier_a_primary,Tier_A_full_context,c08_extreme_compression_stress,flat
2025.09.04 17:40:00,2025-09-04T17:40:00Z,validation,9001,0,Tier A,tier_a_primary,Tier_A_full_context,c08_extreme_compression_stress,flat
2025.09.04 17:45:00,2025-09-04T17:45:00Z,validation,9002,0,Tier A,tier_a_primary,Tier_A_full_context,c08_extreme_compression_stress,flat
2025.09.04 17:50:00,2025-09-04T17:50:00Z,validation,9003,0,Tier A,tier_a_primary,Tier_A_full_context,c08_extreme_compression_stress,flat
2025.09.04 17:55:00,2025-09-04T17:55:00Z,validation,9004,0,Tier A,tier_a_primary,Tier_A_full_context,c08_extreme_compression_stress,flat
2025.09.04 18:00:00,2025-09-04T18:00:00Z,validation,9005,0,Tier A,tier_a_primary,Tier_A_full_context,c08_extreme_compression_stress,flat
2025.09.04 18:15:00,2025-09-04T18:15:00Z,validation,9006,0,Tier A,tier_a_primary,Tier_A_full_context,c08_extreme_compression_stress,flat
2025.09.04 18:20:00,2025-09-04T18:20:00Z,validation,9007,0,Tier A,tier_a_primary,Tier_A_full_context,c08_extreme_compression_stress,flat
2025.09.04 18:30:00,2025-09-04T18:30:00Z,validation,9008,0,Tier A,tier_a_primary,Tier_A_full_context,c08_extreme_compression_stress,flat
2025.09.04 19:00:00,2025-09-04T19:00:00Z,validation,9009,0,Tier A,tier_a_primary,Tier_A_full_context,c08_extreme_compression_stress,flat
2025.09.04 19:25:00,2025-09-04T19:25:00Z,validation,9010,0,Tier A,tier_a_primary,Tier_A_full_context,c08_extreme_compression_stress,flat
2025.09.04 19:35:00,2025-09-04T19:35:00Z,validation,9011,0,Tier A,tier_a_primary,Tier_A_full_context,c08_extreme_compression_stress,flat
2025.09.04 19:45:00,2025-09-04T19:45:00Z,validation,9012,0,Tier A,tier_a_primary,Tier_A_full_context,c08_extreme_compression_stress,flat
2025.09.04 19:50:00,2025-09-04T19:50:00Z,validation,9013,0,Tier A,tier_a_primary,Tier_A_full_context,c08_extreme_compression_stress,flat
2025.09.04 19:55:00,2025-09-04T19:55:00Z,validation,9014,0,Tier A,tier_a_primary,Tier_A_full_context,c08_extreme_compression_stress,flat
2025.09.04 20:00:00,2025-09-04T20:00:00Z,validation,9015,-1,Tier A,tier_a_primary,Tier_A_full_context,c08_extreme_compression_stress,short
2025.09.04 20:05:00,2025-09-04T20:05:00Z,validation,9016,0,Tier A,tier_a_primary,Tier_A_full_context,c08_extreme_compression_stress,long
2025.09.04 20:20:00,2025-09-04T20:20:00Z,validation,9017,0,Tier A,tier_a_primary,Tier_A_full_context,c08_extreme_compression_stress,flat
2025.09.04 20:25:00,2025-09-04T20:25:00Z,validation,9018,0,Tier A,tier_a_primary,Tier_A_full_context,c08_extreme_compression_stress,flat
2025.09.04 20:50:00,2025-09-04T20:50:00Z,validation,9019,0,Tier A,tier_a_primary,Tier_A_full_context,c08_extreme_compression_stress,flat
2025.09.04 21:05:00,2025-09-04T21:05:00Z,validation,9020,0,Tier A,tier_a_primary,Tier_A_full_context,c08_extreme_compression_stress,flat
2025.09.04 21:10:00,2025-09-04T21:10:00Z,validation,9021,0,Tier A,tier_a_primary,Tier_A_full_context,c08_extreme_compression_stress,flat
2025.09.04 21:45:00,2025-09-04T21:45:00Z,validation,9022,0,Tier A,tier_a_primary,Tier_A_full_context,c08_extreme_compression_stress,flat
2025.09.04 21:55:00,2025-09-04T21:55:00Z,validation,9023,0,Tier A,tier_a_primary,Tier_A_full_context,c08_extreme_compression_stress,flat
2025.09.04 22:00:00,2025-09-04T22:00:00Z,validation,9024,0,Tier A,tier_a_primary,Tier_A_full_context,c08_extreme_compression_stress,flat
2025.09.05 16:35:00,2025-09-05T16:35:00Z,validation,9025,0,Tier A,tier_a_primary,Tier_A_full_context,c08_extreme_compression_stress,flat
2025.09.05 16:40:00,2025-09-05T16:40:00Z,validation,9026,0,Tier A,tier_a_primary,Tier_A_full_context,c08_extreme_compression_stress,flat
2025.09.05 16:45:00,2025-09-05T16:45:00Z,validation,9027,0,Tier A,tier_a_primary,Tier_A_full_context,c08_extreme_compression_stress,flat
2025.09.05 16:50:00,2025-09-05T16:50:00Z,validation,9028,0,Tier A,tier_a_primary,Tier_A_full_context,c08_extreme_compression_stress,flat
2025.09.05 16:55:00,2025-09-05T16:55:00Z,validation,9029,0,Tier A,tier_a_primary,Tier_A_full_context,c08_extreme_compression_stress,flat
2025.09.05 17:00:00,2025-09-05T17:00:00Z,validation,9030,0,Tier A,tier_a_primary,Tier_A_full_context,c08_extreme_compression_stress,flat
2025.09.05 17:05:00,2025-09-05T17:05:00Z,validation,9031,0,Tier A,tier_a_primary,Tier_A_full_context,c08_extreme_compression_stress,flat
2025.09.05 17:10:00,2025-09-05T17:10:00Z,validation,9032,0,Tier A,tier_a_primary,Tier_A_full_context,c08_extreme_compression_stress,flat
2025.09.05 17:15:00,2025-09-05T17:15:00Z,validation,9033,0,Tier A,tier_a_primary,Tier_A_full_context,c08_extreme_compression_stress,flat
2025.09.05 17:20:00,2025-09-05T17:20:00Z,validation,9034,0,Tier A,tier_a_primary,Tier_A_full_context,c08_extreme_compression_stress,flat
2025.09.05 17:25:00,2025-09-05T17:25:00Z,validation,9035,0,Tier A,tier_a_primary,Tier_A_full_context,c08_extreme_compression_stress,flat
2025.09.05 17:30:00,2025-09-05T17:30:00Z,validation,9036,0,Tier A,tier_a_primary,Tier_A_full_context,c08_extreme_compression_stress,flat
2025.09.05 17:35:00,2025-09-05T17:35:00Z,validation,9037,0,Tier A,tier_a_primary,Tier_A_full_context,c08_extreme_compression_stress,flat
2025.09.05 17:40:00,2025-09-05T17:40:00Z,validation,9038,0,Tier A,tier_a_primary,Tier_A_full_context,c08_extreme_compression_stress,flat
2025.09.05 17:45:00,2025-09-05T17:45:00Z,validation,9039,0,Tier A,tier_a_primary,Tier_A_full_context,c08_extreme_compression_stress,flat
2025.09.05 17:50:00,2025-09-05T17:50:00Z,validation,9040,0,Tier A,tier_a_primary,Tier_A_full_context,c08_extreme_compression_stress,flat
2025.09.05 17:55:00,2025-09-05T17:55:00Z,validation,9041,0,Tier A,tier_a_primary,Tier_A_full_context,c08_extreme_compression_stress,flat
2025.09.05 18:00:00,2025-09-05T18:00:00Z,validation,9042,0,Tier A,tier_a_primary,Tier_A_full_context,c08_extreme_compression_stress,flat
2025.09.05 18:05:00,2025-09-05T18:05:00Z,validation,9043,0,Tier A,tier_a_primary,Tier_A_full_context,c08_extreme_compression_stress,flat
2025.09.05 18:10:00,2025-09-05T18:10:00Z,validation,9044,0,Tier A,tier_a_primary,Tier_A_full_context,c08_extreme_compression_stress,flat
2025.09.05 18:15:00,2025-09-05T18:15:00Z,validation,9045,0,Tier A,tier_a_primary,Tier_A_full_context,c08_extreme_compression_stress,flat
2025.09.05 18:20:00,2025-09-05T18:20:00Z,validation,9046,0,Tier A,tier_a_primary,Tier_A_full_context,c08_extreme_compression_stress,flat
2025.09.05 18:25:00,2025-09-05T18:25:00Z,validation,9047,0,Tier A,tier_a_primary,Tier_A_full_context,c08_extreme_compression_stress,flat
2025.09.05 18:30:00,2025-09-05T18:30:00Z,validation,9048,0,Tier A,tier_a_primary,Tier_A_full_context,c08_extreme_compression_stress,flat
2025.09.05 18:35:00,2025-09-05T18:35:00Z,validation,9049,0,Tier A,tier_a_primary,Tier_A_full_context,c08_extreme_compression_stress,flat
2025.09.05 18:40:00,2025-09-05T18:40:00Z,validation,9050,0,Tier A,tier_a_primary,Tier_A_full_context,c08_extreme_compression_stress,flat
2025.09.05 18:45:00,2025-09-05T18:45:00Z,validation,9051,0,Tier A,tier_a_primary,Tier_A_full_context,c08_extreme_compression_stress,flat
2025.09.05 18:50:00,2025-09-05T18:50:00Z,validation,9052,0,Tier A,tier_a_primary,Tier_A_full_context,c08_extreme_compression_stress,flat
2025.09.05 18:55:00,2025-09-05T18:55:00Z,validation,9053,0,Tier A,tier_a_primary,Tier_A_full_context,c08_extreme_compression_stress,flat
2025.09.05 19:00:00,2025-09-05T19:00:00Z,validation,9054,0,Tier A,tier_a_primary,Tier_A_full_context,c08_extreme_compression_stress,flat
2025.09.05 19:05:00,2025-09-05T19:05:00Z,validation,9055,0,Tier A,tier_a_primary,Tier_A_full_context,c08_extreme_compression_stress,flat
2025.09.05 19:10:00,2025-09-05T19:10:00Z,validation,9056,0,Tier A,tier_a_primary,Tier_A_full_context,c08_extreme_compression_stress,flat
2025.09.05 19:15:00,2025-09-05T19:15:00Z,validation,9057,0,Tier A,tier_a_primary,Tier_A_full_context,c08_extreme_compression_stress,flat
2025.09.05 19:20:00,2025-09-05T19:20:00Z,validation,9058,0,Tier A,tier_a_primary,Tier_A_full_context,c08_extreme_compression_stress,flat
2025.09.05 19:25:00,2025-09-05T19:25:00Z,validation,9059,0,Tier A,tier_a_primary,Tier_A_full_context,c08_extreme_compression_stress,flat
2025.09.05 19:30:00,2025-09-05T19:30:00Z,validation,9060,0,Tier A,tier_a_primary,Tier_A_full_context,c08_extreme_compression_stress,flat
2025.09.05 19:35:00,2025-09-05T19:35:00Z,validation,9061,0,Tier A,tier_a_primary,Tier_A_full_context,c08_extreme_compression_stress,flat
2025.09.05 19:40:00,2025-09-05T19:40:00Z,validation,9062,0,Tier A,tier_a_primary,Tier_A_full_context,c08_extreme_compression_stress,flat
2025.09.05 19:45:00,2025-09-05T19:45:00Z,validation,9063,0,Tier A,tier_a_primary,Tier_A_full_context,c08_extreme_compression_stress,flat
2025.09.05 19:55:00,2025-09-05T19:55:00Z,validation,9064,0,Tier A,tier_a_primary,Tier_A_full_context,c08_extreme_compression_stress,flat
2025.09.05 20:00:00,2025-09-05T20:00:00Z,validation,9065,0,Tier A,tier_a_primary,Tier_A_full_context,c08_extreme_compression_stress,long
2025.09.05 20:05:00,2025-09-05T20:05:00Z,validation,9066,0,Tier A,tier_a_primary,Tier_A_full_context,c08_extreme_compression_stress,flat
2025.09.05 20:10:00,2025-09-05T20:10:00Z,validation,9067,0,Tier A,tier_a_primary,Tier_A_full_context,c08_extreme_compression_stress,long
2025.09.05 20:20:00,2025-09-05T20:20:00Z,validation,9068,0,Tier A,tier_a_primary,Tier_A_full_context,c08_extreme_compression_stress,flat
2025.09.05 20:25:00,2025-09-05T20:25:00Z,validation,9069,0,Tier A,tier_a_primary,Tier_A_full_context,c08_extreme_compression_stress,flat
2025.09.05 20:30:00,2025-09-05T20:30:00Z,validation,9070,0,Tier A,tier_a_primary,Tier_A_full_context,c08_extreme_compression_stress,flat
2025.09.05 20:35:00,2025-09-05T20:35:00Z,validation,9071,0,Tier A,tier_a_primary,Tier_A_full_context,c08_extreme_compression_stress,flat
2025.09.05 20:40:00,2025-09-05T20:40:00Z,validation,9072,0,Tier A,tier_a_primary,Tier_A_full_context,c08_extreme_compression_stress,flat
2025.09.05 20:45:00,2025-09-05T20:45:00Z,validation,9073,0,Tier A,tier_a_primary,Tier_A_full_context,c08_extreme_compression_stress,flat
2025.09.05 20:50:00,2025-09-05T20:50:00Z,validation,9074,0,Tier A,tier_a_primary,Tier_A_full_context,c08_extreme_compression_stress,flat
2025.09.05 20:55:00,2025-09-05T20:55:00Z,validation,9075,0,Tier A,tier_a_primary,Tier_A_full_context,c08_extreme_compression_stress,flat
2025.09.05 21:05:00,2025-09-05T21:05:00Z,validation,9076,0,Tier A,tier_a_primary,Tier_A_full_context,c08_extreme_compression_stress,flat
2025.09.05 21:10:00,2025-09-05T21:10:00Z,validation,9077,0,Tier A,tier_a_primary,Tier_A_full_context,c08_extreme_compression_stress,flat
2025.09.05 21:15:00,2025-09-05T21:15:00Z,validation,9078,0,Tier A,tier_a_primary,Tier_A_full_context,c08_extreme_compression_stress,flat
2025.09.05 21:20:00,2025-09-05T21:20:00Z,validation,9079,0,Tier A,tier_a_primary,Tier_A_full_context,c08_extreme_compression_stress,flat
2025.09.05 21:25:00,2025-09-05T21:25:00Z,validation,9080,0,Tier A,tier_a_primary,Tier_A_full_context,c08_extreme_compression_stress,flat
2025.09.05 21:30:00,2025-09-05T21:30:00Z,validation,9081,0,Tier A,tier_a_primary,Tier_A_full_context,c08_extreme_compression_stress,flat
2025.09.05 21:35:00,2025-09-05T21:35:00Z,validation,9082,0,Tier A,tier_a_primary,Tier_A_full_context,c08_extreme_compression_stress,flat
2025.09.05 21:40:00,2025-09-05T21:40:00Z,validation,9083,0,Tier A,tier_a_primary,Tier_A_full_context,c08_extreme_compression_stress,flat
2025.09.05 21:45:00,2025-09-05T21:45:00Z,validation,9084,0,Tier A,tier_a_primary,Tier_A_full_context,c08_extreme_compression_stress,flat
2025.09.05 21:55:00,2025-09-05T21:55:00Z,validation,9085,0,Tier A,tier_a_primary,Tier_A_full_context,c08_extreme_compression_stress,flat
2025.09.05 22:00:00,2025-09-05T22:00:00Z,validation,9086,0,Tier A,tier_a_primary,Tier_A_full_context,c08_extreme_compression_stress,flat
2025.09.08 16:35:00,2025-09-08T16:35:00Z,validation,9087,0,Tier A,tier_a_primary,Tier_A_full_context,c08_extreme_compression_stress,long
2025.09.08 16:40:00,2025-09-08T16:40:00Z,validation,9088,0,Tier A,tier_a_primary,Tier_A_full_context,c08_extreme_compression_stress,flat
2025.09.08 16:45:00,2025-09-08T16:45:00Z,validation,9089,0,Tier A,tier_a_primary,Tier_A_full_context,c08_extreme_compression_stress,long
2025.09.08 16:50:00,2025-09-08T16:50:00Z,validation,9090,0,Tier A,tier_a_primary,Tier_A_full_context,c08_extreme_compression_stress,flat
2025.09.08 16:55:00,2025-09-08T16:55:00Z,validation,9091,0,Tier A,tier_a_primary,Tier_A_full_context,c08_extreme_compression_stress,flat
2025.09.08 17:00:00,2025-09-08T17:00:00Z,validation,9092,0,Tier A,tier_a_primary,Tier_A_full_context,c08_extreme_compression_stress,flat
2025.09.08 17:05:00,2025-09-08T17:05:00Z,validation,9093,0,Tier A,tier_a_primary,Tier_A_full_context,c08_extreme_compression_stress,flat
2025.09.08 17:10:00,2025-09-08T17:10:00Z,validation,9094,0,Tier A,tier_a_primary,Tier_A_full_context,c08_extreme_compression_stress,flat
2025.09.08 17:15:00,2025-09-08T17:15:00Z,validation,9095,0,Tier A,tier_a_primary,Tier_A_full_context,c08_extreme_compression_stress,flat
2025.09.08 17:20:00,2025-09-08T17:20:00Z,validation,9096,0,Tier A,tier_a_primary,Tier_A_full_context,c08_extreme_compression_stress,flat
2025.09.08 17:25:00,2025-09-08T17:25:00Z,validation,9097,0,Tier A,tier_a_primary,Tier_A_full_context,c08_extreme_compression_stress,flat
2025.09.08 17:30:00,2025-09-08T17:30:00Z,validation,9098,0,Tier A,tier_a_primary,Tier_A_full_context,c08_extreme_compression_stress,flat
2025.09.08 17:35:00,2025-09-08T17:35:00Z,validation,9099,0,Tier A,tier_a_primary,Tier_A_full_context,c08_extreme_compression_stress,flat
2025.09.08 17:40:00,2025-09-08T17:40:00Z,validation,9100,0,Tier A,tier_a_primary,Tier_A_full_context,c08_extreme_compression_stress,flat
2025.09.08 17:45:00,2025-09-08T17:45:00Z,validation,9101,0,Tier A,tier_a_primary,Tier_A_full_context,c08_extreme_compression_stress,flat
2025.09.08 18:00:00,2025-09-08T18:00:00Z,validation,9102,0,Tier A,tier_a_primary,Tier_A_full_context,c08_extreme_compression_stress,flat
2025.09.08 18:15:00,2025-09-08T18:15:00Z,validation,9103,0,Tier A,tier_a_primary,Tier_A_full_context,c08_extreme_compression_stress,flat
2025.09.08 18:20:00,2025-09-08T18:20:00Z,validation,9104,0,Tier A,tier_a_primary,Tier_A_full_context,c08_extreme_compression_stress,flat
2025.09.08 18:25:00,2025-09-08T18:25:00Z,validation,9105,0,Tier A,tier_a_primary,Tier_A_full_context,c08_extreme_compression_stress,flat
2025.09.08 18:35:00,2025-09-08T18:35:00Z,validation,9106,0,Tier A,tier_a_primary,Tier_A_full_context,c08_extreme_compression_stress,flat
2025.09.08 18:40:00,2025-09-08T18:40:00Z,validation,9107,0,Tier A,tier_a_primary,Tier_A_full_context,c08_extreme_compression_stress,flat
2025.09.08 18:45:00,2025-09-08T18:45:00Z,validation,9108,0,Tier A,tier_a_primary,Tier_A_full_context,c08_extreme_compression_stress,flat
2025.09.08 18:50:00,2025-09-08T18:50:00Z,validation,9109,0,Tier A,tier_a_primary,Tier_A_full_context,c08_extreme_compression_stress,flat
2025.09.08 18:55:00,2025-09-08T18:55:00Z,validation,9110,0,Tier A,tier_a_primary,Tier_A_full_context,c08_extreme_compression_stress,flat
2025.09.08 19:05:00,2025-09-08T19:05:00Z,validation,9111,0,Tier A,tier_a_primary,Tier_A_full_context,c08_extreme_compression_stress,flat
2025.09.08 19:10:00,2025-09-08T19:10:00Z,validation,9112,0,Tier A,tier_a_primary,Tier_A_full_context,c08_extreme_compression_stress,flat
2025.09.08 19:15:00,2025-09-08T19:15:00Z,validation,9113,0,Tier A,tier_a_primary,Tier_A_full_context,c08_extreme_compression_stress,flat
2025.09.08 19:20:00,2025-09-08T19:20:00Z,validation,9114,0,Tier A,tier_a_primary,Tier_A_full_context,c08_extreme_compression_stress,flat
2025.09.08 19:25:00,2025-09-08T19:25:00Z,validation,9115,0,Tier A,tier_a_primary,Tier_A_full_context,c08_extreme_compression_stress,flat
2025.09.08 19:30:00,2025-09-08T19:30:00Z,validation,9116,0,Tier A,tier_a_primary,Tier_A_full_context,c08_extreme_compression_stress,flat
2025.09.08 19:35:00,2025-09-08T19:35:00Z,validation,9117,0,Tier A,tier_a_primary,Tier_A_full_context,c08_extreme_compression_stress,flat
2025.09.08 19:40:00,2025-09-08T19:40:00Z,validation,9118,0,Tier A,tier_a_primary,Tier_A_full_context,c08_extreme_compression_stress,flat
2025.09.08 19:45:00,2025-09-08T19:45:00Z,validation,9119,0,Tier A,tier_a_primary,Tier_A_full_context,c08_extreme_compression_stress,flat
2025.09.08 19:50:00,2025-09-08T19:50:00Z,validation,9120,0,Tier A,tier_a_primary,Tier_A_full_context,c08_extreme_compression_stress,flat
2025.09.08 20:05:00,2025-09-08T20:05:00Z,validation,9121,0,Tier A,tier_a_primary,Tier_A_full_context,c08_extreme_compression_stress,flat
2025.09.08 20:20:00,2025-09-08T20:20:00Z,validation,9122,0,Tier A,tier_a_primary,Tier_A_full_context,c08_extreme_compression_stress,flat
2025.09.08 20:25:00,2025-09-08T20:25:00Z,validation,9123,0,Tier A,tier_a_primary,Tier_A_full_context,c08_extreme_compression_stress,flat
2025.09.08 20:30:00,2025-09-08T20:30:00Z,validation,9124,0,Tier A,tier_a_primary,Tier_A_full_context,c08_extreme_compression_stress,flat
2025.09.08 20:35:00,2025-09-08T20:35:00Z,validation,9125,0,Tier A,tier_a_primary,Tier_A_full_context,c08_extreme_compression_stress,flat
2025.09.08 20:40:00,2025-09-08T20:40:00Z,validation,9126,0,Tier A,tier_a_primary,Tier_A_full_context,c08_extreme_compression_stress,flat
2025.09.08 20:50:00,2025-09-08T20:50:00Z,validation,9127,0,Tier A,tier_a_primary,Tier_A_full_context,c08_extreme_compression_stress,flat
2025.09.08 20:55:00,2025-09-08T20:55:00Z,validation,9128,0,Tier A,tier_a_primary,Tier_A_full_context,c08_extreme_compression_stress,flat
2025.09.08 21:05:00,2025-09-08T21:05:00Z,validation,9129,0,Tier A,tier_a_primary,Tier_A_full_context,c08_extreme_compression_stress,flat
2025.09.08 21:10:00,2025-09-08T21:10:00Z,validation,9130,0,Tier A,tier_a_primary,Tier_A_full_context,c08_extreme_compression_stress,flat
2025.09.08 21:15:00,2025-09-08T21:15:00Z,validation,9131,0,Tier A,tier_a_primary,Tier_A_full_context,c08_extreme_compression_stress,flat
2025.09.08 21:20:00,2025-09-08T21:20:00Z,validation,9132,0,Tier A,tier_a_primary,Tier_A_full_context,c08_extreme_compression_stress,flat
2025.09.08 21:25:00,2025-09-08T21:25:00Z,validation,9133,0,Tier A,tier_a_primary,Tier_A_full_context,c08_extreme_compression_stress,flat
2025.09.08 21:40:00,2025-09-08T21:40:00Z,validation,9134,0,Tier A,tier_a_primary,Tier_A_full_context,c08_extreme_compression_stress,flat
2025.09.08 21:45:00,2025-09-08T21:45:00Z,validation,9135,0,Tier A,tier_a_primary,Tier_A_full_context,c08_extreme_compression_stress,flat
2025.09.08 21:50:00,2025-09-08T21:50:00Z,validation,9136,0,Tier A,tier_a_primary,Tier_A_full_context,c08_extreme_compression_stress,flat
2025.09.08 21:55:00,2025-09-08T21:55:00Z,validation,9137,0,Tier A,tier_a_primary,Tier_A_full_context,c08_extreme_compression_stress,flat
2025.09.08 22:00:00,2025-09-08T22:00:00Z,validation,9138,0,Tier A,tier_a_primary,Tier_A_full_context,c08_extreme_compression_stress,flat
2025.09.09 16:35:00,2025-09-09T16:35:00Z,validation,9139,0,Tier A,tier_a_primary,Tier_A_full_context,c08_extreme_compression_stress,flat
2025.09.09 16:40:00,2025-09-09T16:40:00Z,validation,9140,0,Tier A,tier_a_primary,Tier_A_full_context,c08_extreme_compression_stress,flat
2025.09.09 16:45:00,2025-09-09T16:45:00Z,validation,9141,0,Tier A,tier_a_primary,Tier_A_full_context,c08_extreme_compression_stress,flat
2025.09.09 16:50:00,2025-09-09T16:50:00Z,validation,9142,0,Tier A,tier_a_primary,Tier_A_full_context,c08_extreme_compression_stress,flat
2025.09.09 16:55:00,2025-09-09T16:55:00Z,validation,9143,0,Tier A,tier_a_primary,Tier_A_full_context,c08_extreme_compression_stress,flat
2025.09.09 17:00:00,2025-09-09T17:00:00Z,validation,9144,0,Tier A,tier_a_primary,Tier_A_full_context,c08_extreme_compression_stress,flat
2025.09.09 17:05:00,2025-09-09T17:05:00Z,validation,9145,0,Tier A,tier_a_primary,Tier_A_full_context,c08_extreme_compression_stress,flat
2025.09.09 17:10:00,2025-09-09T17:10:00Z,validation,9146,0,Tier A,tier_a_primary,Tier_A_full_context,c08_extreme_compression_stress,long
2025.09.09 17:15:00,2025-09-09T17:15:00Z,validation,9147,0,Tier A,tier_a_primary,Tier_A_full_context,c08_extreme_compression_stress,flat
2025.09.09 17:20:00,2025-09-09T17:20:00Z,validation,9148,-1,Tier A,tier_a_primary,Tier_A_full_context,c08_extreme_compression_stress,short
2025.09.09 17:30:00,2025-09-09T17:30:00Z,validation,9149,0,Tier A,tier_a_primary,Tier_A_full_context,c08_extreme_compression_stress,flat
2025.09.09 17:35:00,2025-09-09T17:35:00Z,validation,9150,-1,Tier A,tier_a_primary,Tier_A_full_context,c08_extreme_compression_stress,short
2025.09.09 17:40:00,2025-09-09T17:40:00Z,validation,9151,0,Tier A,tier_a_primary,Tier_A_full_context,c08_extreme_compression_stress,flat
2025.09.09 17:45:00,2025-09-09T17:45:00Z,validation,9152,0,Tier A,tier_a_primary,Tier_A_full_context,c08_extreme_compression_stress,flat
2025.09.09 17:50:00,2025-09-09T17:50:00Z,validation,9153,0,Tier A,tier_a_primary,Tier_A_full_context,c08_extreme_compression_stress,flat
2025.09.09 17:55:00,2025-09-09T17:55:00Z,validation,9154,0,Tier A,tier_a_primary,Tier_A_full_context,c08_extreme_compression_stress,flat
2025.09.09 18:00:00,2025-09-09T18:00:00Z,validation,9155,0,Tier A,tier_a_primary,Tier_A_full_context,c08_extreme_compression_stress,flat
2025.09.09 18:05:00,2025-09-09T18:05:00Z,validation,9156,0,Tier A,tier_a_primary,Tier_A_full_context,c08_extreme_compression_stress,flat
2025.09.09 18:10:00,2025-09-09T18:10:00Z,validation,9157,0,Tier A,tier_a_primary,Tier_A_full_context,c08_extreme_compression_stress,flat
2025.09.09 18:20:00,2025-09-09T18:20:00Z,validation,9158,0,Tier A,tier_a_primary,Tier_A_full_context,c08_extreme_compression_stress,flat
2025.09.09 18:25:00,2025-09-09T18:25:00Z,validation,9159,0,Tier A,tier_a_primary,Tier_A_full_context,c08_extreme_compression_stress,flat
2025.09.09 18:30:00,2025-09-09T18:30:00Z,validation,9160,0,Tier A,tier_a_primary,Tier_A_full_context,c08_extreme_compression_stress,flat
2025.09.09 18:35:00,2025-09-09T18:35:00Z,validation,9161,0,Tier A,tier_a_primary,Tier_A_full_context,c08_extreme_compression_stress,flat
2025.09.09 18:45:00,2025-09-09T18:45:00Z,validation,9162,0,Tier A,tier_a_primary,Tier_A_full_context,c08_extreme_compression_stress,flat
2025.09.09 18:50:00,2025-09-09T18:50:00Z,validation,9163,0,Tier A,tier_a_primary,Tier_A_full_context,c08_extreme_compression_stress,flat
2025.09.09 18:55:00,2025-09-09T18:55:00Z,validation,9164,0,Tier A,tier_a_primary,Tier_A_full_context,c08_extreme_compression_stress,long
2025.09.09 19:00:00,2025-09-09T19:00:00Z,validation,9165,0,Tier A,tier_a_primary,Tier_A_full_context,c08_extreme_compression_stress,flat
2025.09.09 19:05:00,2025-09-09T19:05:00Z,validation,9166,0,Tier A,tier_a_primary,Tier_A_full_context,c08_extreme_compression_stress,flat
2025.09.09 19:10:00,2025-09-09T19:10:00Z,validation,9167,0,Tier A,tier_a_primary,Tier_A_full_context,c08_extreme_compression_stress,flat
2025.09.09 19:20:00,2025-09-09T19:20:00Z,validation,9168,0,Tier A,tier_a_primary,Tier_A_full_context,c08_extreme_compression_stress,flat
2025.09.09 19:25:00,2025-09-09T19:25:00Z,validation,9169,0,Tier A,tier_a_primary,Tier_A_full_context,c08_extreme_compression_stress,flat
2025.09.09 19:35:00,2025-09-09T19:35:00Z,validation,9170,0,Tier A,tier_a_primary,Tier_A_full_context,c08_extreme_compression_stress,flat
2025.09.09 19:45:00,2025-09-09T19:45:00Z,validation,9171,0,Tier A,tier_a_primary,Tier_A_full_context,c08_extreme_compression_stress,flat
2025.09.09 19:50:00,2025-09-09T19:50:00Z,validation,9172,0,Tier A,tier_a_primary,Tier_A_full_context,c08_extreme_compression_stress,flat
2025.09.09 19:55:00,2025-09-09T19:55:00Z,validation,9173,0,Tier A,tier_a_primary,Tier_A_full_context,c08_extreme_compression_stress,flat
2025.09.09 20:00:00,2025-09-09T20:00:00Z,validation,9174,0,Tier A,tier_a_primary,Tier_A_full_context,c08_extreme_compression_stress,flat
2025.09.09 20:15:00,2025-09-09T20:15:00Z,validation,9175,0,Tier A,tier_a_primary,Tier_A_full_context,c08_extreme_compression_stress,flat
2025.09.09 20:25:00,2025-09-09T20:25:00Z,validation,9176,0,Tier A,tier_a_primary,Tier_A_full_context,c08_extreme_compression_stress,flat
2025.09.09 21:40:00,2025-09-09T21:40:00Z,validation,9177,0,Tier A,tier_a_primary,Tier_A_full_context,c08_extreme_compression_stress,flat
2025.09.09 22:00:00,2025-09-09T22:00:00Z,validation,9178,0,Tier A,tier_a_primary,Tier_A_full_context,c08_extreme_compression_stress,flat
2025.09.10 16:35:00,2025-09-10T16:35:00Z,validation,9179,0,Tier A,tier_a_primary,Tier_A_full_context,c08_extreme_compression_stress,flat
2025.09.10 16:45:00,2025-09-10T16:45:00Z,validation,9180,0,Tier A,tier_a_primary,Tier_A_full_context,c08_extreme_compression_stress,flat
2025.09.10 16:50:00,2025-09-10T16:50:00Z,validation,9181,0,Tier A,tier_a_primary,Tier_A_full_context,c08_extreme_compression_stress,flat
2025.09.10 16:55:00,2025-09-10T16:55:00Z,validation,9182,0,Tier A,tier_a_primary,Tier_A_full_context,c08_extreme_compression_stress,flat
2025.09.10 17:00:00,2025-09-10T17:00:00Z,validation,9183,0,Tier A,tier_a_primary,Tier_A_full_context,c08_extreme_compression_stress,flat
2025.09.10 17:05:00,2025-09-10T17:05:00Z,validation,9184,0,Tier A,tier_a_primary,Tier_A_full_context,c08_extreme_compression_stress,flat
2025.09.10 17:10:00,2025-09-10T17:10:00Z,validation,9185,0,Tier A,tier_a_primary,Tier_A_full_context,c08_extreme_compression_stress,flat
2025.09.10 17:15:00,2025-09-10T17:15:00Z,validation,9186,0,Tier A,tier_a_primary,Tier_A_full_context,c08_extreme_compression_stress,flat
2025.09.10 17:20:00,2025-09-10T17:20:00Z,validation,9187,0,Tier A,tier_a_primary,Tier_A_full_context,c08_extreme_compression_stress,flat
2025.09.10 17:30:00,2025-09-10T17:30:00Z,validation,9188,0,Tier A,tier_a_primary,Tier_A_full_context,c08_extreme_compression_stress,flat
2025.09.10 17:35:00,2025-09-10T17:35:00Z,validation,9189,0,Tier A,tier_a_primary,Tier_A_full_context,c08_extreme_compression_stress,flat
2025.09.10 17:40:00,2025-09-10T17:40:00Z,validation,9190,0,Tier A,tier_a_primary,Tier_A_full_context,c08_extreme_compression_stress,flat
2025.09.10 17:45:00,2025-09-10T17:45:00Z,validation,9191,0,Tier A,tier_a_primary,Tier_A_full_context,c08_extreme_compression_stress,flat
2025.09.10 17:55:00,2025-09-10T17:55:00Z,validation,9192,0,Tier A,tier_a_primary,Tier_A_full_context,c08_extreme_compression_stress,flat
2025.09.10 18:05:00,2025-09-10T18:05:00Z,validation,9193,0,Tier A,tier_a_primary,Tier_A_full_context,c08_extreme_compression_stress,flat
2025.09.10 18:15:00,2025-09-10T18:15:00Z,validation,9194,0,Tier A,tier_a_primary,Tier_A_full_context,c08_extreme_compression_stress,flat
2025.09.10 18:20:00,2025-09-10T18:20:00Z,validation,9195,0,Tier A,tier_a_primary,Tier_A_full_context,c08_extreme_compression_stress,flat
2025.09.10 18:25:00,2025-09-10T18:25:00Z,validation,9196,0,Tier A,tier_a_primary,Tier_A_full_context,c08_extreme_compression_stress,flat
2025.09.10 18:30:00,2025-09-10T18:30:00Z,validation,9197,0,Tier A,tier_a_primary,Tier_A_full_context,c08_extreme_compression_stress,flat
2025.09.10 18:35:00,2025-09-10T18:35:00Z,validation,9198,0,Tier A,tier_a_primary,Tier_A_full_context,c08_extreme_compression_stress,flat
2025.09.10 18:40:00,2025-09-10T18:40:00Z,validation,9199,0,Tier A,tier_a_primary,Tier_A_full_context,c08_extreme_compression_stress,long
2025.09.10 18:45:00,2025-09-10T18:45:00Z,validation,9200,0,Tier A,tier_a_primary,Tier_A_full_context,c08_extreme_compression_stress,flat
2025.09.10 18:50:00,2025-09-10T18:50:00Z,validation,9201,0,Tier A,tier_a_primary,Tier_A_full_context,c08_extreme_compression_stress,flat
2025.09.10 19:00:00,2025-09-10T19:00:00Z,validation,9202,0,Tier A,tier_a_primary,Tier_A_full_context,c08_extreme_compression_stress,flat
2025.09.10 19:25:00,2025-09-10T19:25:00Z,validation,9203,0,Tier A,tier_a_primary,Tier_A_full_context,c08_extreme_compression_stress,flat
2025.09.10 19:30:00,2025-09-10T19:30:00Z,validation,9204,0,Tier A,tier_a_primary,Tier_A_full_context,c08_extreme_compression_stress,flat
2025.09.10 19:45:00,2025-09-10T19:45:00Z,validation,9205,0,Tier A,tier_a_primary,Tier_A_full_context,c08_extreme_compression_stress,flat
2025.09.10 19:50:00,2025-09-10T19:50:00Z,validation,9206,0,Tier A,tier_a_primary,Tier_A_full_context,c08_extreme_compression_stress,flat
2025.09.10 20:00:00,2025-09-10T20:00:00Z,validation,9207,0,Tier A,tier_a_primary,Tier_A_full_context,c08_extreme_compression_stress,flat
2025.09.10 20:05:00,2025-09-10T20:05:00Z,validation,9208,0,Tier A,tier_a_primary,Tier_A_full_context,c08_extreme_compression_stress,flat
2025.09.10 20:10:00,2025-09-10T20:10:00Z,validation,9209,0,Tier A,tier_a_primary,Tier_A_full_context,c08_extreme_compression_stress,flat
2025.09.10 20:15:00,2025-09-10T20:15:00Z,validation,9210,0,Tier A,tier_a_primary,Tier_A_full_context,c08_extreme_compression_stress,flat
2025.09.10 20:20:00,2025-09-10T20:20:00Z,validation,9211,0,Tier A,tier_a_primary,Tier_A_full_context,c08_extreme_compression_stress,flat
2025.09.10 20:25:00,2025-09-10T20:25:00Z,validation,9212,0,Tier A,tier_a_primary,Tier_A_full_context,c08_extreme_compression_stress,flat
2025.09.10 20:30:00,2025-09-10T20:30:00Z,validation,9213,0,Tier A,tier_a_primary,Tier_A_full_context,c08_extreme_compression_stress,flat
2025.09.10 20:40:00,2025-09-10T20:40:00Z,validation,9214,0,Tier A,tier_a_primary,Tier_A_full_context,c08_extreme_compression_stress,flat
2025.09.10 20:45:00,2025-09-10T20:45:00Z,validation,9215,1,Tier A,tier_a_primary,Tier_A_full_context,c08_extreme_compression_stress,long
2025.09.10 20:50:00,2025-09-10T20:50:00Z,validation,9216,0,Tier A,tier_a_primary,Tier_A_full_context,c08_extreme_compression_stress,flat
2025.09.10 20:55:00,2025-09-10T20:55:00Z,validation,9217,0,Tier A,tier_a_primary,Tier_A_full_context,c08_extreme_compression_stress,flat
2025.09.10 21:00:00,2025-09-10T21:00:00Z,validation,9218,0,Tier A,tier_a_primary,Tier_A_full_context,c08_extreme_compression_stress,flat
2025.09.10 21:05:00,2025-09-10T21:05:00Z,validation,9219,0,Tier A,tier_a_primary,Tier_A_full_context,c08_extreme_compression_stress,flat
2025.09.10 21:10:00,2025-09-10T21:10:00Z,validation,9220,0,Tier A,tier_a_primary,Tier_A_full_context,c08_extreme_compression_stress,flat
2025.09.10 21:15:00,2025-09-10T21:15:00Z,validation,9221,0,Tier A,tier_a_primary,Tier_A_full_context,c08_extreme_compression_stress,flat
2025.09.10 21:30:00,2025-09-10T21:30:00Z,validation,9222,0,Tier A,tier_a_primary,Tier_A_full_context,c08_extreme_compression_stress,flat
2025.09.10 21:35:00,2025-09-10T21:35:00Z,validation,9223,1,Tier A,tier_a_primary,Tier_A_full_context,c08_extreme_compression_stress,long
2025.09.10 21:40:00,2025-09-10T21:40:00Z,validation,9224,0,Tier A,tier_a_primary,Tier_A_full_context,c08_extreme_compression_stress,flat
2025.09.10 21:45:00,2025-09-10T21:45:00Z,validation,9225,0,Tier A,tier_a_primary,Tier_A_full_context,c08_extreme_compression_stress,flat
2025.09.10 21:50:00,2025-09-10T21:50:00Z,validation,9226,0,Tier A,tier_a_primary,Tier_A_full_context,c08_extreme_compression_stress,flat
2025.09.10 21:55:00,2025-09-10T21:55:00Z,validation,9227,0,Tier A,tier_a_primary,Tier_A_full_context,c08_extreme_compression_stress,flat
2025.09.10 22:00:00,2025-09-10T22:00:00Z,validation,9228,0,Tier A,tier_a_primary,Tier_A_full_context,c08_extreme_compression_stress,flat
2025.09.11 16:40:00,2025-09-11T16:40:00Z,validation,9229,0,Tier A,tier_a_primary,Tier_A_full_context,c08_extreme_compression_stress,flat
2025.09.11 16:45:00,2025-09-11T16:45:00Z,validation,9230,0,Tier A,tier_a_primary,Tier_A_full_context,c08_extreme_compression_stress,flat
2025.09.11 16:50:00,2025-09-11T16:50:00Z,validation,9231,0,Tier A,tier_a_primary,Tier_A_full_context,c08_extreme_compression_stress,long
2025.09.11 17:00:00,2025-09-11T17:00:00Z,validation,9232,0,Tier A,tier_a_primary,Tier_A_full_context,c08_extreme_compression_stress,flat
2025.09.11 17:05:00,2025-09-11T17:05:00Z,validation,9233,0,Tier A,tier_a_primary,Tier_A_full_context,c08_extreme_compression_stress,flat
2025.09.11 17:15:00,2025-09-11T17:15:00Z,validation,9234,0,Tier A,tier_a_primary,Tier_A_full_context,c08_extreme_compression_stress,flat
2025.09.11 17:20:00,2025-09-11T17:20:00Z,validation,9235,0,Tier A,tier_a_primary,Tier_A_full_context,c08_extreme_compression_stress,flat
2025.09.11 17:25:00,2025-09-11T17:25:00Z,validation,9236,0,Tier A,tier_a_primary,Tier_A_full_context,c08_extreme_compression_stress,flat
2025.09.11 17:30:00,2025-09-11T17:30:00Z,validation,9237,0,Tier A,tier_a_primary,Tier_A_full_context,c08_extreme_compression_stress,flat
2025.09.11 17:35:00,2025-09-11T17:35:00Z,validation,9238,0,Tier A,tier_a_primary,Tier_A_full_context,c08_extreme_compression_stress,long
2025.09.11 17:40:00,2025-09-11T17:40:00Z,validation,9239,0,Tier A,tier_a_primary,Tier_A_full_context,c08_extreme_compression_stress,flat
2025.09.11 17:45:00,2025-09-11T17:45:00Z,validation,9240,0,Tier A,tier_a_primary,Tier_A_full_context,c08_extreme_compression_stress,flat
2025.09.11 17:50:00,2025-09-11T17:50:00Z,validation,9241,0,Tier A,tier_a_primary,Tier_A_full_context,c08_extreme_compression_stress,flat
2025.09.11 17:55:00,2025-09-11T17:55:00Z,validation,9242,0,Tier A,tier_a_primary,Tier_A_full_context,c08_extreme_compression_stress,flat
2025.09.11 18:00:00,2025-09-11T18:00:00Z,validation,9243,0,Tier A,tier_a_primary,Tier_A_full_context,c08_extreme_compression_stress,flat
2025.09.11 18:20:00,2025-09-11T18:20:00Z,validation,9244,0,Tier A,tier_a_primary,Tier_A_full_context,c08_extreme_compression_stress,flat
2025.09.11 18:40:00,2025-09-11T18:40:00Z,validation,9245,0,Tier A,tier_a_primary,Tier_A_full_context,c08_extreme_compression_stress,flat
2025.09.11 18:50:00,2025-09-11T18:50:00Z,validation,9246,0,Tier A,tier_a_primary,Tier_A_full_context,c08_extreme_compression_stress,flat
2025.09.11 18:55:00,2025-09-11T18:55:00Z,validation,9247,0,Tier A,tier_a_primary,Tier_A_full_context,c08_extreme_compression_stress,flat
2025.09.11 19:00:00,2025-09-11T19:00:00Z,validation,9248,0,Tier A,tier_a_primary,Tier_A_full_context,c08_extreme_compression_stress,flat
2025.09.11 19:05:00,2025-09-11T19:05:00Z,validation,9249,0,Tier A,tier_a_primary,Tier_A_full_context,c08_extreme_compression_stress,flat
2025.09.11 19:15:00,2025-09-11T19:15:00Z,validation,9250,0,Tier A,tier_a_primary,Tier_A_full_context,c08_extreme_compression_stress,flat
2025.09.11 19:25:00,2025-09-11T19:25:00Z,validation,9251,0,Tier A,tier_a_primary,Tier_A_full_context,c08_extreme_compression_stress,flat
2025.09.11 19:30:00,2025-09-11T19:30:00Z,validation,9252,0,Tier A,tier_a_primary,Tier_A_full_context,c08_extreme_compression_stress,flat
2025.09.11 19:35:00,2025-09-11T19:35:00Z,validation,9253,0,Tier A,tier_a_primary,Tier_A_full_context,c08_extreme_compression_stress,flat
2025.09.11 19:50:00,2025-09-11T19:50:00Z,validation,9254,0,Tier A,tier_a_primary,Tier_A_full_context,c08_extreme_compression_stress,flat
2025.09.11 20:15:00,2025-09-11T20:15:00Z,validation,9255,0,Tier A,tier_a_primary,Tier_A_full_context,c08_extreme_compression_stress,flat
2025.09.11 21:25:00,2025-09-11T21:25:00Z,validation,9256,0,Tier A,tier_a_primary,Tier_A_full_context,c08_extreme_compression_stress,flat
2025.09.11 22:00:00,2025-09-11T22:00:00Z,validation,9257,0,Tier A,tier_a_primary,Tier_A_full_context,c08_extreme_compression_stress,flat
2025.09.12 16:35:00,2025-09-12T16:35:00Z,validation,9258,0,Tier A,tier_a_primary,Tier_A_full_context,c08_extreme_compression_stress,flat
2025.09.12 16:40:00,2025-09-12T16:40:00Z,validation,9259,0,Tier A,tier_a_primary,Tier_A_full_context,c08_extreme_compression_stress,flat
2025.09.12 16:45:00,2025-09-12T16:45:00Z,validation,9260,0,Tier A,tier_a_primary,Tier_A_full_context,c08_extreme_compression_stress,long
2025.09.12 16:50:00,2025-09-12T16:50:00Z,validation,9261,0,Tier A,tier_a_primary,Tier_A_full_context,c08_extreme_compression_stress,flat
2025.09.12 16:55:00,2025-09-12T16:55:00Z,validation,9262,0,Tier A,tier_a_primary,Tier_A_full_context,c08_extreme_compression_stress,flat
2025.09.12 17:00:00,2025-09-12T17:00:00Z,validation,9263,0,Tier A,tier_a_primary,Tier_A_full_context,c08_extreme_compression_stress,long
2025.09.12 17:05:00,2025-09-12T17:05:00Z,validation,9264,0,Tier A,tier_a_primary,Tier_A_full_context,c08_extreme_compression_stress,flat
2025.09.12 17:10:00,2025-09-12T17:10:00Z,validation,9265,0,Tier A,tier_a_primary,Tier_A_full_context,c08_extreme_compression_stress,flat
2025.09.12 17:15:00,2025-09-12T17:15:00Z,validation,9266,0,Tier A,tier_a_primary,Tier_A_full_context,c08_extreme_compression_stress,flat
2025.09.12 17:20:00,2025-09-12T17:20:00Z,validation,9267,0,Tier A,tier_a_primary,Tier_A_full_context,c08_extreme_compression_stress,long
2025.09.12 17:25:00,2025-09-12T17:25:00Z,validation,9268,0,Tier A,tier_a_primary,Tier_A_full_context,c08_extreme_compression_stress,long
2025.09.12 17:30:00,2025-09-12T17:30:00Z,validation,9269,0,Tier A,tier_a_primary,Tier_A_full_context,c08_extreme_compression_stress,flat
2025.09.12 17:35:00,2025-09-12T17:35:00Z,validation,9270,0,Tier A,tier_a_primary,Tier_A_full_context,c08_extreme_compression_stress,flat
2025.09.12 18:10:00,2025-09-12T18:10:00Z,validation,9271,0,Tier A,tier_a_primary,Tier_A_full_context,c08_extreme_compression_stress,flat
2025.09.12 18:15:00,2025-09-12T18:15:00Z,validation,9272,0,Tier A,tier_a_primary,Tier_A_full_context,c08_extreme_compression_stress,flat
2025.09.12 18:30:00,2025-09-12T18:30:00Z,validation,9273,0,Tier A,tier_a_primary,Tier_A_full_context,c08_extreme_compression_stress,flat
2025.09.12 18:50:00,2025-09-12T18:50:00Z,validation,9274,0,Tier A,tier_a_primary,Tier_A_full_context,c08_extreme_compression_stress,flat
2025.09.12 18:55:00,2025-09-12T18:55:00Z,validation,9275,0,Tier A,tier_a_primary,Tier_A_full_context,c08_extreme_compression_stress,flat
2025.09.12 19:00:00,2025-09-12T19:00:00Z,validation,9276,0,Tier A,tier_a_primary,Tier_A_full_context,c08_extreme_compression_stress,flat
2025.09.12 19:30:00,2025-09-12T19:30:00Z,validation,9277,0,Tier A,tier_a_primary,Tier_A_full_context,c08_extreme_compression_stress,flat
2025.09.12 21:45:00,2025-09-12T21:45:00Z,validation,9278,0,Tier A,tier_a_primary,Tier_A_full_context,c08_extreme_compression_stress,flat
2025.09.12 22:00:00,2025-09-12T22:00:00Z,validation,9279,0,Tier A,tier_a_primary,Tier_A_full_context,c08_extreme_compression_stress,flat
2025.09.15 16:45:00,2025-09-15T16:45:00Z,validation,9280,-1,Tier A,tier_a_primary,Tier_A_full_context,c08_extreme_compression_stress,short
2025.09.15 16:50:00,2025-09-15T16:50:00Z,validation,9281,0,Tier A,tier_a_primary,Tier_A_full_context,c08_extreme_compression_stress,long
2025.09.15 17:05:00,2025-09-15T17:05:00Z,validation,9282,0,Tier A,tier_a_primary,Tier_A_full_context,c08_extreme_compression_stress,flat
2025.09.15 17:10:00,2025-09-15T17:10:00Z,validation,9283,0,Tier A,tier_a_primary,Tier_A_full_context,c08_extreme_compression_stress,flat
2025.09.15 17:15:00,2025-09-15T17:15:00Z,validation,9284,0,Tier A,tier_a_primary,Tier_A_full_context,c08_extreme_compression_stress,flat
2025.09.15 17:20:00,2025-09-15T17:20:00Z,validation,9285,0,Tier A,tier_a_primary,Tier_A_full_context,c08_extreme_compression_stress,flat
2025.09.15 17:25:00,2025-09-15T17:25:00Z,validation,9286,0,Tier A,tier_a_primary,Tier_A_full_context,c08_extreme_compression_stress,flat
2025.09.15 17:30:00,2025-09-15T17:30:00Z,validation,9287,0,Tier A,tier_a_primary,Tier_A_full_context,c08_extreme_compression_stress,flat
2025.09.15 17:40:00,2025-09-15T17:40:00Z,validation,9288,0,Tier A,tier_a_primary,Tier_A_full_context,c08_extreme_compression_stress,flat
2025.09.15 17:45:00,2025-09-15T17:45:00Z,validation,9289,0,Tier A,tier_a_primary,Tier_A_full_context,c08_extreme_compression_stress,flat
2025.09.15 18:10:00,2025-09-15T18:10:00Z,validation,9290,0,Tier A,tier_a_primary,Tier_A_full_context,c08_extreme_compression_stress,flat
2025.09.15 18:20:00,2025-09-15T18:20:00Z,validation,9291,0,Tier A,tier_a_primary,Tier_A_full_context,c08_extreme_compression_stress,flat
2025.09.15 18:30:00,2025-09-15T18:30:00Z,validation,9292,0,Tier A,tier_a_primary,Tier_A_full_context,c08_extreme_compression_stress,flat
2025.09.15 18:50:00,2025-09-15T18:50:00Z,validation,9293,0,Tier A,tier_a_primary,Tier_A_full_context,c08_extreme_compression_stress,flat
2025.09.15 19:05:00,2025-09-15T19:05:00Z,validation,9294,0,Tier A,tier_a_primary,Tier_A_full_context,c08_extreme_compression_stress,flat
2025.09.15 19:10:00,2025-09-15T19:10:00Z,validation,9295,0,Tier A,tier_a_primary,Tier_A_full_context,c08_extreme_compression_stress,long
2025.09.15 19:30:00,2025-09-15T19:30:00Z,validation,9296,0,Tier A,tier_a_primary,Tier_A_full_context,c08_extreme_compression_stress,flat
2025.09.15 19:35:00,2025-09-15T19:35:00Z,validation,9297,0,Tier A,tier_a_primary,Tier_A_full_context,c08_extreme_compression_stress,flat
2025.09.15 19:40:00,2025-09-15T19:40:00Z,validation,9298,0,Tier A,tier_a_primary,Tier_A_full_context,c08_extreme_compression_stress,flat
2025.09.15 19:45:00,2025-09-15T19:45:00Z,validation,9299,0,Tier A,tier_a_primary,Tier_A_full_context,c08_extreme_compression_stress,flat
2025.09.15 19:55:00,2025-09-15T19:55:00Z,validation,9300,0,Tier A,tier_a_primary,Tier_A_full_context,c08_extreme_compression_stress,flat
2025.09.15 20:00:00,2025-09-15T20:00:00Z,validation,9301,0,Tier A,tier_a_primary,Tier_A_full_context,c08_extreme_compression_stress,flat
2025.09.15 20:05:00,2025-09-15T20:05:00Z,validation,9302,0,Tier A,tier_a_primary,Tier_A_full_context,c08_extreme_compression_stress,flat
2025.09.15 20:10:00,2025-09-15T20:10:00Z,validation,9303,0,Tier A,tier_a_primary,Tier_A_full_context,c08_extreme_compression_stress,flat
2025.09.15 20:15:00,2025-09-15T20:15:00Z,validation,9304,0,Tier A,tier_a_primary,Tier_A_full_context,c08_extreme_compression_stress,flat
2025.09.15 20:25:00,2025-09-15T20:25:00Z,validation,9305,0,Tier A,tier_a_primary,Tier_A_full_context,c08_extreme_compression_stress,flat
2025.09.15 20:30:00,2025-09-15T20:30:00Z,validation,9306,0,Tier A,tier_a_primary,Tier_A_full_context,c08_extreme_compression_stress,flat
2025.09.15 20:35:00,2025-09-15T20:35:00Z,validation,9307,0,Tier A,tier_a_primary,Tier_A_full_context,c08_extreme_compression_stress,flat
2025.09.15 20:40:00,2025-09-15T20:40:00Z,validation,9308,0,Tier A,tier_a_primary,Tier_A_full_context,c08_extreme_compression_stress,flat
2025.09.15 20:45:00,2025-09-15T20:45:00Z,validation,9309,0,Tier A,tier_a_primary,Tier_A_full_context,c08_extreme_compression_stress,flat
2025.09.15 20:50:00,2025-09-15T20:50:00Z,validation,9310,0,Tier A,tier_a_primary,Tier_A_full_context,c08_extreme_compression_stress,flat
2025.09.15 20:55:00,2025-09-15T20:55:00Z,validation,9311,0,Tier A,tier_a_primary,Tier_A_full_context,c08_extreme_compression_stress,flat
2025.09.15 21:10:00,2025-09-15T21:10:00Z,validation,9312,0,Tier A,tier_a_primary,Tier_A_full_context,c08_extreme_compression_stress,flat
2025.09.15 21:15:00,2025-09-15T21:15:00Z,validation,9313,0,Tier A,tier_a_primary,Tier_A_full_context,c08_extreme_compression_stress,flat
2025.09.15 21:30:00,2025-09-15T21:30:00Z,validation,9314,0,Tier A,tier_a_primary,Tier_A_full_context,c08_extreme_compression_stress,flat
2025.09.15 21:35:00,2025-09-15T21:35:00Z,validation,9315,1,Tier A,tier_a_primary,Tier_A_full_context,c08_extreme_compression_stress,long
2025.09.15 21:40:00,2025-09-15T21:40:00Z,validation,9316,-1,Tier A,tier_a_primary,Tier_A_full_context,c08_extreme_compression_stress,short
2025.09.15 21:45:00,2025-09-15T21:45:00Z,validation,9317,0,Tier A,tier_a_primary,Tier_A_full_context,c08_extreme_compression_stress,flat
2025.09.15 21:50:00,2025-09-15T21:50:00Z,validation,9318,1,Tier A,tier_a_primary,Tier_A_full_context,c08_extreme_compression_stress,long
2025.09.15 21:55:00,2025-09-15T21:55:00Z,validation,9319,1,Tier A,tier_a_primary,Tier_A_full_context,c08_extreme_compression_stress,long
2025.09.15 22:00:00,2025-09-15T22:00:00Z,validation,9320,0,Tier A,tier_a_primary,Tier_A_full_context,c08_extreme_compression_stress,flat
2025.09.16 16:45:00,2025-09-16T16:45:00Z,validation,9321,0,Tier A,tier_a_primary,Tier_A_full_context,c08_extreme_compression_stress,long
2025.09.16 16:50:00,2025-09-16T16:50:00Z,validation,9322,0,Tier A,tier_a_primary,Tier_A_full_context,c08_extreme_compression_stress,flat
2025.09.16 16:55:00,2025-09-16T16:55:00Z,validation,9323,-1,Tier A,tier_a_primary,Tier_A_full_context,c08_extreme_compression_stress,short
2025.09.16 17:00:00,2025-09-16T17:00:00Z,validation,9324,0,Tier A,tier_a_primary,Tier_A_full_context,c08_extreme_compression_stress,flat
2025.09.16 17:05:00,2025-09-16T17:05:00Z,validation,9325,0,Tier A,tier_a_primary,Tier_A_full_context,c08_extreme_compression_stress,flat
2025.09.16 17:10:00,2025-09-16T17:10:00Z,validation,9326,0,Tier A,tier_a_primary,Tier_A_full_context,c08_extreme_compression_stress,flat
2025.09.16 17:20:00,2025-09-16T17:20:00Z,validation,9327,0,Tier A,tier_a_primary,Tier_A_full_context,c08_extreme_compression_stress,flat
2025.09.16 17:25:00,2025-09-16T17:25:00Z,validation,9328,0,Tier A,tier_a_primary,Tier_A_full_context,c08_extreme_compression_stress,flat
2025.09.16 17:30:00,2025-09-16T17:30:00Z,validation,9329,0,Tier A,tier_a_primary,Tier_A_full_context,c08_extreme_compression_stress,flat
2025.09.16 17:35:00,2025-09-16T17:35:00Z,validation,9330,0,Tier A,tier_a_primary,Tier_A_full_context,c08_extreme_compression_stress,flat
2025.09.16 17:40:00,2025-09-16T17:40:00Z,validation,9331,0,Tier A,tier_a_primary,Tier_A_full_context,c08_extreme_compression_stress,flat
2025.09.16 17:50:00,2025-09-16T17:50:00Z,validation,9332,0,Tier A,tier_a_primary,Tier_A_full_context,c08_extreme_compression_stress,flat
2025.09.16 17:55:00,2025-09-16T17:55:00Z,validation,9333,0,Tier A,tier_a_primary,Tier_A_full_context,c08_extreme_compression_stress,flat
2025.09.16 18:00:00,2025-09-16T18:00:00Z,validation,9334,0,Tier A,tier_a_primary,Tier_A_full_context,c08_extreme_compression_stress,flat
2025.09.16 18:05:00,2025-09-16T18:05:00Z,validation,9335,0,Tier A,tier_a_primary,Tier_A_full_context,c08_extreme_compression_stress,flat
2025.09.16 18:10:00,2025-09-16T18:10:00Z,validation,9336,0,Tier A,tier_a_primary,Tier_A_full_context,c08_extreme_compression_stress,long
2025.09.16 18:15:00,2025-09-16T18:15:00Z,validation,9337,0,Tier A,tier_a_primary,Tier_A_full_context,c08_extreme_compression_stress,flat
2025.09.16 18:20:00,2025-09-16T18:20:00Z,validation,9338,0,Tier A,tier_a_primary,Tier_A_full_context,c08_extreme_compression_stress,flat
2025.09.16 18:30:00,2025-09-16T18:30:00Z,validation,9339,0,Tier A,tier_a_primary,Tier_A_full_context,c08_extreme_compression_stress,flat
2025.09.16 18:35:00,2025-09-16T18:35:00Z,validation,9340,0,Tier A,tier_a_primary,Tier_A_full_context,c08_extreme_compression_stress,flat
2025.09.16 18:40:00,2025-09-16T18:40:00Z,validation,9341,0,Tier A,tier_a_primary,Tier_A_full_context,c08_extreme_compression_stress,flat
2025.09.16 18:45:00,2025-09-16T18:45:00Z,validation,9342,0,Tier A,tier_a_primary,Tier_A_full_context,c08_extreme_compression_stress,flat
2025.09.16 18:50:00,2025-09-16T18:50:00Z,validation,9343,0,Tier A,tier_a_primary,Tier_A_full_context,c08_extreme_compression_stress,flat
2025.09.16 18:55:00,2025-09-16T18:55:00Z,validation,9344,0,Tier A,tier_a_primary,Tier_A_full_context,c08_extreme_compression_stress,flat
2025.09.16 19:05:00,2025-09-16T19:05:00Z,validation,9345,0,Tier A,tier_a_primary,Tier_A_full_context,c08_extreme_compression_stress,flat
2025.09.16 19:20:00,2025-09-16T19:20:00Z,validation,9346,0,Tier A,tier_a_primary,Tier_A_full_context,c08_extreme_compression_stress,flat
2025.09.16 19:40:00,2025-09-16T19:40:00Z,validation,9347,0,Tier A,tier_a_primary,Tier_A_full_context,c08_extreme_compression_stress,flat
2025.09.16 19:45:00,2025-09-16T19:45:00Z,validation,9348,0,Tier A,tier_a_primary,Tier_A_full_context,c08_extreme_compression_stress,flat
2025.09.16 19:50:00,2025-09-16T19:50:00Z,validation,9349,0,Tier A,tier_a_primary,Tier_A_full_context,c08_extreme_compression_stress,flat
2025.09.16 19:55:00,2025-09-16T19:55:00Z,validation,9350,0,Tier A,tier_a_primary,Tier_A_full_context,c08_extreme_compression_stress,flat
2025.09.16 20:00:00,2025-09-16T20:00:00Z,validation,9351,0,Tier A,tier_a_primary,Tier_A_full_context,c08_extreme_compression_stress,flat
2025.09.16 20:05:00,2025-09-16T20:05:00Z,validation,9352,0,Tier A,tier_a_primary,Tier_A_full_context,c08_extreme_compression_stress,flat
2025.09.16 20:10:00,2025-09-16T20:10:00Z,validation,9353,0,Tier A,tier_a_primary,Tier_A_full_context,c08_extreme_compression_stress,flat
2025.09.16 20:15:00,2025-09-16T20:15:00Z,validation,9354,0,Tier A,tier_a_primary,Tier_A_full_context,c08_extreme_compression_stress,flat
2025.09.16 20:45:00,2025-09-16T20:45:00Z,validation,9355,0,Tier A,tier_a_primary,Tier_A_full_context,c08_extreme_compression_stress,flat
2025.09.16 20:55:00,2025-09-16T20:55:00Z,validation,9356,0,Tier A,tier_a_primary,Tier_A_full_context,c08_extreme_compression_stress,flat
2025.09.16 21:00:00,2025-09-16T21:00:00Z,validation,9357,0,Tier A,tier_a_primary,Tier_A_full_context,c08_extreme_compression_stress,flat
2025.09.16 21:05:00,2025-09-16T21:05:00Z,validation,9358,0,Tier A,tier_a_primary,Tier_A_full_context,c08_extreme_compression_stress,flat
2025.09.16 21:10:00,2025-09-16T21:10:00Z,validation,9359,0,Tier A,tier_a_primary,Tier_A_full_context,c08_extreme_compression_stress,flat
2025.09.16 21:30:00,2025-09-16T21:30:00Z,validation,9360,0,Tier A,tier_a_primary,Tier_A_full_context,c08_extreme_compression_stress,flat
2025.09.16 21:35:00,2025-09-16T21:35:00Z,validation,9361,0,Tier A,tier_a_primary,Tier_A_full_context,c08_extreme_compression_stress,flat
2025.09.16 21:40:00,2025-09-16T21:40:00Z,validation,9362,0,Tier A,tier_a_primary,Tier_A_full_context,c08_extreme_compression_stress,flat
2025.09.16 21:50:00,2025-09-16T21:50:00Z,validation,9363,0,Tier A,tier_a_primary,Tier_A_full_context,c08_extreme_compression_stress,flat
2025.09.16 22:00:00,2025-09-16T22:00:00Z,validation,9364,0,Tier A,tier_a_primary,Tier_A_full_context,c08_extreme_compression_stress,flat
2025.09.17 16:35:00,2025-09-17T16:35:00Z,validation,9365,0,Tier A,tier_a_primary,Tier_A_full_context,c08_extreme_compression_stress,flat
2025.09.17 16:40:00,2025-09-17T16:40:00Z,validation,9366,-1,Tier A,tier_a_primary,Tier_A_full_context,c08_extreme_compression_stress,short
2025.09.17 16:45:00,2025-09-17T16:45:00Z,validation,9367,0,Tier A,tier_a_primary,Tier_A_full_context,c08_extreme_compression_stress,flat
2025.09.17 16:50:00,2025-09-17T16:50:00Z,validation,9368,0,Tier A,tier_a_primary,Tier_A_full_context,c08_extreme_compression_stress,long
2025.09.17 16:55:00,2025-09-17T16:55:00Z,validation,9369,0,Tier A,tier_a_primary,Tier_A_full_context,c08_extreme_compression_stress,flat
2025.09.17 17:00:00,2025-09-17T17:00:00Z,validation,9370,0,Tier A,tier_a_primary,Tier_A_full_context,c08_extreme_compression_stress,flat
2025.09.17 17:05:00,2025-09-17T17:05:00Z,validation,9371,0,Tier A,tier_a_primary,Tier_A_full_context,c08_extreme_compression_stress,flat
2025.09.17 17:10:00,2025-09-17T17:10:00Z,validation,9372,0,Tier A,tier_a_primary,Tier_A_full_context,c08_extreme_compression_stress,flat
2025.09.17 17:15:00,2025-09-17T17:15:00Z,validation,9373,0,Tier A,tier_a_primary,Tier_A_full_context,c08_extreme_compression_stress,long
2025.09.17 17:20:00,2025-09-17T17:20:00Z,validation,9374,0,Tier A,tier_a_primary,Tier_A_full_context,c08_extreme_compression_stress,flat
2025.09.17 17:30:00,2025-09-17T17:30:00Z,validation,9375,0,Tier A,tier_a_primary,Tier_A_full_context,c08_extreme_compression_stress,flat
2025.09.17 17:35:00,2025-09-17T17:35:00Z,validation,9376,0,Tier A,tier_a_primary,Tier_A_full_context,c08_extreme_compression_stress,flat
2025.09.17 17:40:00,2025-09-17T17:40:00Z,validation,9377,0,Tier A,tier_a_primary,Tier_A_full_context,c08_extreme_compression_stress,flat
2025.09.17 17:50:00,2025-09-17T17:50:00Z,validation,9378,0,Tier A,tier_a_primary,Tier_A_full_context,c08_extreme_compression_stress,flat
2025.09.17 17:55:00,2025-09-17T17:55:00Z,validation,9379,0,Tier A,tier_a_primary,Tier_A_full_context,c08_extreme_compression_stress,flat
2025.09.17 18:00:00,2025-09-17T18:00:00Z,validation,9380,0,Tier A,tier_a_primary,Tier_A_full_context,c08_extreme_compression_stress,flat
2025.09.17 18:05:00,2025-09-17T18:05:00Z,validation,9381,0,Tier A,tier_a_primary,Tier_A_full_context,c08_extreme_compression_stress,flat
2025.09.17 18:10:00,2025-09-17T18:10:00Z,validation,9382,0,Tier A,tier_a_primary,Tier_A_full_context,c08_extreme_compression_stress,flat
2025.09.17 18:20:00,2025-09-17T18:20:00Z,validation,9383,0,Tier A,tier_a_primary,Tier_A_full_context,c08_extreme_compression_stress,flat
2025.09.17 18:25:00,2025-09-17T18:25:00Z,validation,9384,0,Tier A,tier_a_primary,Tier_A_full_context,c08_extreme_compression_stress,flat
2025.09.17 18:45:00,2025-09-17T18:45:00Z,validation,9385,0,Tier A,tier_a_primary,Tier_A_full_context,c08_extreme_compression_stress,flat
2025.09.17 19:35:00,2025-09-17T19:35:00Z,validation,9386,-1,Tier A,tier_a_primary,Tier_A_full_context,c08_extreme_compression_stress,short
2025.09.17 19:40:00,2025-09-17T19:40:00Z,validation,9387,-1,Tier A,tier_a_primary,Tier_A_full_context,c08_extreme_compression_stress,short
2025.09.17 19:50:00,2025-09-17T19:50:00Z,validation,9388,0,Tier A,tier_a_primary,Tier_A_full_context,c08_extreme_compression_stress,flat
2025.09.17 20:00:00,2025-09-17T20:00:00Z,validation,9389,0,Tier A,tier_a_primary,Tier_A_full_context,c08_extreme_compression_stress,flat
2025.09.17 20:05:00,2025-09-17T20:05:00Z,validation,9390,0,Tier A,tier_a_primary,Tier_A_full_context,c08_extreme_compression_stress,flat
2025.09.17 20:10:00,2025-09-17T20:10:00Z,validation,9391,0,Tier A,tier_a_primary,Tier_A_full_context,c08_extreme_compression_stress,flat
2025.09.17 20:15:00,2025-09-17T20:15:00Z,validation,9392,0,Tier A,tier_a_primary,Tier_A_full_context,c08_extreme_compression_stress,flat
2025.09.17 20:25:00,2025-09-17T20:25:00Z,validation,9393,0,Tier A,tier_a_primary,Tier_A_full_context,c08_extreme_compression_stress,flat
2025.09.17 20:30:00,2025-09-17T20:30:00Z,validation,9394,0,Tier A,tier_a_primary,Tier_A_full_context,c08_extreme_compression_stress,flat
2025.09.17 20:35:00,2025-09-17T20:35:00Z,validation,9395,0,Tier A,tier_a_primary,Tier_A_full_context,c08_extreme_compression_stress,flat
2025.09.17 20:45:00,2025-09-17T20:45:00Z,validation,9396,0,Tier A,tier_a_primary,Tier_A_full_context,c08_extreme_compression_stress,flat
2025.09.17 20:50:00,2025-09-17T20:50:00Z,validation,9397,0,Tier A,tier_a_primary,Tier_A_full_context,c08_extreme_compression_stress,flat
2025.09.17 21:00:00,2025-09-17T21:00:00Z,validation,9398,1,Tier A,tier_a_primary,Tier_A_full_context,c08_extreme_compression_stress,long
2025.09.17 21:05:00,2025-09-17T21:05:00Z,validation,9399,0,Tier A,tier_a_primary,Tier_A_full_context,c08_extreme_compression_stress,flat
2025.09.17 21:10:00,2025-09-17T21:10:00Z,validation,9400,0,Tier A,tier_a_primary,Tier_A_full_context,c08_extreme_compression_stress,flat
2025.09.17 21:15:00,2025-09-17T21:15:00Z,validation,9401,0,Tier A,tier_a_primary,Tier_A_full_context,c08_extreme_compression_stress,flat
2025.09.17 21:20:00,2025-09-17T21:20:00Z,validation,9402,0,Tier A,tier_a_primary,Tier_A_full_context,c08_extreme_compression_stress,flat
2025.09.17 21:25:00,2025-09-17T21:25:00Z,validation,9403,0,Tier A,tier_a_primary,Tier_A_full_context,c08_extreme_compression_stress,flat
2025.09.17 21:30:00,2025-09-17T21:30:00Z,validation,9404,0,Tier A,tier_a_primary,Tier_A_full_context,c08_extreme_compression_stress,flat
2025.09.17 21:35:00,2025-09-17T21:35:00Z,validation,9405,0,Tier A,tier_a_primary,Tier_A_full_context,c08_extreme_compression_stress,flat
2025.09.17 21:40:00,2025-09-17T21:40:00Z,validation,9406,0,Tier A,tier_a_primary,Tier_A_full_context,c08_extreme_compression_stress,flat
2025.09.17 21:45:00,2025-09-17T21:45:00Z,validation,9407,0,Tier A,tier_a_primary,Tier_A_full_context,c08_extreme_compression_stress,flat
2025.09.17 21:50:00,2025-09-17T21:50:00Z,validation,9408,0,Tier A,tier_a_primary,Tier_A_full_context,c08_extreme_compression_stress,flat
2025.09.17 21:55:00,2025-09-17T21:55:00Z,validation,9409,0,Tier A,tier_a_primary,Tier_A_full_context,c08_extreme_compression_stress,flat
2025.09.17 22:00:00,2025-09-17T22:00:00Z,validation,9410,0,Tier A,tier_a_primary,Tier_A_full_context,c08_extreme_compression_stress,flat
2025.09.18 16:35:00,2025-09-18T16:35:00Z,validation,9411,0,Tier A,tier_a_primary,Tier_A_full_context,c08_extreme_compression_stress,flat
2025.09.18 16:40:00,2025-09-18T16:40:00Z,validation,9412,0,Tier A,tier_a_primary,Tier_A_full_context,c08_extreme_compression_stress,flat
2025.09.18 16:45:00,2025-09-18T16:45:00Z,validation,9413,0,Tier A,tier_a_primary,Tier_A_full_context,c08_extreme_compression_stress,flat
2025.09.18 16:50:00,2025-09-18T16:50:00Z,validation,9414,0,Tier A,tier_a_primary,Tier_A_full_context,c08_extreme_compression_stress,flat
2025.09.18 16:55:00,2025-09-18T16:55:00Z,validation,9415,0,Tier A,tier_a_primary,Tier_A_full_context,c08_extreme_compression_stress,flat
2025.09.18 17:00:00,2025-09-18T17:00:00Z,validation,9416,0,Tier A,tier_a_primary,Tier_A_full_context,c08_extreme_compression_stress,flat
2025.09.18 17:05:00,2025-09-18T17:05:00Z,validation,9417,0,Tier A,tier_a_primary,Tier_A_full_context,c08_extreme_compression_stress,flat
2025.09.18 17:15:00,2025-09-18T17:15:00Z,validation,9418,0,Tier A,tier_a_primary,Tier_A_full_context,c08_extreme_compression_stress,flat
2025.09.18 17:20:00,2025-09-18T17:20:00Z,validation,9419,0,Tier A,tier_a_primary,Tier_A_full_context,c08_extreme_compression_stress,flat
2025.09.18 17:25:00,2025-09-18T17:25:00Z,validation,9420,0,Tier A,tier_a_primary,Tier_A_full_context,c08_extreme_compression_stress,flat
2025.09.18 17:35:00,2025-09-18T17:35:00Z,validation,9421,0,Tier A,tier_a_primary,Tier_A_full_context,c08_extreme_compression_stress,flat
2025.09.18 17:40:00,2025-09-18T17:40:00Z,validation,9422,0,Tier A,tier_a_primary,Tier_A_full_context,c08_extreme_compression_stress,flat
2025.09.18 17:45:00,2025-09-18T17:45:00Z,validation,9423,0,Tier A,tier_a_primary,Tier_A_full_context,c08_extreme_compression_stress,flat
2025.09.18 17:50:00,2025-09-18T17:50:00Z,validation,9424,0,Tier A,tier_a_primary,Tier_A_full_context,c08_extreme_compression_stress,flat
2025.09.18 17:55:00,2025-09-18T17:55:00Z,validation,9425,0,Tier A,tier_a_primary,Tier_A_full_context,c08_extreme_compression_stress,flat
2025.09.18 18:00:00,2025-09-18T18:00:00Z,validation,9426,0,Tier A,tier_a_primary,Tier_A_full_context,c08_extreme_compression_stress,flat
2025.09.18 18:05:00,2025-09-18T18:05:00Z,validation,9427,0,Tier A,tier_a_primary,Tier_A_full_context,c08_extreme_compression_stress,flat
2025.09.18 18:10:00,2025-09-18T18:10:00Z,validation,9428,0,Tier A,tier_a_primary,Tier_A_full_context,c08_extreme_compression_stress,flat
2025.09.18 18:15:00,2025-09-18T18:15:00Z,validation,9429,0,Tier A,tier_a_primary,Tier_A_full_context,c08_extreme_compression_stress,flat
2025.09.18 18:20:00,2025-09-18T18:20:00Z,validation,9430,0,Tier A,tier_a_primary,Tier_A_full_context,c08_extreme_compression_stress,flat
2025.09.18 18:25:00,2025-09-18T18:25:00Z,validation,9431,0,Tier A,tier_a_primary,Tier_A_full_context,c08_extreme_compression_stress,flat
2025.09.18 18:50:00,2025-09-18T18:50:00Z,validation,9432,0,Tier A,tier_a_primary,Tier_A_full_context,c08_extreme_compression_stress,flat
2025.09.18 18:55:00,2025-09-18T18:55:00Z,validation,9433,0,Tier A,tier_a_primary,Tier_A_full_context,c08_extreme_compression_stress,flat
2025.09.18 19:00:00,2025-09-18T19:00:00Z,validation,9434,0,Tier A,tier_a_primary,Tier_A_full_context,c08_extreme_compression_stress,flat
2025.09.18 19:05:00,2025-09-18T19:05:00Z,validation,9435,0,Tier A,tier_a_primary,Tier_A_full_context,c08_extreme_compression_stress,flat
2025.09.18 19:10:00,2025-09-18T19:10:00Z,validation,9436,0,Tier A,tier_a_primary,Tier_A_full_context,c08_extreme_compression_stress,flat
2025.09.18 19:15:00,2025-09-18T19:15:00Z,validation,9437,0,Tier A,tier_a_primary,Tier_A_full_context,c08_extreme_compression_stress,long
2025.09.18 19:20:00,2025-09-18T19:20:00Z,validation,9438,0,Tier A,tier_a_primary,Tier_A_full_context,c08_extreme_compression_stress,flat
2025.09.18 19:25:00,2025-09-18T19:25:00Z,validation,9439,0,Tier A,tier_a_primary,Tier_A_full_context,c08_extreme_compression_stress,flat
2025.09.18 19:30:00,2025-09-18T19:30:00Z,validation,9440,0,Tier A,tier_a_primary,Tier_A_full_context,c08_extreme_compression_stress,flat
2025.09.18 19:35:00,2025-09-18T19:35:00Z,validation,9441,0,Tier A,tier_a_primary,Tier_A_full_context,c08_extreme_compression_stress,flat
2025.09.18 20:30:00,2025-09-18T20:30:00Z,validation,9442,0,Tier A,tier_a_primary,Tier_A_full_context,c08_extreme_compression_stress,flat
2025.09.18 20:40:00,2025-09-18T20:40:00Z,validation,9443,0,Tier A,tier_a_primary,Tier_A_full_context,c08_extreme_compression_stress,flat
2025.09.18 20:45:00,2025-09-18T20:45:00Z,validation,9444,0,Tier A,tier_a_primary,Tier_A_full_context,c08_extreme_compression_stress,flat
2025.09.18 20:50:00,2025-09-18T20:50:00Z,validation,9445,0,Tier A,tier_a_primary,Tier_A_full_context,c08_extreme_compression_stress,flat
2025.09.18 20:55:00,2025-09-18T20:55:00Z,validation,9446,1,Tier A,tier_a_primary,Tier_A_full_context,c08_extreme_compression_stress,long
2025.09.18 21:10:00,2025-09-18T21:10:00Z,validation,9447,0,Tier A,tier_a_primary,Tier_A_full_context,c08_extreme_compression_stress,flat
2025.09.18 21:15:00,2025-09-18T21:15:00Z,validation,9448,0,Tier A,tier_a_primary,Tier_A_full_context,c08_extreme_compression_stress,flat
2025.09.18 21:20:00,2025-09-18T21:20:00Z,validation,9449,0,Tier A,tier_a_primary,Tier_A_full_context,c08_extreme_compression_stress,flat
2025.09.18 21:25:00,2025-09-18T21:25:00Z,validation,9450,1,Tier A,tier_a_primary,Tier_A_full_context,c08_extreme_compression_stress,long
2025.09.18 21:40:00,2025-09-18T21:40:00Z,validation,9451,0,Tier A,tier_a_primary,Tier_A_full_context,c08_extreme_compression_stress,flat
2025.09.18 21:50:00,2025-09-18T21:50:00Z,validation,9452,1,Tier A,tier_a_primary,Tier_A_full_context,c08_extreme_compression_stress,long
2025.09.18 22:00:00,2025-09-18T22:00:00Z,validation,9453,0,Tier A,tier_a_primary,Tier_A_full_context,c08_extreme_compression_stress,flat
2025.09.19 16:35:00,2025-09-19T16:35:00Z,validation,9454,-1,Tier A,tier_a_primary,Tier_A_full_context,c08_extreme_compression_stress,short
2025.09.19 16:40:00,2025-09-19T16:40:00Z,validation,9455,0,Tier A,tier_a_primary,Tier_A_full_context,c08_extreme_compression_stress,flat
2025.09.19 16:45:00,2025-09-19T16:45:00Z,validation,9456,0,Tier A,tier_a_primary,Tier_A_full_context,c08_extreme_compression_stress,long
2025.09.19 16:50:00,2025-09-19T16:50:00Z,validation,9457,0,Tier A,tier_a_primary,Tier_A_full_context,c08_extreme_compression_stress,long
2025.09.19 16:55:00,2025-09-19T16:55:00Z,validation,9458,0,Tier A,tier_a_primary,Tier_A_full_context,c08_extreme_compression_stress,flat
2025.09.19 17:00:00,2025-09-19T17:00:00Z,validation,9459,-1,Tier A,tier_a_primary,Tier_A_full_context,c08_extreme_compression_stress,short
2025.09.19 17:05:00,2025-09-19T17:05:00Z,validation,9460,0,Tier A,tier_a_primary,Tier_A_full_context,c08_extreme_compression_stress,flat
2025.09.19 17:10:00,2025-09-19T17:10:00Z,validation,9461,-1,Tier A,tier_a_primary,Tier_A_full_context,c08_extreme_compression_stress,short
2025.09.19 17:15:00,2025-09-19T17:15:00Z,validation,9462,0,Tier A,tier_a_primary,Tier_A_full_context,c08_extreme_compression_stress,flat
2025.09.19 17:20:00,2025-09-19T17:20:00Z,validation,9463,0,Tier A,tier_a_primary,Tier_A_full_context,c08_extreme_compression_stress,flat
2025.09.19 17:25:00,2025-09-19T17:25:00Z,validation,9464,0,Tier A,tier_a_primary,Tier_A_full_context,c08_extreme_compression_stress,long
2025.09.19 17:30:00,2025-09-19T17:30:00Z,validation,9465,0,Tier A,tier_a_primary,Tier_A_full_context,c08_extreme_compression_stress,flat
2025.09.19 17:45:00,2025-09-19T17:45:00Z,validation,9466,0,Tier A,tier_a_primary,Tier_A_full_context,c08_extreme_compression_stress,flat
2025.09.19 17:50:00,2025-09-19T17:50:00Z,validation,9467,0,Tier A,tier_a_primary,Tier_A_full_context,c08_extreme_compression_stress,flat
2025.09.19 17:55:00,2025-09-19T17:55:00Z,validation,9468,0,Tier A,tier_a_primary,Tier_A_full_context,c08_extreme_compression_stress,flat
2025.09.19 18:00:00,2025-09-19T18:00:00Z,validation,9469,0,Tier A,tier_a_primary,Tier_A_full_context,c08_extreme_compression_stress,flat
2025.09.19 18:05:00,2025-09-19T18:05:00Z,validation,9470,0,Tier A,tier_a_primary,Tier_A_full_context,c08_extreme_compression_stress,flat
2025.09.19 18:10:00,2025-09-19T18:10:00Z,validation,9471,0,Tier A,tier_a_primary,Tier_A_full_context,c08_extreme_compression_stress,flat
2025.09.19 18:15:00,2025-09-19T18:15:00Z,validation,9472,0,Tier A,tier_a_primary,Tier_A_full_context,c08_extreme_compression_stress,flat
2025.09.19 18:25:00,2025-09-19T18:25:00Z,validation,9473,0,Tier A,tier_a_primary,Tier_A_full_context,c08_extreme_compression_stress,flat
2025.09.19 18:30:00,2025-09-19T18:30:00Z,validation,9474,0,Tier A,tier_a_primary,Tier_A_full_context,c08_extreme_compression_stress,flat
2025.09.19 18:35:00,2025-09-19T18:35:00Z,validation,9475,0,Tier A,tier_a_primary,Tier_A_full_context,c08_extreme_compression_stress,flat
2025.09.19 18:40:00,2025-09-19T18:40:00Z,validation,9476,0,Tier A,tier_a_primary,Tier_A_full_context,c08_extreme_compression_stress,flat
2025.09.19 18:45:00,2025-09-19T18:45:00Z,validation,9477,0,Tier A,tier_a_primary,Tier_A_full_context,c08_extreme_compression_stress,flat
2025.09.19 18:55:00,2025-09-19T18:55:00Z,validation,9478,0,Tier A,tier_a_primary,Tier_A_full_context,c08_extreme_compression_stress,flat
2025.09.19 19:00:00,2025-09-19T19:00:00Z,validation,9479,0,Tier A,tier_a_primary,Tier_A_full_context,c08_extreme_compression_stress,flat
2025.09.19 19:05:00,2025-09-19T19:05:00Z,validation,9480,0,Tier A,tier_a_primary,Tier_A_full_context,c08_extreme_compression_stress,flat
2025.09.19 19:25:00,2025-09-19T19:25:00Z,validation,9481,0,Tier A,tier_a_primary,Tier_A_full_context,c08_extreme_compression_stress,flat
2025.09.19 19:30:00,2025-09-19T19:30:00Z,validation,9482,0,Tier A,tier_a_primary,Tier_A_full_context,c08_extreme_compression_stress,flat
2025.09.19 19:35:00,2025-09-19T19:35:00Z,validation,9483,0,Tier A,tier_a_primary,Tier_A_full_context,c08_extreme_compression_stress,flat
2025.09.19 19:40:00,2025-09-19T19:40:00Z,validation,9484,0,Tier A,tier_a_primary,Tier_A_full_context,c08_extreme_compression_stress,flat
2025.09.19 19:45:00,2025-09-19T19:45:00Z,validation,9485,0,Tier A,tier_a_primary,Tier_A_full_context,c08_extreme_compression_stress,flat
2025.09.19 20:00:00,2025-09-19T20:00:00Z,validation,9486,0,Tier A,tier_a_primary,Tier_A_full_context,c08_extreme_compression_stress,flat
2025.09.19 20:10:00,2025-09-19T20:10:00Z,validation,9487,0,Tier A,tier_a_primary,Tier_A_full_context,c08_extreme_compression_stress,flat
2025.09.19 20:15:00,2025-09-19T20:15:00Z,validation,9488,0,Tier A,tier_a_primary,Tier_A_full_context,c08_extreme_compression_stress,flat
2025.09.19 20:45:00,2025-09-19T20:45:00Z,validation,9489,0,Tier A,tier_a_primary,Tier_A_full_context,c08_extreme_compression_stress,flat
2025.09.19 20:50:00,2025-09-19T20:50:00Z,validation,9490,0,Tier A,tier_a_primary,Tier_A_full_context,c08_extreme_compression_stress,flat
2025.09.19 21:35:00,2025-09-19T21:35:00Z,validation,9491,1,Tier A,tier_a_primary,Tier_A_full_context,c08_extreme_compression_stress,long
2025.09.19 21:50:00,2025-09-19T21:50:00Z,validation,9492,0,Tier A,tier_a_primary,Tier_A_full_context,c08_extreme_compression_stress,flat
2025.09.19 21:55:00,2025-09-19T21:55:00Z,validation,9493,0,Tier A,tier_a_primary,Tier_A_full_context,c08_extreme_compression_stress,flat
2025.09.19 22:00:00,2025-09-19T22:00:00Z,validation,9494,1,Tier A,tier_a_primary,Tier_A_full_context,c08_extreme_compression_stress,long
2025.09.22 16:35:00,2025-09-22T16:35:00Z,validation,9495,0,Tier A,tier_a_primary,Tier_A_full_context,c08_extreme_compression_stress,long
2025.09.22 16:40:00,2025-09-22T16:40:00Z,validation,9496,0,Tier A,tier_a_primary,Tier_A_full_context,c08_extreme_compression_stress,flat
2025.09.22 16:50:00,2025-09-22T16:50:00Z,validation,9497,0,Tier A,tier_a_primary,Tier_A_full_context,c08_extreme_compression_stress,flat
2025.09.22 16:55:00,2025-09-22T16:55:00Z,validation,9498,0,Tier A,tier_a_primary,Tier_A_full_context,c08_extreme_compression_stress,flat
2025.09.22 17:00:00,2025-09-22T17:00:00Z,validation,9499,0,Tier A,tier_a_primary,Tier_A_full_context,c08_extreme_compression_stress,flat
2025.09.22 17:05:00,2025-09-22T17:05:00Z,validation,9500,0,Tier A,tier_a_primary,Tier_A_full_context,c08_extreme_compression_stress,flat
2025.09.22 17:10:00,2025-09-22T17:10:00Z,validation,9501,0,Tier A,tier_a_primary,Tier_A_full_context,c08_extreme_compression_stress,flat
2025.09.22 18:10:00,2025-09-22T18:10:00Z,validation,9502,0,Tier A,tier_a_primary,Tier_A_full_context,c08_extreme_compression_stress,flat
2025.09.22 18:40:00,2025-09-22T18:40:00Z,validation,9503,0,Tier A,tier_a_primary,Tier_A_full_context,c08_extreme_compression_stress,flat
2025.09.22 18:50:00,2025-09-22T18:50:00Z,validation,9504,0,Tier A,tier_a_primary,Tier_A_full_context,c08_extreme_compression_stress,flat
2025.09.22 19:00:00,2025-09-22T19:00:00Z,validation,9505,0,Tier A,tier_a_primary,Tier_A_full_context,c08_extreme_compression_stress,flat
2025.09.22 19:05:00,2025-09-22T19:05:00Z,validation,9506,0,Tier A,tier_a_primary,Tier_A_full_context,c08_extreme_compression_stress,flat
2025.09.22 19:15:00,2025-09-22T19:15:00Z,validation,9507,0,Tier A,tier_a_primary,Tier_A_full_context,c08_extreme_compression_stress,flat
2025.09.22 19:20:00,2025-09-22T19:20:00Z,validation,9508,0,Tier A,tier_a_primary,Tier_A_full_context,c08_extreme_compression_stress,flat
2025.09.22 19:25:00,2025-09-22T19:25:00Z,validation,9509,0,Tier A,tier_a_primary,Tier_A_full_context,c08_extreme_compression_stress,flat
2025.09.22 20:00:00,2025-09-22T20:00:00Z,validation,9510,0,Tier A,tier_a_primary,Tier_A_full_context,c08_extreme_compression_stress,flat
2025.09.22 21:00:00,2025-09-22T21:00:00Z,validation,9511,0,Tier A,tier_a_primary,Tier_A_full_context,c08_extreme_compression_stress,flat
2025.09.22 21:05:00,2025-09-22T21:05:00Z,validation,9512,0,Tier A,tier_a_primary,Tier_A_full_context,c08_extreme_compression_stress,flat
2025.09.22 22:00:00,2025-09-22T22:00:00Z,validation,9513,0,Tier A,tier_a_primary,Tier_A_full_context,c08_extreme_compression_stress,flat
2025.09.23 16:35:00,2025-09-23T16:35:00Z,validation,9514,0,Tier A,tier_a_primary,Tier_A_full_context,c08_extreme_compression_stress,flat
2025.09.23 16:40:00,2025-09-23T16:40:00Z,validation,9515,0,Tier A,tier_a_primary,Tier_A_full_context,c08_extreme_compression_stress,flat
2025.09.23 16:45:00,2025-09-23T16:45:00Z,validation,9516,-1,Tier A,tier_a_primary,Tier_A_full_context,c08_extreme_compression_stress,short
2025.09.23 16:50:00,2025-09-23T16:50:00Z,validation,9517,0,Tier A,tier_a_primary,Tier_A_full_context,c08_extreme_compression_stress,flat
2025.09.23 16:55:00,2025-09-23T16:55:00Z,validation,9518,0,Tier A,tier_a_primary,Tier_A_full_context,c08_extreme_compression_stress,flat
2025.09.23 17:00:00,2025-09-23T17:00:00Z,validation,9519,0,Tier A,tier_a_primary,Tier_A_full_context,c08_extreme_compression_stress,flat
2025.09.23 17:05:00,2025-09-23T17:05:00Z,validation,9520,0,Tier A,tier_a_primary,Tier_A_full_context,c08_extreme_compression_stress,flat
2025.09.23 17:10:00,2025-09-23T17:10:00Z,validation,9521,0,Tier A,tier_a_primary,Tier_A_full_context,c08_extreme_compression_stress,flat
2025.09.23 17:25:00,2025-09-23T17:25:00Z,validation,9522,0,Tier A,tier_a_primary,Tier_A_full_context,c08_extreme_compression_stress,flat
2025.09.23 17:30:00,2025-09-23T17:30:00Z,validation,9523,0,Tier A,tier_a_primary,Tier_A_full_context,c08_extreme_compression_stress,flat
2025.09.23 17:35:00,2025-09-23T17:35:00Z,validation,9524,0,Tier A,tier_a_primary,Tier_A_full_context,c08_extreme_compression_stress,flat
2025.09.23 17:40:00,2025-09-23T17:40:00Z,validation,9525,0,Tier A,tier_a_primary,Tier_A_full_context,c08_extreme_compression_stress,flat
2025.09.23 17:55:00,2025-09-23T17:55:00Z,validation,9526,0,Tier A,tier_a_primary,Tier_A_full_context,c08_extreme_compression_stress,flat
2025.09.23 18:00:00,2025-09-23T18:00:00Z,validation,9527,0,Tier A,tier_a_primary,Tier_A_full_context,c08_extreme_compression_stress,flat
2025.09.23 18:05:00,2025-09-23T18:05:00Z,validation,9528,0,Tier A,tier_a_primary,Tier_A_full_context,c08_extreme_compression_stress,flat
2025.09.23 18:10:00,2025-09-23T18:10:00Z,validation,9529,0,Tier A,tier_a_primary,Tier_A_full_context,c08_extreme_compression_stress,flat
2025.09.23 18:15:00,2025-09-23T18:15:00Z,validation,9530,0,Tier A,tier_a_primary,Tier_A_full_context,c08_extreme_compression_stress,flat
2025.09.23 18:20:00,2025-09-23T18:20:00Z,validation,9531,0,Tier A,tier_a_primary,Tier_A_full_context,c08_extreme_compression_stress,flat
2025.09.23 18:25:00,2025-09-23T18:25:00Z,validation,9532,0,Tier A,tier_a_primary,Tier_A_full_context,c08_extreme_compression_stress,flat
2025.09.23 18:30:00,2025-09-23T18:30:00Z,validation,9533,0,Tier A,tier_a_primary,Tier_A_full_context,c08_extreme_compression_stress,flat
2025.09.23 18:35:00,2025-09-23T18:35:00Z,validation,9534,0,Tier A,tier_a_primary,Tier_A_full_context,c08_extreme_compression_stress,flat
2025.09.23 18:45:00,2025-09-23T18:45:00Z,validation,9535,0,Tier A,tier_a_primary,Tier_A_full_context,c08_extreme_compression_stress,flat
2025.09.23 19:00:00,2025-09-23T19:00:00Z,validation,9536,0,Tier A,tier_a_primary,Tier_A_full_context,c08_extreme_compression_stress,flat
2025.09.23 19:10:00,2025-09-23T19:10:00Z,validation,9537,0,Tier A,tier_a_primary,Tier_A_full_context,c08_extreme_compression_stress,flat
2025.09.23 19:15:00,2025-09-23T19:15:00Z,validation,9538,0,Tier A,tier_a_primary,Tier_A_full_context,c08_extreme_compression_stress,flat
2025.09.23 19:20:00,2025-09-23T19:20:00Z,validation,9539,0,Tier A,tier_a_primary,Tier_A_full_context,c08_extreme_compression_stress,long
2025.09.23 19:25:00,2025-09-23T19:25:00Z,validation,9540,0,Tier A,tier_a_primary,Tier_A_full_context,c08_extreme_compression_stress,flat
2025.09.23 19:30:00,2025-09-23T19:30:00Z,validation,9541,0,Tier A,tier_a_primary,Tier_A_full_context,c08_extreme_compression_stress,flat
2025.09.23 19:35:00,2025-09-23T19:35:00Z,validation,9542,0,Tier A,tier_a_primary,Tier_A_full_context,c08_extreme_compression_stress,flat
2025.09.23 19:40:00,2025-09-23T19:40:00Z,validation,9543,0,Tier A,tier_a_primary,Tier_A_full_context,c08_extreme_compression_stress,flat
2025.09.23 19:45:00,2025-09-23T19:45:00Z,validation,9544,0,Tier A,tier_a_primary,Tier_A_full_context,c08_extreme_compression_stress,flat
2025.09.23 19:50:00,2025-09-23T19:50:00Z,validation,9545,0,Tier A,tier_a_primary,Tier_A_full_context,c08_extreme_compression_stress,flat
2025.09.23 19:55:00,2025-09-23T19:55:00Z,validation,9546,0,Tier A,tier_a_primary,Tier_A_full_context,c08_extreme_compression_stress,flat
2025.09.23 20:00:00,2025-09-23T20:00:00Z,validation,9547,0,Tier A,tier_a_primary,Tier_A_full_context,c08_extreme_compression_stress,flat
2025.09.23 20:05:00,2025-09-23T20:05:00Z,validation,9548,-1,Tier A,tier_a_primary,Tier_A_full_context,c08_extreme_compression_stress,short
2025.09.23 20:15:00,2025-09-23T20:15:00Z,validation,9549,0,Tier A,tier_a_primary,Tier_A_full_context,c08_extreme_compression_stress,flat
2025.09.23 20:20:00,2025-09-23T20:20:00Z,validation,9550,0,Tier A,tier_a_primary,Tier_A_full_context,c08_extreme_compression_stress,flat
2025.09.23 20:25:00,2025-09-23T20:25:00Z,validation,9551,0,Tier A,tier_a_primary,Tier_A_full_context,c08_extreme_compression_stress,flat
2025.09.23 20:30:00,2025-09-23T20:30:00Z,validation,9552,-1,Tier A,tier_a_primary,Tier_A_full_context,c08_extreme_compression_stress,short
2025.09.23 20:35:00,2025-09-23T20:35:00Z,validation,9553,0,Tier A,tier_a_primary,Tier_A_full_context,c08_extreme_compression_stress,flat
2025.09.23 20:40:00,2025-09-23T20:40:00Z,validation,9554,0,Tier A,tier_a_primary,Tier_A_full_context,c08_extreme_compression_stress,flat
2025.09.23 20:45:00,2025-09-23T20:45:00Z,validation,9555,0,Tier A,tier_a_primary,Tier_A_full_context,c08_extreme_compression_stress,flat
2025.09.23 20:50:00,2025-09-23T20:50:00Z,validation,9556,0,Tier A,tier_a_primary,Tier_A_full_context,c08_extreme_compression_stress,flat
2025.09.23 20:55:00,2025-09-23T20:55:00Z,validation,9557,0,Tier A,tier_a_primary,Tier_A_full_context,c08_extreme_compression_stress,flat
2025.09.23 21:05:00,2025-09-23T21:05:00Z,validation,9558,0,Tier A,tier_a_primary,Tier_A_full_context,c08_extreme_compression_stress,flat
2025.09.23 21:10:00,2025-09-23T21:10:00Z,validation,9559,0,Tier A,tier_a_primary,Tier_A_full_context,c08_extreme_compression_stress,flat
2025.09.23 21:15:00,2025-09-23T21:15:00Z,validation,9560,0,Tier A,tier_a_primary,Tier_A_full_context,c08_extreme_compression_stress,flat
2025.09.23 21:20:00,2025-09-23T21:20:00Z,validation,9561,0,Tier A,tier_a_primary,Tier_A_full_context,c08_extreme_compression_stress,flat
2025.09.23 21:30:00,2025-09-23T21:30:00Z,validation,9562,0,Tier A,tier_a_primary,Tier_A_full_context,c08_extreme_compression_stress,flat
2025.09.23 21:35:00,2025-09-23T21:35:00Z,validation,9563,0,Tier A,tier_a_primary,Tier_A_full_context,c08_extreme_compression_stress,flat
2025.09.23 21:40:00,2025-09-23T21:40:00Z,validation,9564,0,Tier A,tier_a_primary,Tier_A_full_context,c08_extreme_compression_stress,flat
2025.09.23 21:45:00,2025-09-23T21:45:00Z,validation,9565,0,Tier A,tier_a_primary,Tier_A_full_context,c08_extreme_compression_stress,flat
2025.09.23 21:50:00,2025-09-23T21:50:00Z,validation,9566,0,Tier A,tier_a_primary,Tier_A_full_context,c08_extreme_compression_stress,flat
2025.09.23 22:00:00,2025-09-23T22:00:00Z,validation,9567,0,Tier A,tier_a_primary,Tier_A_full_context,c08_extreme_compression_stress,flat
2025.09.24 16:35:00,2025-09-24T16:35:00Z,validation,9568,-1,Tier A,tier_a_primary,Tier_A_full_context,c08_extreme_compression_stress,short
2025.09.24 16:40:00,2025-09-24T16:40:00Z,validation,9569,0,Tier A,tier_a_primary,Tier_A_full_context,c08_extreme_compression_stress,flat
2025.09.24 16:50:00,2025-09-24T16:50:00Z,validation,9570,-1,Tier A,tier_a_primary,Tier_A_full_context,c08_extreme_compression_stress,short
2025.09.24 16:55:00,2025-09-24T16:55:00Z,validation,9571,0,Tier A,tier_a_primary,Tier_A_full_context,c08_extreme_compression_stress,flat
2025.09.24 17:00:00,2025-09-24T17:00:00Z,validation,9572,0,Tier A,tier_a_primary,Tier_A_full_context,c08_extreme_compression_stress,flat
2025.09.24 17:05:00,2025-09-24T17:05:00Z,validation,9573,0,Tier A,tier_a_primary,Tier_A_full_context,c08_extreme_compression_stress,flat
2025.09.24 17:10:00,2025-09-24T17:10:00Z,validation,9574,0,Tier A,tier_a_primary,Tier_A_full_context,c08_extreme_compression_stress,flat
2025.09.24 17:20:00,2025-09-24T17:20:00Z,validation,9575,0,Tier A,tier_a_primary,Tier_A_full_context,c08_extreme_compression_stress,flat
2025.09.24 17:25:00,2025-09-24T17:25:00Z,validation,9576,0,Tier A,tier_a_primary,Tier_A_full_context,c08_extreme_compression_stress,flat
2025.09.24 17:30:00,2025-09-24T17:30:00Z,validation,9577,0,Tier A,tier_a_primary,Tier_A_full_context,c08_extreme_compression_stress,flat
2025.09.24 17:35:00,2025-09-24T17:35:00Z,validation,9578,0,Tier A,tier_a_primary,Tier_A_full_context,c08_extreme_compression_stress,flat
2025.09.24 17:40:00,2025-09-24T17:40:00Z,validation,9579,0,Tier A,tier_a_primary,Tier_A_full_context,c08_extreme_compression_stress,flat
2025.09.24 17:45:00,2025-09-24T17:45:00Z,validation,9580,0,Tier A,tier_a_primary,Tier_A_full_context,c08_extreme_compression_stress,flat
2025.09.24 17:55:00,2025-09-24T17:55:00Z,validation,9581,0,Tier A,tier_a_primary,Tier_A_full_context,c08_extreme_compression_stress,flat
2025.09.24 18:00:00,2025-09-24T18:00:00Z,validation,9582,0,Tier A,tier_a_primary,Tier_A_full_context,c08_extreme_compression_stress,flat
2025.09.24 18:15:00,2025-09-24T18:15:00Z,validation,9583,0,Tier A,tier_a_primary,Tier_A_full_context,c08_extreme_compression_stress,flat
2025.09.24 18:25:00,2025-09-24T18:25:00Z,validation,9584,0,Tier A,tier_a_primary,Tier_A_full_context,c08_extreme_compression_stress,flat
2025.09.24 18:35:00,2025-09-24T18:35:00Z,validation,9585,-1,Tier A,tier_a_primary,Tier_A_full_context,c08_extreme_compression_stress,short
2025.09.24 18:40:00,2025-09-24T18:40:00Z,validation,9586,0,Tier A,tier_a_primary,Tier_A_full_context,c08_extreme_compression_stress,flat
2025.09.24 18:45:00,2025-09-24T18:45:00Z,validation,9587,0,Tier A,tier_a_primary,Tier_A_full_context,c08_extreme_compression_stress,flat
2025.09.24 18:50:00,2025-09-24T18:50:00Z,validation,9588,0,Tier A,tier_a_primary,Tier_A_full_context,c08_extreme_compression_stress,flat
2025.09.24 19:00:00,2025-09-24T19:00:00Z,validation,9589,0,Tier A,tier_a_primary,Tier_A_full_context,c08_extreme_compression_stress,flat
2025.09.24 19:05:00,2025-09-24T19:05:00Z,validation,9590,0,Tier A,tier_a_primary,Tier_A_full_context,c08_extreme_compression_stress,flat
2025.09.24 19:10:00,2025-09-24T19:10:00Z,validation,9591,0,Tier A,tier_a_primary,Tier_A_full_context,c08_extreme_compression_stress,flat
2025.09.24 19:20:00,2025-09-24T19:20:00Z,validation,9592,0,Tier A,tier_a_primary,Tier_A_full_context,c08_extreme_compression_stress,flat
2025.09.24 19:30:00,2025-09-24T19:30:00Z,validation,9593,0,Tier A,tier_a_primary,Tier_A_full_context,c08_extreme_compression_stress,flat
2025.09.24 19:35:00,2025-09-24T19:35:00Z,validation,9594,0,Tier A,tier_a_primary,Tier_A_full_context,c08_extreme_compression_stress,flat
2025.09.24 19:40:00,2025-09-24T19:40:00Z,validation,9595,0,Tier A,tier_a_primary,Tier_A_full_context,c08_extreme_compression_stress,flat
2025.09.24 19:50:00,2025-09-24T19:50:00Z,validation,9596,0,Tier A,tier_a_primary,Tier_A_full_context,c08_extreme_compression_stress,flat
2025.09.24 19:55:00,2025-09-24T19:55:00Z,validation,9597,0,Tier A,tier_a_primary,Tier_A_full_context,c08_extreme_compression_stress,flat
2025.09.24 20:00:00,2025-09-24T20:00:00Z,validation,9598,0,Tier A,tier_a_primary,Tier_A_full_context,c08_extreme_compression_stress,flat
2025.09.24 20:05:00,2025-09-24T20:05:00Z,validation,9599,0,Tier A,tier_a_primary,Tier_A_full_context,c08_extreme_compression_stress,flat
2025.09.24 20:10:00,2025-09-24T20:10:00Z,validation,9600,0,Tier A,tier_a_primary,Tier_A_full_context,c08_extreme_compression_stress,flat
2025.09.24 20:15:00,2025-09-24T20:15:00Z,validation,9601,0,Tier A,tier_a_primary,Tier_A_full_context,c08_extreme_compression_stress,flat
2025.09.24 20:20:00,2025-09-24T20:20:00Z,validation,9602,0,Tier A,tier_a_primary,Tier_A_full_context,c08_extreme_compression_stress,flat
2025.09.24 20:35:00,2025-09-24T20:35:00Z,validation,9603,0,Tier A,tier_a_primary,Tier_A_full_context,c08_extreme_compression_stress,flat
2025.09.24 20:40:00,2025-09-24T20:40:00Z,validation,9604,0,Tier A,tier_a_primary,Tier_A_full_context,c08_extreme_compression_stress,flat
2025.09.24 20:45:00,2025-09-24T20:45:00Z,validation,9605,0,Tier A,tier_a_primary,Tier_A_full_context,c08_extreme_compression_stress,flat
2025.09.24 20:50:00,2025-09-24T20:50:00Z,validation,9606,0,Tier A,tier_a_primary,Tier_A_full_context,c08_extreme_compression_stress,flat
2025.09.24 20:55:00,2025-09-24T20:55:00Z,validation,9607,0,Tier A,tier_a_primary,Tier_A_full_context,c08_extreme_compression_stress,flat
2025.09.24 21:00:00,2025-09-24T21:00:00Z,validation,9608,0,Tier A,tier_a_primary,Tier_A_full_context,c08_extreme_compression_stress,flat
2025.09.24 21:05:00,2025-09-24T21:05:00Z,validation,9609,0,Tier A,tier_a_primary,Tier_A_full_context,c08_extreme_compression_stress,flat
2025.09.24 21:10:00,2025-09-24T21:10:00Z,validation,9610,0,Tier A,tier_a_primary,Tier_A_full_context,c08_extreme_compression_stress,flat
2025.09.24 21:15:00,2025-09-24T21:15:00Z,validation,9611,0,Tier A,tier_a_primary,Tier_A_full_context,c08_extreme_compression_stress,flat
2025.09.24 21:25:00,2025-09-24T21:25:00Z,validation,9612,0,Tier A,tier_a_primary,Tier_A_full_context,c08_extreme_compression_stress,flat
2025.09.24 21:30:00,2025-09-24T21:30:00Z,validation,9613,0,Tier A,tier_a_primary,Tier_A_full_context,c08_extreme_compression_stress,flat
2025.09.24 21:35:00,2025-09-24T21:35:00Z,validation,9614,0,Tier A,tier_a_primary,Tier_A_full_context,c08_extreme_compression_stress,flat
2025.09.24 21:50:00,2025-09-24T21:50:00Z,validation,9615,0,Tier A,tier_a_primary,Tier_A_full_context,c08_extreme_compression_stress,flat
2025.09.24 21:55:00,2025-09-24T21:55:00Z,validation,9616,0,Tier A,tier_a_primary,Tier_A_full_context,c08_extreme_compression_stress,flat
2025.09.24 22:00:00,2025-09-24T22:00:00Z,validation,9617,0,Tier A,tier_a_primary,Tier_A_full_context,c08_extreme_compression_stress,flat
2025.09.25 16:35:00,2025-09-25T16:35:00Z,validation,9618,0,Tier A,tier_a_primary,Tier_A_full_context,c08_extreme_compression_stress,flat
2025.09.25 16:40:00,2025-09-25T16:40:00Z,validation,9619,0,Tier A,tier_a_primary,Tier_A_full_context,c08_extreme_compression_stress,flat
2025.09.25 16:45:00,2025-09-25T16:45:00Z,validation,9620,0,Tier A,tier_a_primary,Tier_A_full_context,c08_extreme_compression_stress,flat
2025.09.25 16:50:00,2025-09-25T16:50:00Z,validation,9621,0,Tier A,tier_a_primary,Tier_A_full_context,c08_extreme_compression_stress,flat
2025.09.25 16:55:00,2025-09-25T16:55:00Z,validation,9622,0,Tier A,tier_a_primary,Tier_A_full_context,c08_extreme_compression_stress,flat
2025.09.25 17:00:00,2025-09-25T17:00:00Z,validation,9623,0,Tier A,tier_a_primary,Tier_A_full_context,c08_extreme_compression_stress,flat
2025.09.25 17:05:00,2025-09-25T17:05:00Z,validation,9624,0,Tier A,tier_a_primary,Tier_A_full_context,c08_extreme_compression_stress,flat
2025.09.25 17:10:00,2025-09-25T17:10:00Z,validation,9625,0,Tier A,tier_a_primary,Tier_A_full_context,c08_extreme_compression_stress,flat
2025.09.25 17:15:00,2025-09-25T17:15:00Z,validation,9626,0,Tier A,tier_a_primary,Tier_A_full_context,c08_extreme_compression_stress,flat
2025.09.25 17:20:00,2025-09-25T17:20:00Z,validation,9627,0,Tier A,tier_a_primary,Tier_A_full_context,c08_extreme_compression_stress,flat
2025.09.25 17:25:00,2025-09-25T17:25:00Z,validation,9628,0,Tier A,tier_a_primary,Tier_A_full_context,c08_extreme_compression_stress,flat
2025.09.25 17:30:00,2025-09-25T17:30:00Z,validation,9629,0,Tier A,tier_a_primary,Tier_A_full_context,c08_extreme_compression_stress,flat
2025.09.25 17:35:00,2025-09-25T17:35:00Z,validation,9630,0,Tier A,tier_a_primary,Tier_A_full_context,c08_extreme_compression_stress,flat
2025.09.25 17:40:00,2025-09-25T17:40:00Z,validation,9631,0,Tier A,tier_a_primary,Tier_A_full_context,c08_extreme_compression_stress,flat
2025.09.25 17:45:00,2025-09-25T17:45:00Z,validation,9632,0,Tier A,tier_a_primary,Tier_A_full_context,c08_extreme_compression_stress,flat
2025.09.25 17:50:00,2025-09-25T17:50:00Z,validation,9633,0,Tier A,tier_a_primary,Tier_A_full_context,c08_extreme_compression_stress,flat
2025.09.25 17:55:00,2025-09-25T17:55:00Z,validation,9634,0,Tier A,tier_a_primary,Tier_A_full_context,c08_extreme_compression_stress,flat
2025.09.25 18:00:00,2025-09-25T18:00:00Z,validation,9635,0,Tier A,tier_a_primary,Tier_A_full_context,c08_extreme_compression_stress,flat
2025.09.25 18:05:00,2025-09-25T18:05:00Z,validation,9636,0,Tier A,tier_a_primary,Tier_A_full_context,c08_extreme_compression_stress,flat
2025.09.25 18:10:00,2025-09-25T18:10:00Z,validation,9637,0,Tier A,tier_a_primary,Tier_A_full_context,c08_extreme_compression_stress,flat
2025.09.25 18:15:00,2025-09-25T18:15:00Z,validation,9638,0,Tier A,tier_a_primary,Tier_A_full_context,c08_extreme_compression_stress,flat
2025.09.25 18:20:00,2025-09-25T18:20:00Z,validation,9639,0,Tier A,tier_a_primary,Tier_A_full_context,c08_extreme_compression_stress,flat
2025.09.25 18:25:00,2025-09-25T18:25:00Z,validation,9640,0,Tier A,tier_a_primary,Tier_A_full_context,c08_extreme_compression_stress,flat
2025.09.25 18:30:00,2025-09-25T18:30:00Z,validation,9641,0,Tier A,tier_a_primary,Tier_A_full_context,c08_extreme_compression_stress,flat
2025.09.25 18:35:00,2025-09-25T18:35:00Z,validation,9642,0,Tier A,tier_a_primary,Tier_A_full_context,c08_extreme_compression_stress,flat
2025.09.25 18:40:00,2025-09-25T18:40:00Z,validation,9643,0,Tier A,tier_a_primary,Tier_A_full_context,c08_extreme_compression_stress,flat
2025.09.25 18:45:00,2025-09-25T18:45:00Z,validation,9644,0,Tier A,tier_a_primary,Tier_A_full_context,c08_extreme_compression_stress,flat
2025.09.25 18:50:00,2025-09-25T18:50:00Z,validation,9645,0,Tier A,tier_a_primary,Tier_A_full_context,c08_extreme_compression_stress,flat
2025.09.25 18:55:00,2025-09-25T18:55:00Z,validation,9646,0,Tier A,tier_a_primary,Tier_A_full_context,c08_extreme_compression_stress,flat
2025.09.25 19:00:00,2025-09-25T19:00:00Z,validation,9647,0,Tier A,tier_a_primary,Tier_A_full_context,c08_extreme_compression_stress,flat
2025.09.25 19:05:00,2025-09-25T19:05:00Z,validation,9648,0,Tier A,tier_a_primary,Tier_A_full_context,c08_extreme_compression_stress,flat
2025.09.25 19:10:00,2025-09-25T19:10:00Z,validation,9649,0,Tier A,tier_a_primary,Tier_A_full_context,c08_extreme_compression_stress,flat
2025.09.25 19:15:00,2025-09-25T19:15:00Z,validation,9650,0,Tier A,tier_a_primary,Tier_A_full_context,c08_extreme_compression_stress,flat
2025.09.25 19:20:00,2025-09-25T19:20:00Z,validation,9651,0,Tier A,tier_a_primary,Tier_A_full_context,c08_extreme_compression_stress,flat
2025.09.25 19:25:00,2025-09-25T19:25:00Z,validation,9652,0,Tier A,tier_a_primary,Tier_A_full_context,c08_extreme_compression_stress,flat
2025.09.25 19:30:00,2025-09-25T19:30:00Z,validation,9653,0,Tier A,tier_a_primary,Tier_A_full_context,c08_extreme_compression_stress,flat
2025.09.25 19:35:00,2025-09-25T19:35:00Z,validation,9654,0,Tier A,tier_a_primary,Tier_A_full_context,c08_extreme_compression_stress,flat
2025.09.25 19:40:00,2025-09-25T19:40:00Z,validation,9655,0,Tier A,tier_a_primary,Tier_A_full_context,c08_extreme_compression_stress,flat
2025.09.25 19:45:00,2025-09-25T19:45:00Z,validation,9656,0,Tier A,tier_a_primary,Tier_A_full_context,c08_extreme_compression_stress,flat
2025.09.25 19:50:00,2025-09-25T19:50:00Z,validation,9657,0,Tier A,tier_a_primary,Tier_A_full_context,c08_extreme_compression_stress,flat
2025.09.25 19:55:00,2025-09-25T19:55:00Z,validation,9658,0,Tier A,tier_a_primary,Tier_A_full_context,c08_extreme_compression_stress,flat
2025.09.25 20:00:00,2025-09-25T20:00:00Z,validation,9659,0,Tier A,tier_a_primary,Tier_A_full_context,c08_extreme_compression_stress,flat
2025.09.25 20:05:00,2025-09-25T20:05:00Z,validation,9660,0,Tier A,tier_a_primary,Tier_A_full_context,c08_extreme_compression_stress,flat
2025.09.25 20:10:00,2025-09-25T20:10:00Z,validation,9661,0,Tier A,tier_a_primary,Tier_A_full_context,c08_extreme_compression_stress,flat
2025.09.25 20:15:00,2025-09-25T20:15:00Z,validation,9662,0,Tier A,tier_a_primary,Tier_A_full_context,c08_extreme_compression_stress,flat
2025.09.25 20:20:00,2025-09-25T20:20:00Z,validation,9663,0,Tier A,tier_a_primary,Tier_A_full_context,c08_extreme_compression_stress,flat
2025.09.25 20:25:00,2025-09-25T20:25:00Z,validation,9664,0,Tier A,tier_a_primary,Tier_A_full_context,c08_extreme_compression_stress,flat
2025.09.25 20:30:00,2025-09-25T20:30:00Z,validation,9665,0,Tier A,tier_a_primary,Tier_A_full_context,c08_extreme_compression_stress,flat
2025.09.25 20:35:00,2025-09-25T20:35:00Z,validation,9666,0,Tier A,tier_a_primary,Tier_A_full_context,c08_extreme_compression_stress,flat
2025.09.25 20:40:00,2025-09-25T20:40:00Z,validation,9667,0,Tier A,tier_a_primary,Tier_A_full_context,c08_extreme_compression_stress,flat
2025.09.25 20:45:00,2025-09-25T20:45:00Z,validation,9668,0,Tier A,tier_a_primary,Tier_A_full_context,c08_extreme_compression_stress,flat
2025.09.25 20:50:00,2025-09-25T20:50:00Z,validation,9669,0,Tier A,tier_a_primary,Tier_A_full_context,c08_extreme_compression_stress,flat
2025.09.25 20:55:00,2025-09-25T20:55:00Z,validation,9670,0,Tier A,tier_a_primary,Tier_A_full_context,c08_extreme_compression_stress,flat
2025.09.25 21:00:00,2025-09-25T21:00:00Z,validation,9671,0,Tier A,tier_a_primary,Tier_A_full_context,c08_extreme_compression_stress,flat
2025.09.25 21:05:00,2025-09-25T21:05:00Z,validation,9672,0,Tier A,tier_a_primary,Tier_A_full_context,c08_extreme_compression_stress,flat
2025.09.25 21:10:00,2025-09-25T21:10:00Z,validation,9673,0,Tier A,tier_a_primary,Tier_A_full_context,c08_extreme_compression_stress,flat
2025.09.25 21:15:00,2025-09-25T21:15:00Z,validation,9674,0,Tier A,tier_a_primary,Tier_A_full_context,c08_extreme_compression_stress,flat
2025.09.25 21:20:00,2025-09-25T21:20:00Z,validation,9675,0,Tier A,tier_a_primary,Tier_A_full_context,c08_extreme_compression_stress,flat
2025.09.25 21:25:00,2025-09-25T21:25:00Z,validation,9676,0,Tier A,tier_a_primary,Tier_A_full_context,c08_extreme_compression_stress,flat
2025.09.25 21:30:00,2025-09-25T21:30:00Z,validation,9677,0,Tier A,tier_a_primary,Tier_A_full_context,c08_extreme_compression_stress,flat
2025.09.25 21:35:00,2025-09-25T21:35:00Z,validation,9678,0,Tier A,tier_a_primary,Tier_A_full_context,c08_extreme_compression_stress,flat
2025.09.25 21:45:00,2025-09-25T21:45:00Z,validation,9679,0,Tier A,tier_a_primary,Tier_A_full_context,c08_extreme_compression_stress,flat
2025.09.25 21:50:00,2025-09-25T21:50:00Z,validation,9680,0,Tier A,tier_a_primary,Tier_A_full_context,c08_extreme_compression_stress,flat
2025.09.25 21:55:00,2025-09-25T21:55:00Z,validation,9681,0,Tier A,tier_a_primary,Tier_A_full_context,c08_extreme_compression_stress,flat
2025.09.25 22:00:00,2025-09-25T22:00:00Z,validation,9682,0,Tier A,tier_a_primary,Tier_A_full_context,c08_extreme_compression_stress,flat
2025.09.26 16:35:00,2025-09-26T16:35:00Z,validation,9683,0,Tier A,tier_a_primary,Tier_A_full_context,c08_extreme_compression_stress,flat
2025.09.26 16:40:00,2025-09-26T16:40:00Z,validation,9684,0,Tier A,tier_a_primary,Tier_A_full_context,c08_extreme_compression_stress,flat
2025.09.26 16:45:00,2025-09-26T16:45:00Z,validation,9685,0,Tier A,tier_a_primary,Tier_A_full_context,c08_extreme_compression_stress,flat
2025.09.26 16:50:00,2025-09-26T16:50:00Z,validation,9686,0,Tier A,tier_a_primary,Tier_A_full_context,c08_extreme_compression_stress,flat
2025.09.26 16:55:00,2025-09-26T16:55:00Z,validation,9687,0,Tier A,tier_a_primary,Tier_A_full_context,c08_extreme_compression_stress,flat
2025.09.26 17:00:00,2025-09-26T17:00:00Z,validation,9688,0,Tier A,tier_a_primary,Tier_A_full_context,c08_extreme_compression_stress,flat
2025.09.26 17:05:00,2025-09-26T17:05:00Z,validation,9689,0,Tier A,tier_a_primary,Tier_A_full_context,c08_extreme_compression_stress,flat
2025.09.26 17:10:00,2025-09-26T17:10:00Z,validation,9690,0,Tier A,tier_a_primary,Tier_A_full_context,c08_extreme_compression_stress,flat
2025.09.26 17:15:00,2025-09-26T17:15:00Z,validation,9691,0,Tier A,tier_a_primary,Tier_A_full_context,c08_extreme_compression_stress,flat
2025.09.26 17:20:00,2025-09-26T17:20:00Z,validation,9692,0,Tier A,tier_a_primary,Tier_A_full_context,c08_extreme_compression_stress,flat
2025.09.26 17:25:00,2025-09-26T17:25:00Z,validation,9693,0,Tier A,tier_a_primary,Tier_A_full_context,c08_extreme_compression_stress,flat
2025.09.26 17:30:00,2025-09-26T17:30:00Z,validation,9694,0,Tier A,tier_a_primary,Tier_A_full_context,c08_extreme_compression_stress,flat
2025.09.26 17:35:00,2025-09-26T17:35:00Z,validation,9695,0,Tier A,tier_a_primary,Tier_A_full_context,c08_extreme_compression_stress,flat
2025.09.26 17:40:00,2025-09-26T17:40:00Z,validation,9696,0,Tier A,tier_a_primary,Tier_A_full_context,c08_extreme_compression_stress,flat
2025.09.26 17:45:00,2025-09-26T17:45:00Z,validation,9697,0,Tier A,tier_a_primary,Tier_A_full_context,c08_extreme_compression_stress,flat
2025.09.26 17:50:00,2025-09-26T17:50:00Z,validation,9698,0,Tier A,tier_a_primary,Tier_A_full_context,c08_extreme_compression_stress,flat
2025.09.26 17:55:00,2025-09-26T17:55:00Z,validation,9699,0,Tier A,tier_a_primary,Tier_A_full_context,c08_extreme_compression_stress,flat
2025.09.26 18:00:00,2025-09-26T18:00:00Z,validation,9700,0,Tier A,tier_a_primary,Tier_A_full_context,c08_extreme_compression_stress,flat
2025.09.26 18:05:00,2025-09-26T18:05:00Z,validation,9701,0,Tier A,tier_a_primary,Tier_A_full_context,c08_extreme_compression_stress,flat
2025.09.26 18:10:00,2025-09-26T18:10:00Z,validation,9702,0,Tier A,tier_a_primary,Tier_A_full_context,c08_extreme_compression_stress,flat
2025.09.26 18:15:00,2025-09-26T18:15:00Z,validation,9703,0,Tier A,tier_a_primary,Tier_A_full_context,c08_extreme_compression_stress,flat
2025.09.26 18:20:00,2025-09-26T18:20:00Z,validation,9704,0,Tier A,tier_a_primary,Tier_A_full_context,c08_extreme_compression_stress,flat
2025.09.26 18:25:00,2025-09-26T18:25:00Z,validation,9705,0,Tier A,tier_a_primary,Tier_A_full_context,c08_extreme_compression_stress,flat
2025.09.26 18:30:00,2025-09-26T18:30:00Z,validation,9706,0,Tier A,tier_a_primary,Tier_A_full_context,c08_extreme_compression_stress,flat
2025.09.26 18:35:00,2025-09-26T18:35:00Z,validation,9707,0,Tier A,tier_a_primary,Tier_A_full_context,c08_extreme_compression_stress,flat
2025.09.26 18:40:00,2025-09-26T18:40:00Z,validation,9708,0,Tier A,tier_a_primary,Tier_A_full_context,c08_extreme_compression_stress,flat
2025.09.26 18:45:00,2025-09-26T18:45:00Z,validation,9709,0,Tier A,tier_a_primary,Tier_A_full_context,c08_extreme_compression_stress,flat
2025.09.26 18:50:00,2025-09-26T18:50:00Z,validation,9710,0,Tier A,tier_a_primary,Tier_A_full_context,c08_extreme_compression_stress,flat
2025.09.26 18:55:00,2025-09-26T18:55:00Z,validation,9711,0,Tier A,tier_a_primary,Tier_A_full_context,c08_extreme_compression_stress,flat
2025.09.26 19:00:00,2025-09-26T19:00:00Z,validation,9712,0,Tier A,tier_a_primary,Tier_A_full_context,c08_extreme_compression_stress,flat
2025.09.26 19:05:00,2025-09-26T19:05:00Z,validation,9713,0,Tier A,tier_a_primary,Tier_A_full_context,c08_extreme_compression_stress,flat
2025.09.26 19:10:00,2025-09-26T19:10:00Z,validation,9714,0,Tier A,tier_a_primary,Tier_A_full_context,c08_extreme_compression_stress,flat
2025.09.26 19:15:00,2025-09-26T19:15:00Z,validation,9715,0,Tier A,tier_a_primary,Tier_A_full_context,c08_extreme_compression_stress,flat
2025.09.26 19:20:00,2025-09-26T19:20:00Z,validation,9716,0,Tier A,tier_a_primary,Tier_A_full_context,c08_extreme_compression_stress,flat
2025.09.26 19:25:00,2025-09-26T19:25:00Z,validation,9717,0,Tier A,tier_a_primary,Tier_A_full_context,c08_extreme_compression_stress,flat
2025.09.26 19:35:00,2025-09-26T19:35:00Z,validation,9718,0,Tier A,tier_a_primary,Tier_A_full_context,c08_extreme_compression_stress,flat
2025.09.26 19:40:00,2025-09-26T19:40:00Z,validation,9719,0,Tier A,tier_a_primary,Tier_A_full_context,c08_extreme_compression_stress,flat
2025.09.26 19:45:00,2025-09-26T19:45:00Z,validation,9720,0,Tier A,tier_a_primary,Tier_A_full_context,c08_extreme_compression_stress,flat
2025.09.26 19:50:00,2025-09-26T19:50:00Z,validation,9721,0,Tier A,tier_a_primary,Tier_A_full_context,c08_extreme_compression_stress,flat
2025.09.26 19:55:00,2025-09-26T19:55:00Z,validation,9722,0,Tier A,tier_a_primary,Tier_A_full_context,c08_extreme_compression_stress,flat
2025.09.26 20:00:00,2025-09-26T20:00:00Z,validation,9723,0,Tier A,tier_a_primary,Tier_A_full_context,c08_extreme_compression_stress,flat
2025.09.26 20:05:00,2025-09-26T20:05:00Z,validation,9724,0,Tier A,tier_a_primary,Tier_A_full_context,c08_extreme_compression_stress,flat
2025.09.26 20:25:00,2025-09-26T20:25:00Z,validation,9725,0,Tier A,tier_a_primary,Tier_A_full_context,c08_extreme_compression_stress,flat
2025.09.26 20:40:00,2025-09-26T20:40:00Z,validation,9726,0,Tier A,tier_a_primary,Tier_A_full_context,c08_extreme_compression_stress,flat
2025.09.26 20:50:00,2025-09-26T20:50:00Z,validation,9727,0,Tier A,tier_a_primary,Tier_A_full_context,c08_extreme_compression_stress,flat
2025.09.26 20:55:00,2025-09-26T20:55:00Z,validation,9728,0,Tier A,tier_a_primary,Tier_A_full_context,c08_extreme_compression_stress,flat
2025.09.26 21:00:00,2025-09-26T21:00:00Z,validation,9729,0,Tier A,tier_a_primary,Tier_A_full_context,c08_extreme_compression_stress,flat
2025.09.26 21:20:00,2025-09-26T21:20:00Z,validation,9730,0,Tier A,tier_a_primary,Tier_A_full_context,c08_extreme_compression_stress,flat
2025.09.26 21:25:00,2025-09-26T21:25:00Z,validation,9731,1,Tier A,tier_a_primary,Tier_A_full_context,c08_extreme_compression_stress,long
2025.09.26 21:50:00,2025-09-26T21:50:00Z,validation,9732,0,Tier A,tier_a_primary,Tier_A_full_context,c08_extreme_compression_stress,flat
2025.09.26 21:55:00,2025-09-26T21:55:00Z,validation,9733,0,Tier A,tier_a_primary,Tier_A_full_context,c08_extreme_compression_stress,flat
2025.09.26 22:00:00,2025-09-26T22:00:00Z,validation,9734,0,Tier A,tier_a_primary,Tier_A_full_context,c08_extreme_compression_stress,flat
2025.09.29 16:35:00,2025-09-29T16:35:00Z,validation,9735,0,Tier A,tier_a_primary,Tier_A_full_context,c08_extreme_compression_stress,long
2025.09.29 16:40:00,2025-09-29T16:40:00Z,validation,9736,0,Tier A,tier_a_primary,Tier_A_full_context,c08_extreme_compression_stress,flat
2025.09.29 16:45:00,2025-09-29T16:45:00Z,validation,9737,0,Tier A,tier_a_primary,Tier_A_full_context,c08_extreme_compression_stress,long
2025.09.29 16:50:00,2025-09-29T16:50:00Z,validation,9738,0,Tier A,tier_a_primary,Tier_A_full_context,c08_extreme_compression_stress,long
2025.09.29 16:55:00,2025-09-29T16:55:00Z,validation,9739,0,Tier A,tier_a_primary,Tier_A_full_context,c08_extreme_compression_stress,flat
2025.09.29 17:00:00,2025-09-29T17:00:00Z,validation,9740,0,Tier A,tier_a_primary,Tier_A_full_context,c08_extreme_compression_stress,flat
2025.09.29 17:05:00,2025-09-29T17:05:00Z,validation,9741,0,Tier A,tier_a_primary,Tier_A_full_context,c08_extreme_compression_stress,flat
2025.09.29 17:10:00,2025-09-29T17:10:00Z,validation,9742,0,Tier A,tier_a_primary,Tier_A_full_context,c08_extreme_compression_stress,flat
2025.09.29 17:15:00,2025-09-29T17:15:00Z,validation,9743,0,Tier A,tier_a_primary,Tier_A_full_context,c08_extreme_compression_stress,flat
2025.09.29 17:20:00,2025-09-29T17:20:00Z,validation,9744,0,Tier A,tier_a_primary,Tier_A_full_context,c08_extreme_compression_stress,flat
2025.09.29 17:25:00,2025-09-29T17:25:00Z,validation,9745,0,Tier A,tier_a_primary,Tier_A_full_context,c08_extreme_compression_stress,flat
2025.09.29 17:30:00,2025-09-29T17:30:00Z,validation,9746,0,Tier A,tier_a_primary,Tier_A_full_context,c08_extreme_compression_stress,flat
2025.09.29 17:35:00,2025-09-29T17:35:00Z,validation,9747,0,Tier A,tier_a_primary,Tier_A_full_context,c08_extreme_compression_stress,flat
2025.09.29 17:40:00,2025-09-29T17:40:00Z,validation,9748,0,Tier A,tier_a_primary,Tier_A_full_context,c08_extreme_compression_stress,flat
2025.09.29 17:45:00,2025-09-29T17:45:00Z,validation,9749,0,Tier A,tier_a_primary,Tier_A_full_context,c08_extreme_compression_stress,flat
2025.09.29 17:50:00,2025-09-29T17:50:00Z,validation,9750,0,Tier A,tier_a_primary,Tier_A_full_context,c08_extreme_compression_stress,flat
2025.09.29 17:55:00,2025-09-29T17:55:00Z,validation,9751,0,Tier A,tier_a_primary,Tier_A_full_context,c08_extreme_compression_stress,flat
2025.09.29 18:00:00,2025-09-29T18:00:00Z,validation,9752,0,Tier A,tier_a_primary,Tier_A_full_context,c08_extreme_compression_stress,flat
2025.09.29 18:05:00,2025-09-29T18:05:00Z,validation,9753,0,Tier A,tier_a_primary,Tier_A_full_context,c08_extreme_compression_stress,flat
2025.09.29 18:10:00,2025-09-29T18:10:00Z,validation,9754,0,Tier A,tier_a_primary,Tier_A_full_context,c08_extreme_compression_stress,flat
2025.09.29 18:15:00,2025-09-29T18:15:00Z,validation,9755,0,Tier A,tier_a_primary,Tier_A_full_context,c08_extreme_compression_stress,flat
2025.09.29 18:20:00,2025-09-29T18:20:00Z,validation,9756,0,Tier A,tier_a_primary,Tier_A_full_context,c08_extreme_compression_stress,flat
2025.09.29 18:25:00,2025-09-29T18:25:00Z,validation,9757,0,Tier A,tier_a_primary,Tier_A_full_context,c08_extreme_compression_stress,flat
2025.09.29 18:35:00,2025-09-29T18:35:00Z,validation,9758,0,Tier A,tier_a_primary,Tier_A_full_context,c08_extreme_compression_stress,flat
2025.09.29 18:40:00,2025-09-29T18:40:00Z,validation,9759,0,Tier A,tier_a_primary,Tier_A_full_context,c08_extreme_compression_stress,flat
2025.09.29 18:45:00,2025-09-29T18:45:00Z,validation,9760,0,Tier A,tier_a_primary,Tier_A_full_context,c08_extreme_compression_stress,flat
2025.09.29 18:50:00,2025-09-29T18:50:00Z,validation,9761,0,Tier A,tier_a_primary,Tier_A_full_context,c08_extreme_compression_stress,flat
2025.09.29 18:55:00,2025-09-29T18:55:00Z,validation,9762,0,Tier A,tier_a_primary,Tier_A_full_context,c08_extreme_compression_stress,flat
2025.09.29 19:00:00,2025-09-29T19:00:00Z,validation,9763,0,Tier A,tier_a_primary,Tier_A_full_context,c08_extreme_compression_stress,flat
2025.09.29 19:10:00,2025-09-29T19:10:00Z,validation,9764,0,Tier A,tier_a_primary,Tier_A_full_context,c08_extreme_compression_stress,flat
2025.09.29 19:15:00,2025-09-29T19:15:00Z,validation,9765,0,Tier A,tier_a_primary,Tier_A_full_context,c08_extreme_compression_stress,flat
2025.09.29 19:20:00,2025-09-29T19:20:00Z,validation,9766,0,Tier A,tier_a_primary,Tier_A_full_context,c08_extreme_compression_stress,flat
2025.09.29 19:25:00,2025-09-29T19:25:00Z,validation,9767,0,Tier A,tier_a_primary,Tier_A_full_context,c08_extreme_compression_stress,flat
2025.09.29 19:35:00,2025-09-29T19:35:00Z,validation,9768,0,Tier A,tier_a_primary,Tier_A_full_context,c08_extreme_compression_stress,flat
2025.09.29 19:40:00,2025-09-29T19:40:00Z,validation,9769,0,Tier A,tier_a_primary,Tier_A_full_context,c08_extreme_compression_stress,flat
2025.09.29 19:45:00,2025-09-29T19:45:00Z,validation,9770,0,Tier A,tier_a_primary,Tier_A_full_context,c08_extreme_compression_stress,flat
2025.09.29 19:55:00,2025-09-29T19:55:00Z,validation,9771,0,Tier A,tier_a_primary,Tier_A_full_context,c08_extreme_compression_stress,flat
2025.09.29 20:00:00,2025-09-29T20:00:00Z,validation,9772,0,Tier A,tier_a_primary,Tier_A_full_context,c08_extreme_compression_stress,flat
2025.09.29 20:05:00,2025-09-29T20:05:00Z,validation,9773,0,Tier A,tier_a_primary,Tier_A_full_context,c08_extreme_compression_stress,flat
2025.09.29 20:10:00,2025-09-29T20:10:00Z,validation,9774,0,Tier A,tier_a_primary,Tier_A_full_context,c08_extreme_compression_stress,long
2025.09.29 20:20:00,2025-09-29T20:20:00Z,validation,9775,1,Tier A,tier_a_primary,Tier_A_full_context,c08_extreme_compression_stress,long
2025.09.29 20:25:00,2025-09-29T20:25:00Z,validation,9776,0,Tier A,tier_a_primary,Tier_A_full_context,c08_extreme_compression_stress,flat
2025.09.29 20:35:00,2025-09-29T20:35:00Z,validation,9777,0,Tier A,tier_a_primary,Tier_A_full_context,c08_extreme_compression_stress,flat
2025.09.29 20:40:00,2025-09-29T20:40:00Z,validation,9778,0,Tier A,tier_a_primary,Tier_A_full_context,c08_extreme_compression_stress,flat
2025.09.29 20:45:00,2025-09-29T20:45:00Z,validation,9779,0,Tier A,tier_a_primary,Tier_A_full_context,c08_extreme_compression_stress,flat
2025.09.29 20:50:00,2025-09-29T20:50:00Z,validation,9780,0,Tier A,tier_a_primary,Tier_A_full_context,c08_extreme_compression_stress,flat
2025.09.29 20:55:00,2025-09-29T20:55:00Z,validation,9781,0,Tier A,tier_a_primary,Tier_A_full_context,c08_extreme_compression_stress,flat
2025.09.29 21:00:00,2025-09-29T21:00:00Z,validation,9782,0,Tier A,tier_a_primary,Tier_A_full_context,c08_extreme_compression_stress,flat
2025.09.29 21:05:00,2025-09-29T21:05:00Z,validation,9783,0,Tier A,tier_a_primary,Tier_A_full_context,c08_extreme_compression_stress,flat
2025.09.29 21:10:00,2025-09-29T21:10:00Z,validation,9784,0,Tier A,tier_a_primary,Tier_A_full_context,c08_extreme_compression_stress,flat
2025.09.29 21:15:00,2025-09-29T21:15:00Z,validation,9785,0,Tier A,tier_a_primary,Tier_A_full_context,c08_extreme_compression_stress,flat
2025.09.29 21:25:00,2025-09-29T21:25:00Z,validation,9786,0,Tier A,tier_a_primary,Tier_A_full_context,c08_extreme_compression_stress,flat
2025.09.29 21:30:00,2025-09-29T21:30:00Z,validation,9787,0,Tier A,tier_a_primary,Tier_A_full_context,c08_extreme_compression_stress,flat
2025.09.29 21:35:00,2025-09-29T21:35:00Z,validation,9788,0,Tier A,tier_a_primary,Tier_A_full_context,c08_extreme_compression_stress,flat
2025.09.29 21:40:00,2025-09-29T21:40:00Z,validation,9789,0,Tier A,tier_a_primary,Tier_A_full_context,c08_extreme_compression_stress,flat
2025.09.29 21:50:00,2025-09-29T21:50:00Z,validation,9790,0,Tier A,tier_a_primary,Tier_A_full_context,c08_extreme_compression_stress,flat
2025.09.29 22:00:00,2025-09-29T22:00:00Z,validation,9791,0,Tier A,tier_a_primary,Tier_A_full_context,c08_extreme_compression_stress,flat
2025.09.30 16:35:00,2025-09-30T16:35:00Z,validation,9792,-1,Tier A,tier_a_primary,Tier_A_full_context,c08_extreme_compression_stress,short
2025.09.30 16:40:00,2025-09-30T16:40:00Z,validation,9793,0,Tier A,tier_a_primary,Tier_A_full_context,c08_extreme_compression_stress,flat
2025.09.30 16:45:00,2025-09-30T16:45:00Z,validation,9794,0,Tier A,tier_a_primary,Tier_A_full_context,c08_extreme_compression_stress,flat
2025.09.30 16:50:00,2025-09-30T16:50:00Z,validation,9795,0,Tier A,tier_a_primary,Tier_A_full_context,c08_extreme_compression_stress,flat
2025.09.30 16:55:00,2025-09-30T16:55:00Z,validation,9796,0,Tier A,tier_a_primary,Tier_A_full_context,c08_extreme_compression_stress,flat
2025.09.30 17:00:00,2025-09-30T17:00:00Z,validation,9797,0,Tier A,tier_a_primary,Tier_A_full_context,c08_extreme_compression_stress,flat
2025.09.30 17:05:00,2025-09-30T17:05:00Z,validation,9798,0,Tier A,tier_a_primary,Tier_A_full_context,c08_extreme_compression_stress,flat
2025.09.30 17:10:00,2025-09-30T17:10:00Z,validation,9799,0,Tier A,tier_a_primary,Tier_A_full_context,c08_extreme_compression_stress,flat
2025.09.30 17:15:00,2025-09-30T17:15:00Z,validation,9800,0,Tier A,tier_a_primary,Tier_A_full_context,c08_extreme_compression_stress,flat
2025.09.30 17:30:00,2025-09-30T17:30:00Z,validation,9801,0,Tier A,tier_a_primary,Tier_A_full_context,c08_extreme_compression_stress,flat
2025.09.30 17:35:00,2025-09-30T17:35:00Z,validation,9802,0,Tier A,tier_a_primary,Tier_A_full_context,c08_extreme_compression_stress,flat
2025.09.30 17:40:00,2025-09-30T17:40:00Z,validation,9803,0,Tier A,tier_a_primary,Tier_A_full_context,c08_extreme_compression_stress,flat
2025.09.30 17:45:00,2025-09-30T17:45:00Z,validation,9804,0,Tier A,tier_a_primary,Tier_A_full_context,c08_extreme_compression_stress,flat
2025.09.30 17:50:00,2025-09-30T17:50:00Z,validation,9805,0,Tier A,tier_a_primary,Tier_A_full_context,c08_extreme_compression_stress,flat
2025.09.30 17:55:00,2025-09-30T17:55:00Z,validation,9806,0,Tier A,tier_a_primary,Tier_A_full_context,c08_extreme_compression_stress,flat
2025.09.30 18:00:00,2025-09-30T18:00:00Z,validation,9807,0,Tier A,tier_a_primary,Tier_A_full_context,c08_extreme_compression_stress,flat
2025.09.30 18:05:00,2025-09-30T18:05:00Z,validation,9808,0,Tier A,tier_a_primary,Tier_A_full_context,c08_extreme_compression_stress,flat
2025.09.30 18:15:00,2025-09-30T18:15:00Z,validation,9809,0,Tier A,tier_a_primary,Tier_A_full_context,c08_extreme_compression_stress,flat
2025.09.30 18:20:00,2025-09-30T18:20:00Z,validation,9810,0,Tier A,tier_a_primary,Tier_A_full_context,c08_extreme_compression_stress,flat
2025.09.30 18:25:00,2025-09-30T18:25:00Z,validation,9811,0,Tier A,tier_a_primary,Tier_A_full_context,c08_extreme_compression_stress,flat
2025.09.30 18:30:00,2025-09-30T18:30:00Z,validation,9812,0,Tier A,tier_a_primary,Tier_A_full_context,c08_extreme_compression_stress,flat
2025.09.30 18:35:00,2025-09-30T18:35:00Z,validation,9813,0,Tier A,tier_a_primary,Tier_A_full_context,c08_extreme_compression_stress,flat
2025.09.30 18:40:00,2025-09-30T18:40:00Z,validation,9814,0,Tier A,tier_a_primary,Tier_A_full_context,c08_extreme_compression_stress,flat
2025.09.30 18:45:00,2025-09-30T18:45:00Z,validation,9815,0,Tier A,tier_a_primary,Tier_A_full_context,c08_extreme_compression_stress,flat
2025.09.30 18:50:00,2025-09-30T18:50:00Z,validation,9816,0,Tier A,tier_a_primary,Tier_A_full_context,c08_extreme_compression_stress,flat
2025.09.30 18:55:00,2025-09-30T18:55:00Z,validation,9817,0,Tier A,tier_a_primary,Tier_A_full_context,c08_extreme_compression_stress,flat
2025.09.30 19:00:00,2025-09-30T19:00:00Z,validation,9818,0,Tier A,tier_a_primary,Tier_A_full_context,c08_extreme_compression_stress,flat
2025.09.30 19:10:00,2025-09-30T19:10:00Z,validation,9819,0,Tier A,tier_a_primary,Tier_A_full_context,c08_extreme_compression_stress,flat
2025.09.30 19:20:00,2025-09-30T19:20:00Z,validation,9820,0,Tier A,tier_a_primary,Tier_A_full_context,c08_extreme_compression_stress,flat
2025.09.30 19:25:00,2025-09-30T19:25:00Z,validation,9821,0,Tier A,tier_a_primary,Tier_A_full_context,c08_extreme_compression_stress,flat
2025.09.30 19:35:00,2025-09-30T19:35:00Z,validation,9822,0,Tier A,tier_a_primary,Tier_A_full_context,c08_extreme_compression_stress,flat
2025.09.30 19:40:00,2025-09-30T19:40:00Z,validation,9823,0,Tier A,tier_a_primary,Tier_A_full_context,c08_extreme_compression_stress,flat
2025.09.30 19:45:00,2025-09-30T19:45:00Z,validation,9824,0,Tier A,tier_a_primary,Tier_A_full_context,c08_extreme_compression_stress,flat
2025.09.30 19:50:00,2025-09-30T19:50:00Z,validation,9825,0,Tier A,tier_a_primary,Tier_A_full_context,c08_extreme_compression_stress,flat
2025.09.30 20:05:00,2025-09-30T20:05:00Z,validation,9826,0,Tier A,tier_a_primary,Tier_A_full_context,c08_extreme_compression_stress,flat
2025.09.30 20:10:00,2025-09-30T20:10:00Z,validation,9827,0,Tier A,tier_a_primary,Tier_A_full_context,c08_extreme_compression_stress,flat
2025.09.30 20:15:00,2025-09-30T20:15:00Z,validation,9828,0,Tier A,tier_a_primary,Tier_A_full_context,c08_extreme_compression_stress,flat
2025.09.30 20:20:00,2025-09-30T20:20:00Z,validation,9829,0,Tier A,tier_a_primary,Tier_A_full_context,c08_extreme_compression_stress,flat
2025.09.30 20:25:00,2025-09-30T20:25:00Z,validation,9830,0,Tier A,tier_a_primary,Tier_A_full_context,c08_extreme_compression_stress,flat
2025.09.30 20:30:00,2025-09-30T20:30:00Z,validation,9831,1,Tier A,tier_a_primary,Tier_A_full_context,c08_extreme_compression_stress,long
2025.09.30 20:35:00,2025-09-30T20:35:00Z,validation,9832,0,Tier A,tier_a_primary,Tier_A_full_context,c08_extreme_compression_stress,flat
2025.09.30 20:40:00,2025-09-30T20:40:00Z,validation,9833,0,Tier A,tier_a_primary,Tier_A_full_context,c08_extreme_compression_stress,flat
2025.09.30 20:45:00,2025-09-30T20:45:00Z,validation,9834,0,Tier A,tier_a_primary,Tier_A_full_context,c08_extreme_compression_stress,flat
2025.09.30 20:50:00,2025-09-30T20:50:00Z,validation,9835,0,Tier A,tier_a_primary,Tier_A_full_context,c08_extreme_compression_stress,flat
2025.09.30 21:05:00,2025-09-30T21:05:00Z,validation,9836,0,Tier A,tier_a_primary,Tier_A_full_context,c08_extreme_compression_stress,flat
2025.09.30 21:10:00,2025-09-30T21:10:00Z,validation,9837,1,Tier A,tier_a_primary,Tier_A_full_context,c08_extreme_compression_stress,long
2025.09.30 21:15:00,2025-09-30T21:15:00Z,validation,9838,1,Tier A,tier_a_primary,Tier_A_full_context,c08_extreme_compression_stress,long
2025.09.30 21:20:00,2025-09-30T21:20:00Z,validation,9839,0,Tier A,tier_a_primary,Tier_A_full_context,c08_extreme_compression_stress,flat
2025.09.30 21:25:00,2025-09-30T21:25:00Z,validation,9840,0,Tier A,tier_a_primary,Tier_A_full_context,c08_extreme_compression_stress,flat
2025.09.30 21:35:00,2025-09-30T21:35:00Z,validation,9841,0,Tier A,tier_a_primary,Tier_A_full_context,c08_extreme_compression_stress,flat
2025.09.30 21:40:00,2025-09-30T21:40:00Z,validation,9842,0,Tier A,tier_a_primary,Tier_A_full_context,c08_extreme_compression_stress,flat
2025.09.30 22:00:00,2025-09-30T22:00:00Z,validation,9843,0,Tier A,tier_a_primary,Tier_A_full_context,c08_extreme_compression_stress,flat
