bar_time_server,timestamp_utc,split,row_index,stage42_session_reliability_signal,tier_label,routing_source,partial_context_subtype,candidate_id,stage42_session_bucket_label,stage42_session_reliability_score,entry_decision
2025.10.01 16:35:00,2025-10-01T16:35:00Z,oos,0,0,Tier A,tier_a_primary,Tier_A_full_context,c08_exclude_weak_session_bucket,cash_open_0_30,-0.09635811836115327,0
2025.10.01 16:40:00,2025-10-01T16:40:00Z,oos,1,0,Tier A,tier_a_primary,Tier_A_full_context,c08_exclude_weak_session_bucket,cash_open_0_30,-0.09635811836115327,0
2025.10.01 16:45:00,2025-10-01T16:45:00Z,oos,2,0,Tier A,tier_a_primary,Tier_A_full_context,c08_exclude_weak_session_bucket,cash_open_0_30,-0.09635811836115327,0
2025.10.01 16:50:00,2025-10-01T16:50:00Z,oos,3,0,Tier A,tier_a_primary,Tier_A_full_context,c08_exclude_weak_session_bucket,cash_open_0_30,-0.09635811836115327,0
2025.10.01 16:55:00,2025-10-01T16:55:00Z,oos,4,0,Tier A,tier_a_primary,Tier_A_full_context,c08_exclude_weak_session_bucket,cash_open_0_30,-0.09635811836115327,0
2025.10.01 17:00:00,2025-10-01T17:00:00Z,oos,5,0,Tier A,tier_a_primary,Tier_A_full_context,c08_exclude_weak_session_bucket,cash_open_0_30,-0.09635811836115327,0
2025.10.01 17:05:00,2025-10-01T17:05:00Z,oos,6,0,Tier A,tier_a_primary,Tier_A_full_context,c08_exclude_weak_session_bucket,early_cash_30_60,-0.12775735294117646,0
2025.10.01 17:10:00,2025-10-01T17:10:00Z,oos,7,0,Tier A,tier_a_primary,Tier_A_full_context,c08_exclude_weak_session_bucket,early_cash_30_60,-0.12775735294117646,0
2025.10.01 17:15:00,2025-10-01T17:15:00Z,oos,8,0,Tier A,tier_a_primary,Tier_A_full_context,c08_exclude_weak_session_bucket,early_cash_30_60,-0.12775735294117646,0
2025.10.01 17:20:00,2025-10-01T17:20:00Z,oos,9,0,Tier A,tier_a_primary,Tier_A_full_context,c08_exclude_weak_session_bucket,early_cash_30_60,-0.12775735294117646,0
2025.10.01 17:25:00,2025-10-01T17:25:00Z,oos,10,0,Tier A,tier_a_primary,Tier_A_full_context,c08_exclude_weak_session_bucket,early_cash_30_60,-0.12775735294117646,0
2025.10.01 17:35:00,2025-10-01T17:35:00Z,oos,11,0,Tier A,tier_a_primary,Tier_A_full_context,c08_exclude_weak_session_bucket,morning_60_120,-0.1698966408268734,0
2025.10.01 17:40:00,2025-10-01T17:40:00Z,oos,12,0,Tier A,tier_a_primary,Tier_A_full_context,c08_exclude_weak_session_bucket,morning_60_120,-0.1698966408268734,0
2025.10.01 17:45:00,2025-10-01T17:45:00Z,oos,13,0,Tier A,tier_a_primary,Tier_A_full_context,c08_exclude_weak_session_bucket,morning_60_120,-0.1698966408268734,0
2025.10.01 17:50:00,2025-10-01T17:50:00Z,oos,14,0,Tier A,tier_a_primary,Tier_A_full_context,c08_exclude_weak_session_bucket,morning_60_120,-0.1698966408268734,0
2025.10.01 18:00:00,2025-10-01T18:00:00Z,oos,15,0,Tier A,tier_a_primary,Tier_A_full_context,c08_exclude_weak_session_bucket,morning_60_120,-0.1698966408268734,0
2025.10.01 18:05:00,2025-10-01T18:05:00Z,oos,16,0,Tier A,tier_a_primary,Tier_A_full_context,c08_exclude_weak_session_bucket,morning_60_120,-0.1698966408268734,0
2025.10.01 18:15:00,2025-10-01T18:15:00Z,oos,17,0,Tier A,tier_a_primary,Tier_A_full_context,c08_exclude_weak_session_bucket,morning_60_120,-0.1698966408268734,0
2025.10.01 18:20:00,2025-10-01T18:20:00Z,oos,18,0,Tier A,tier_a_primary,Tier_A_full_context,c08_exclude_weak_session_bucket,morning_60_120,-0.1698966408268734,0
2025.10.01 18:25:00,2025-10-01T18:25:00Z,oos,19,0,Tier A,tier_a_primary,Tier_A_full_context,c08_exclude_weak_session_bucket,morning_60_120,-0.1698966408268734,0
2025.10.01 18:30:00,2025-10-01T18:30:00Z,oos,20,0,Tier A,tier_a_primary,Tier_A_full_context,c08_exclude_weak_session_bucket,morning_60_120,-0.1698966408268734,0
2025.10.01 18:35:00,2025-10-01T18:35:00Z,oos,21,0,Tier A,tier_a_primary,Tier_A_full_context,c08_exclude_weak_session_bucket,midday_lull_120_240,-0.1762380357885976,0
2025.10.01 18:40:00,2025-10-01T18:40:00Z,oos,22,0,Tier A,tier_a_primary,Tier_A_full_context,c08_exclude_weak_session_bucket,midday_lull_120_240,-0.1762380357885976,0
2025.10.01 18:45:00,2025-10-01T18:45:00Z,oos,23,0,Tier A,tier_a_primary,Tier_A_full_context,c08_exclude_weak_session_bucket,midday_lull_120_240,-0.1762380357885976,0
2025.10.01 18:50:00,2025-10-01T18:50:00Z,oos,24,0,Tier A,tier_a_primary,Tier_A_full_context,c08_exclude_weak_session_bucket,midday_lull_120_240,-0.1762380357885976,0
2025.10.01 18:55:00,2025-10-01T18:55:00Z,oos,25,0,Tier A,tier_a_primary,Tier_A_full_context,c08_exclude_weak_session_bucket,midday_lull_120_240,-0.1762380357885976,0
2025.10.01 19:00:00,2025-10-01T19:00:00Z,oos,26,0,Tier A,tier_a_primary,Tier_A_full_context,c08_exclude_weak_session_bucket,midday_lull_120_240,-0.1762380357885976,0
2025.10.01 19:05:00,2025-10-01T19:05:00Z,oos,27,0,Tier A,tier_a_primary,Tier_A_full_context,c08_exclude_weak_session_bucket,midday_lull_120_240,-0.1762380357885976,0
2025.10.01 19:10:00,2025-10-01T19:10:00Z,oos,28,0,Tier A,tier_a_primary,Tier_A_full_context,c08_exclude_weak_session_bucket,midday_lull_120_240,-0.1762380357885976,0
2025.10.01 19:15:00,2025-10-01T19:15:00Z,oos,29,0,Tier A,tier_a_primary,Tier_A_full_context,c08_exclude_weak_session_bucket,midday_lull_120_240,-0.1762380357885976,0
2025.10.01 19:20:00,2025-10-01T19:20:00Z,oos,30,0,Tier A,tier_a_primary,Tier_A_full_context,c08_exclude_weak_session_bucket,midday_lull_120_240,-0.1762380357885976,0
2025.10.01 19:25:00,2025-10-01T19:25:00Z,oos,31,0,Tier A,tier_a_primary,Tier_A_full_context,c08_exclude_weak_session_bucket,midday_lull_120_240,-0.1762380357885976,0
2025.10.01 19:35:00,2025-10-01T19:35:00Z,oos,32,0,Tier A,tier_a_primary,Tier_A_full_context,c08_exclude_weak_session_bucket,midday_lull_120_240,-0.1762380357885976,0
2025.10.01 19:40:00,2025-10-01T19:40:00Z,oos,33,0,Tier A,tier_a_primary,Tier_A_full_context,c08_exclude_weak_session_bucket,midday_lull_120_240,-0.1762380357885976,0
2025.10.01 19:45:00,2025-10-01T19:45:00Z,oos,34,0,Tier A,tier_a_primary,Tier_A_full_context,c08_exclude_weak_session_bucket,midday_lull_120_240,-0.1762380357885976,0
2025.10.01 19:50:00,2025-10-01T19:50:00Z,oos,35,0,Tier A,tier_a_primary,Tier_A_full_context,c08_exclude_weak_session_bucket,midday_lull_120_240,-0.1762380357885976,0
2025.10.01 19:55:00,2025-10-01T19:55:00Z,oos,36,0,Tier A,tier_a_primary,Tier_A_full_context,c08_exclude_weak_session_bucket,midday_lull_120_240,-0.1762380357885976,0
2025.10.01 20:00:00,2025-10-01T20:00:00Z,oos,37,0,Tier A,tier_a_primary,Tier_A_full_context,c08_exclude_weak_session_bucket,midday_lull_120_240,-0.1762380357885976,0
2025.10.01 20:10:00,2025-10-01T20:10:00Z,oos,38,0,Tier A,tier_a_primary,Tier_A_full_context,c08_exclude_weak_session_bucket,midday_lull_120_240,-0.1762380357885976,0
2025.10.01 20:15:00,2025-10-01T20:15:00Z,oos,39,0,Tier A,tier_a_primary,Tier_A_full_context,c08_exclude_weak_session_bucket,midday_lull_120_240,-0.1762380357885976,0
2025.10.01 20:20:00,2025-10-01T20:20:00Z,oos,40,0,Tier A,tier_a_primary,Tier_A_full_context,c08_exclude_weak_session_bucket,midday_lull_120_240,-0.1762380357885976,0
2025.10.01 20:30:00,2025-10-01T20:30:00Z,oos,41,0,Tier A,tier_a_primary,Tier_A_full_context,c08_exclude_weak_session_bucket,midday_lull_120_240,-0.1762380357885976,0
2025.10.01 20:45:00,2025-10-01T20:45:00Z,oos,42,-1,Tier A,tier_a_primary,Tier_A_full_context,c08_exclude_weak_session_bucket,late_cash_240_330,-0.17209668943772988,-1
2025.10.01 20:50:00,2025-10-01T20:50:00Z,oos,43,0,Tier A,tier_a_primary,Tier_A_full_context,c08_exclude_weak_session_bucket,late_cash_240_330,-0.17209668943772988,0
2025.10.01 20:55:00,2025-10-01T20:55:00Z,oos,44,0,Tier A,tier_a_primary,Tier_A_full_context,c08_exclude_weak_session_bucket,late_cash_240_330,-0.17209668943772988,0
2025.10.01 21:00:00,2025-10-01T21:00:00Z,oos,45,1,Tier A,tier_a_primary,Tier_A_full_context,c08_exclude_weak_session_bucket,late_cash_240_330,-0.17209668943772988,1
2025.10.01 21:05:00,2025-10-01T21:05:00Z,oos,46,1,Tier A,tier_a_primary,Tier_A_full_context,c08_exclude_weak_session_bucket,late_cash_240_330,-0.17209668943772988,1
2025.10.01 21:15:00,2025-10-01T21:15:00Z,oos,47,0,Tier A,tier_a_primary,Tier_A_full_context,c08_exclude_weak_session_bucket,late_cash_240_330,-0.17209668943772988,0
2025.10.01 21:20:00,2025-10-01T21:20:00Z,oos,48,0,Tier A,tier_a_primary,Tier_A_full_context,c08_exclude_weak_session_bucket,late_cash_240_330,-0.17209668943772988,0
2025.10.01 21:25:00,2025-10-01T21:25:00Z,oos,49,-1,Tier A,tier_a_primary,Tier_A_full_context,c08_exclude_weak_session_bucket,late_cash_240_330,-0.17209668943772988,-1
2025.10.01 21:30:00,2025-10-01T21:30:00Z,oos,50,-1,Tier A,tier_a_primary,Tier_A_full_context,c08_exclude_weak_session_bucket,late_cash_240_330,-0.17209668943772988,-1
2025.10.01 21:35:00,2025-10-01T21:35:00Z,oos,51,0,Tier A,tier_a_primary,Tier_A_full_context,c08_exclude_weak_session_bucket,late_cash_240_330,-0.17209668943772988,0
2025.10.01 21:40:00,2025-10-01T21:40:00Z,oos,52,0,Tier A,tier_a_primary,Tier_A_full_context,c08_exclude_weak_session_bucket,late_cash_240_330,-0.17209668943772988,0
2025.10.01 21:45:00,2025-10-01T21:45:00Z,oos,53,0,Tier A,tier_a_primary,Tier_A_full_context,c08_exclude_weak_session_bucket,late_cash_240_330,-0.17209668943772988,0
2025.10.01 21:50:00,2025-10-01T21:50:00Z,oos,54,0,Tier A,tier_a_primary,Tier_A_full_context,c08_exclude_weak_session_bucket,late_cash_240_330,-0.17209668943772988,0
2025.10.01 21:55:00,2025-10-01T21:55:00Z,oos,55,0,Tier A,tier_a_primary,Tier_A_full_context,c08_exclude_weak_session_bucket,late_cash_240_330,-0.17209668943772988,0
2025.10.01 22:00:00,2025-10-01T22:00:00Z,oos,56,0,Tier A,tier_a_primary,Tier_A_full_context,c08_exclude_weak_session_bucket,late_cash_240_330,-0.17209668943772988,0
2025.10.02 16:35:00,2025-10-02T16:35:00Z,oos,57,-1,Tier A,tier_a_primary,Tier_A_full_context,c08_exclude_weak_session_bucket,cash_open_0_30,-0.09635811836115327,-1
2025.10.02 16:40:00,2025-10-02T16:40:00Z,oos,58,-1,Tier A,tier_a_primary,Tier_A_full_context,c08_exclude_weak_session_bucket,cash_open_0_30,-0.09635811836115327,-1
2025.10.02 16:45:00,2025-10-02T16:45:00Z,oos,59,-1,Tier A,tier_a_primary,Tier_A_full_context,c08_exclude_weak_session_bucket,cash_open_0_30,-0.09635811836115327,-1
2025.10.02 16:50:00,2025-10-02T16:50:00Z,oos,60,0,Tier A,tier_a_primary,Tier_A_full_context,c08_exclude_weak_session_bucket,cash_open_0_30,-0.09635811836115327,0
2025.10.02 16:55:00,2025-10-02T16:55:00Z,oos,61,1,Tier A,tier_a_primary,Tier_A_full_context,c08_exclude_weak_session_bucket,cash_open_0_30,-0.09635811836115327,1
2025.10.02 17:00:00,2025-10-02T17:00:00Z,oos,62,1,Tier A,tier_a_primary,Tier_A_full_context,c08_exclude_weak_session_bucket,cash_open_0_30,-0.09635811836115327,1
2025.10.02 17:05:00,2025-10-02T17:05:00Z,oos,63,1,Tier A,tier_a_primary,Tier_A_full_context,c08_exclude_weak_session_bucket,early_cash_30_60,-0.12775735294117646,1
2025.10.02 17:10:00,2025-10-02T17:10:00Z,oos,64,0,Tier A,tier_a_primary,Tier_A_full_context,c08_exclude_weak_session_bucket,early_cash_30_60,-0.12775735294117646,0
2025.10.02 17:15:00,2025-10-02T17:15:00Z,oos,65,0,Tier A,tier_a_primary,Tier_A_full_context,c08_exclude_weak_session_bucket,early_cash_30_60,-0.12775735294117646,0
2025.10.02 17:20:00,2025-10-02T17:20:00Z,oos,66,0,Tier A,tier_a_primary,Tier_A_full_context,c08_exclude_weak_session_bucket,early_cash_30_60,-0.12775735294117646,0
2025.10.02 17:25:00,2025-10-02T17:25:00Z,oos,67,1,Tier A,tier_a_primary,Tier_A_full_context,c08_exclude_weak_session_bucket,early_cash_30_60,-0.12775735294117646,1
2025.10.02 17:30:00,2025-10-02T17:30:00Z,oos,68,0,Tier A,tier_a_primary,Tier_A_full_context,c08_exclude_weak_session_bucket,early_cash_30_60,-0.12775735294117646,0
2025.10.02 17:35:00,2025-10-02T17:35:00Z,oos,69,0,Tier A,tier_a_primary,Tier_A_full_context,c08_exclude_weak_session_bucket,morning_60_120,-0.1698966408268734,0
2025.10.02 17:40:00,2025-10-02T17:40:00Z,oos,70,1,Tier A,tier_a_primary,Tier_A_full_context,c08_exclude_weak_session_bucket,morning_60_120,-0.1698966408268734,1
2025.10.02 17:45:00,2025-10-02T17:45:00Z,oos,71,-1,Tier A,tier_a_primary,Tier_A_full_context,c08_exclude_weak_session_bucket,morning_60_120,-0.1698966408268734,-1
2025.10.02 17:50:00,2025-10-02T17:50:00Z,oos,72,0,Tier A,tier_a_primary,Tier_A_full_context,c08_exclude_weak_session_bucket,morning_60_120,-0.1698966408268734,0
2025.10.02 17:55:00,2025-10-02T17:55:00Z,oos,73,-1,Tier A,tier_a_primary,Tier_A_full_context,c08_exclude_weak_session_bucket,morning_60_120,-0.1698966408268734,-1
2025.10.02 18:00:00,2025-10-02T18:00:00Z,oos,74,0,Tier A,tier_a_primary,Tier_A_full_context,c08_exclude_weak_session_bucket,morning_60_120,-0.1698966408268734,0
2025.10.02 18:05:00,2025-10-02T18:05:00Z,oos,75,-1,Tier A,tier_a_primary,Tier_A_full_context,c08_exclude_weak_session_bucket,morning_60_120,-0.1698966408268734,-1
2025.10.02 18:10:00,2025-10-02T18:10:00Z,oos,76,1,Tier A,tier_a_primary,Tier_A_full_context,c08_exclude_weak_session_bucket,morning_60_120,-0.1698966408268734,1
2025.10.02 18:15:00,2025-10-02T18:15:00Z,oos,77,0,Tier A,tier_a_primary,Tier_A_full_context,c08_exclude_weak_session_bucket,morning_60_120,-0.1698966408268734,0
2025.10.02 18:25:00,2025-10-02T18:25:00Z,oos,78,0,Tier A,tier_a_primary,Tier_A_full_context,c08_exclude_weak_session_bucket,morning_60_120,-0.1698966408268734,0
2025.10.02 18:30:00,2025-10-02T18:30:00Z,oos,79,0,Tier A,tier_a_primary,Tier_A_full_context,c08_exclude_weak_session_bucket,morning_60_120,-0.1698966408268734,0
2025.10.02 18:35:00,2025-10-02T18:35:00Z,oos,80,0,Tier A,tier_a_primary,Tier_A_full_context,c08_exclude_weak_session_bucket,midday_lull_120_240,-0.1762380357885976,0
2025.10.02 18:40:00,2025-10-02T18:40:00Z,oos,81,0,Tier A,tier_a_primary,Tier_A_full_context,c08_exclude_weak_session_bucket,midday_lull_120_240,-0.1762380357885976,0
2025.10.02 18:45:00,2025-10-02T18:45:00Z,oos,82,0,Tier A,tier_a_primary,Tier_A_full_context,c08_exclude_weak_session_bucket,midday_lull_120_240,-0.1762380357885976,0
2025.10.02 18:55:00,2025-10-02T18:55:00Z,oos,83,0,Tier A,tier_a_primary,Tier_A_full_context,c08_exclude_weak_session_bucket,midday_lull_120_240,-0.1762380357885976,0
2025.10.02 19:00:00,2025-10-02T19:00:00Z,oos,84,0,Tier A,tier_a_primary,Tier_A_full_context,c08_exclude_weak_session_bucket,midday_lull_120_240,-0.1762380357885976,0
2025.10.02 19:10:00,2025-10-02T19:10:00Z,oos,85,0,Tier A,tier_a_primary,Tier_A_full_context,c08_exclude_weak_session_bucket,midday_lull_120_240,-0.1762380357885976,0
2025.10.02 19:25:00,2025-10-02T19:25:00Z,oos,86,0,Tier A,tier_a_primary,Tier_A_full_context,c08_exclude_weak_session_bucket,midday_lull_120_240,-0.1762380357885976,0
2025.10.02 19:35:00,2025-10-02T19:35:00Z,oos,87,0,Tier A,tier_a_primary,Tier_A_full_context,c08_exclude_weak_session_bucket,midday_lull_120_240,-0.1762380357885976,0
2025.10.02 19:40:00,2025-10-02T19:40:00Z,oos,88,0,Tier A,tier_a_primary,Tier_A_full_context,c08_exclude_weak_session_bucket,midday_lull_120_240,-0.1762380357885976,0
2025.10.02 19:45:00,2025-10-02T19:45:00Z,oos,89,0,Tier A,tier_a_primary,Tier_A_full_context,c08_exclude_weak_session_bucket,midday_lull_120_240,-0.1762380357885976,0
2025.10.02 19:50:00,2025-10-02T19:50:00Z,oos,90,0,Tier A,tier_a_primary,Tier_A_full_context,c08_exclude_weak_session_bucket,midday_lull_120_240,-0.1762380357885976,0
2025.10.02 19:55:00,2025-10-02T19:55:00Z,oos,91,0,Tier A,tier_a_primary,Tier_A_full_context,c08_exclude_weak_session_bucket,midday_lull_120_240,-0.1762380357885976,0
2025.10.02 20:00:00,2025-10-02T20:00:00Z,oos,92,0,Tier A,tier_a_primary,Tier_A_full_context,c08_exclude_weak_session_bucket,midday_lull_120_240,-0.1762380357885976,0
2025.10.02 20:05:00,2025-10-02T20:05:00Z,oos,93,0,Tier A,tier_a_primary,Tier_A_full_context,c08_exclude_weak_session_bucket,midday_lull_120_240,-0.1762380357885976,0
2025.10.02 20:10:00,2025-10-02T20:10:00Z,oos,94,0,Tier A,tier_a_primary,Tier_A_full_context,c08_exclude_weak_session_bucket,midday_lull_120_240,-0.1762380357885976,0
2025.10.02 20:20:00,2025-10-02T20:20:00Z,oos,95,0,Tier A,tier_a_primary,Tier_A_full_context,c08_exclude_weak_session_bucket,midday_lull_120_240,-0.1762380357885976,0
2025.10.02 20:30:00,2025-10-02T20:30:00Z,oos,96,0,Tier A,tier_a_primary,Tier_A_full_context,c08_exclude_weak_session_bucket,midday_lull_120_240,-0.1762380357885976,0
2025.10.02 20:35:00,2025-10-02T20:35:00Z,oos,97,0,Tier A,tier_a_primary,Tier_A_full_context,c08_exclude_weak_session_bucket,late_cash_240_330,-0.17209668943772988,0
2025.10.02 20:45:00,2025-10-02T20:45:00Z,oos,98,0,Tier A,tier_a_primary,Tier_A_full_context,c08_exclude_weak_session_bucket,late_cash_240_330,-0.17209668943772988,0
2025.10.02 21:00:00,2025-10-02T21:00:00Z,oos,99,0,Tier A,tier_a_primary,Tier_A_full_context,c08_exclude_weak_session_bucket,late_cash_240_330,-0.17209668943772988,0
2025.10.02 21:05:00,2025-10-02T21:05:00Z,oos,100,0,Tier A,tier_a_primary,Tier_A_full_context,c08_exclude_weak_session_bucket,late_cash_240_330,-0.17209668943772988,0
2025.10.02 21:10:00,2025-10-02T21:10:00Z,oos,101,0,Tier A,tier_a_primary,Tier_A_full_context,c08_exclude_weak_session_bucket,late_cash_240_330,-0.17209668943772988,0
2025.10.02 21:15:00,2025-10-02T21:15:00Z,oos,102,0,Tier A,tier_a_primary,Tier_A_full_context,c08_exclude_weak_session_bucket,late_cash_240_330,-0.17209668943772988,0
2025.10.02 21:20:00,2025-10-02T21:20:00Z,oos,103,0,Tier A,tier_a_primary,Tier_A_full_context,c08_exclude_weak_session_bucket,late_cash_240_330,-0.17209668943772988,0
2025.10.02 21:30:00,2025-10-02T21:30:00Z,oos,104,0,Tier A,tier_a_primary,Tier_A_full_context,c08_exclude_weak_session_bucket,late_cash_240_330,-0.17209668943772988,0
2025.10.02 21:35:00,2025-10-02T21:35:00Z,oos,105,0,Tier A,tier_a_primary,Tier_A_full_context,c08_exclude_weak_session_bucket,late_cash_240_330,-0.17209668943772988,0
2025.10.02 21:40:00,2025-10-02T21:40:00Z,oos,106,0,Tier A,tier_a_primary,Tier_A_full_context,c08_exclude_weak_session_bucket,late_cash_240_330,-0.17209668943772988,0
2025.10.02 21:45:00,2025-10-02T21:45:00Z,oos,107,0,Tier A,tier_a_primary,Tier_A_full_context,c08_exclude_weak_session_bucket,late_cash_240_330,-0.17209668943772988,0
2025.10.02 21:50:00,2025-10-02T21:50:00Z,oos,108,0,Tier A,tier_a_primary,Tier_A_full_context,c08_exclude_weak_session_bucket,late_cash_240_330,-0.17209668943772988,0
2025.10.02 22:00:00,2025-10-02T22:00:00Z,oos,109,0,Tier A,tier_a_primary,Tier_A_full_context,c08_exclude_weak_session_bucket,late_cash_240_330,-0.17209668943772988,0
2025.10.03 16:35:00,2025-10-03T16:35:00Z,oos,110,1,Tier A,tier_a_primary,Tier_A_full_context,c08_exclude_weak_session_bucket,cash_open_0_30,-0.09635811836115327,1
2025.10.03 16:40:00,2025-10-03T16:40:00Z,oos,111,1,Tier A,tier_a_primary,Tier_A_full_context,c08_exclude_weak_session_bucket,cash_open_0_30,-0.09635811836115327,1
2025.10.03 16:45:00,2025-10-03T16:45:00Z,oos,112,-1,Tier A,tier_a_primary,Tier_A_full_context,c08_exclude_weak_session_bucket,cash_open_0_30,-0.09635811836115327,-1
2025.10.03 16:50:00,2025-10-03T16:50:00Z,oos,113,1,Tier A,tier_a_primary,Tier_A_full_context,c08_exclude_weak_session_bucket,cash_open_0_30,-0.09635811836115327,1
2025.10.03 16:55:00,2025-10-03T16:55:00Z,oos,114,-1,Tier A,tier_a_primary,Tier_A_full_context,c08_exclude_weak_session_bucket,cash_open_0_30,-0.09635811836115327,-1
2025.10.03 17:00:00,2025-10-03T17:00:00Z,oos,115,-1,Tier A,tier_a_primary,Tier_A_full_context,c08_exclude_weak_session_bucket,cash_open_0_30,-0.09635811836115327,-1
2025.10.03 17:05:00,2025-10-03T17:05:00Z,oos,116,-1,Tier A,tier_a_primary,Tier_A_full_context,c08_exclude_weak_session_bucket,early_cash_30_60,-0.12775735294117646,-1
2025.10.03 17:10:00,2025-10-03T17:10:00Z,oos,117,0,Tier A,tier_a_primary,Tier_A_full_context,c08_exclude_weak_session_bucket,early_cash_30_60,-0.12775735294117646,0
2025.10.03 17:20:00,2025-10-03T17:20:00Z,oos,118,0,Tier A,tier_a_primary,Tier_A_full_context,c08_exclude_weak_session_bucket,early_cash_30_60,-0.12775735294117646,0
2025.10.03 17:25:00,2025-10-03T17:25:00Z,oos,119,0,Tier A,tier_a_primary,Tier_A_full_context,c08_exclude_weak_session_bucket,early_cash_30_60,-0.12775735294117646,0
2025.10.03 17:35:00,2025-10-03T17:35:00Z,oos,120,0,Tier A,tier_a_primary,Tier_A_full_context,c08_exclude_weak_session_bucket,morning_60_120,-0.1698966408268734,0
2025.10.03 17:40:00,2025-10-03T17:40:00Z,oos,121,1,Tier A,tier_a_primary,Tier_A_full_context,c08_exclude_weak_session_bucket,morning_60_120,-0.1698966408268734,1
2025.10.03 17:45:00,2025-10-03T17:45:00Z,oos,122,0,Tier A,tier_a_primary,Tier_A_full_context,c08_exclude_weak_session_bucket,morning_60_120,-0.1698966408268734,0
2025.10.03 17:50:00,2025-10-03T17:50:00Z,oos,123,0,Tier A,tier_a_primary,Tier_A_full_context,c08_exclude_weak_session_bucket,morning_60_120,-0.1698966408268734,0
2025.10.03 17:55:00,2025-10-03T17:55:00Z,oos,124,1,Tier A,tier_a_primary,Tier_A_full_context,c08_exclude_weak_session_bucket,morning_60_120,-0.1698966408268734,1
2025.10.03 18:00:00,2025-10-03T18:00:00Z,oos,125,0,Tier A,tier_a_primary,Tier_A_full_context,c08_exclude_weak_session_bucket,morning_60_120,-0.1698966408268734,0
2025.10.03 18:05:00,2025-10-03T18:05:00Z,oos,126,0,Tier A,tier_a_primary,Tier_A_full_context,c08_exclude_weak_session_bucket,morning_60_120,-0.1698966408268734,0
2025.10.03 18:10:00,2025-10-03T18:10:00Z,oos,127,0,Tier A,tier_a_primary,Tier_A_full_context,c08_exclude_weak_session_bucket,morning_60_120,-0.1698966408268734,0
2025.10.03 18:15:00,2025-10-03T18:15:00Z,oos,128,0,Tier A,tier_a_primary,Tier_A_full_context,c08_exclude_weak_session_bucket,morning_60_120,-0.1698966408268734,0
2025.10.03 18:20:00,2025-10-03T18:20:00Z,oos,129,0,Tier A,tier_a_primary,Tier_A_full_context,c08_exclude_weak_session_bucket,morning_60_120,-0.1698966408268734,0
2025.10.03 18:25:00,2025-10-03T18:25:00Z,oos,130,0,Tier A,tier_a_primary,Tier_A_full_context,c08_exclude_weak_session_bucket,morning_60_120,-0.1698966408268734,0
2025.10.03 18:35:00,2025-10-03T18:35:00Z,oos,131,0,Tier A,tier_a_primary,Tier_A_full_context,c08_exclude_weak_session_bucket,midday_lull_120_240,-0.1762380357885976,0
2025.10.03 18:40:00,2025-10-03T18:40:00Z,oos,132,0,Tier A,tier_a_primary,Tier_A_full_context,c08_exclude_weak_session_bucket,midday_lull_120_240,-0.1762380357885976,0
2025.10.03 18:50:00,2025-10-03T18:50:00Z,oos,133,0,Tier A,tier_a_primary,Tier_A_full_context,c08_exclude_weak_session_bucket,midday_lull_120_240,-0.1762380357885976,0
2025.10.03 18:55:00,2025-10-03T18:55:00Z,oos,134,0,Tier A,tier_a_primary,Tier_A_full_context,c08_exclude_weak_session_bucket,midday_lull_120_240,-0.1762380357885976,0
2025.10.03 19:00:00,2025-10-03T19:00:00Z,oos,135,0,Tier A,tier_a_primary,Tier_A_full_context,c08_exclude_weak_session_bucket,midday_lull_120_240,-0.1762380357885976,0
2025.10.03 19:05:00,2025-10-03T19:05:00Z,oos,136,0,Tier A,tier_a_primary,Tier_A_full_context,c08_exclude_weak_session_bucket,midday_lull_120_240,-0.1762380357885976,0
2025.10.03 19:15:00,2025-10-03T19:15:00Z,oos,137,0,Tier A,tier_a_primary,Tier_A_full_context,c08_exclude_weak_session_bucket,midday_lull_120_240,-0.1762380357885976,0
2025.10.03 19:20:00,2025-10-03T19:20:00Z,oos,138,0,Tier A,tier_a_primary,Tier_A_full_context,c08_exclude_weak_session_bucket,midday_lull_120_240,-0.1762380357885976,0
2025.10.03 19:25:00,2025-10-03T19:25:00Z,oos,139,0,Tier A,tier_a_primary,Tier_A_full_context,c08_exclude_weak_session_bucket,midday_lull_120_240,-0.1762380357885976,0
2025.10.03 19:30:00,2025-10-03T19:30:00Z,oos,140,0,Tier A,tier_a_primary,Tier_A_full_context,c08_exclude_weak_session_bucket,midday_lull_120_240,-0.1762380357885976,0
2025.10.03 19:35:00,2025-10-03T19:35:00Z,oos,141,0,Tier A,tier_a_primary,Tier_A_full_context,c08_exclude_weak_session_bucket,midday_lull_120_240,-0.1762380357885976,0
2025.10.03 19:40:00,2025-10-03T19:40:00Z,oos,142,0,Tier A,tier_a_primary,Tier_A_full_context,c08_exclude_weak_session_bucket,midday_lull_120_240,-0.1762380357885976,0
2025.10.03 19:45:00,2025-10-03T19:45:00Z,oos,143,0,Tier A,tier_a_primary,Tier_A_full_context,c08_exclude_weak_session_bucket,midday_lull_120_240,-0.1762380357885976,0
2025.10.03 19:50:00,2025-10-03T19:50:00Z,oos,144,0,Tier A,tier_a_primary,Tier_A_full_context,c08_exclude_weak_session_bucket,midday_lull_120_240,-0.1762380357885976,0
2025.10.03 19:55:00,2025-10-03T19:55:00Z,oos,145,0,Tier A,tier_a_primary,Tier_A_full_context,c08_exclude_weak_session_bucket,midday_lull_120_240,-0.1762380357885976,0
2025.10.03 20:00:00,2025-10-03T20:00:00Z,oos,146,0,Tier A,tier_a_primary,Tier_A_full_context,c08_exclude_weak_session_bucket,midday_lull_120_240,-0.1762380357885976,0
2025.10.03 20:05:00,2025-10-03T20:05:00Z,oos,147,0,Tier A,tier_a_primary,Tier_A_full_context,c08_exclude_weak_session_bucket,midday_lull_120_240,-0.1762380357885976,0
2025.10.03 20:10:00,2025-10-03T20:10:00Z,oos,148,0,Tier A,tier_a_primary,Tier_A_full_context,c08_exclude_weak_session_bucket,midday_lull_120_240,-0.1762380357885976,0
2025.10.03 20:15:00,2025-10-03T20:15:00Z,oos,149,0,Tier A,tier_a_primary,Tier_A_full_context,c08_exclude_weak_session_bucket,midday_lull_120_240,-0.1762380357885976,0
2025.10.03 20:25:00,2025-10-03T20:25:00Z,oos,150,0,Tier A,tier_a_primary,Tier_A_full_context,c08_exclude_weak_session_bucket,midday_lull_120_240,-0.1762380357885976,0
2025.10.03 20:30:00,2025-10-03T20:30:00Z,oos,151,0,Tier A,tier_a_primary,Tier_A_full_context,c08_exclude_weak_session_bucket,midday_lull_120_240,-0.1762380357885976,0
2025.10.03 20:35:00,2025-10-03T20:35:00Z,oos,152,1,Tier A,tier_a_primary,Tier_A_full_context,c08_exclude_weak_session_bucket,late_cash_240_330,-0.17209668943772988,1
2025.10.03 20:40:00,2025-10-03T20:40:00Z,oos,153,0,Tier A,tier_a_primary,Tier_A_full_context,c08_exclude_weak_session_bucket,late_cash_240_330,-0.17209668943772988,0
2025.10.03 20:45:00,2025-10-03T20:45:00Z,oos,154,-1,Tier A,tier_a_primary,Tier_A_full_context,c08_exclude_weak_session_bucket,late_cash_240_330,-0.17209668943772988,-1
2025.10.03 20:50:00,2025-10-03T20:50:00Z,oos,155,0,Tier A,tier_a_primary,Tier_A_full_context,c08_exclude_weak_session_bucket,late_cash_240_330,-0.17209668943772988,0
2025.10.03 21:00:00,2025-10-03T21:00:00Z,oos,156,1,Tier A,tier_a_primary,Tier_A_full_context,c08_exclude_weak_session_bucket,late_cash_240_330,-0.17209668943772988,1
2025.10.03 21:05:00,2025-10-03T21:05:00Z,oos,157,-1,Tier A,tier_a_primary,Tier_A_full_context,c08_exclude_weak_session_bucket,late_cash_240_330,-0.17209668943772988,-1
2025.10.03 21:10:00,2025-10-03T21:10:00Z,oos,158,0,Tier A,tier_a_primary,Tier_A_full_context,c08_exclude_weak_session_bucket,late_cash_240_330,-0.17209668943772988,0
2025.10.03 21:15:00,2025-10-03T21:15:00Z,oos,159,1,Tier A,tier_a_primary,Tier_A_full_context,c08_exclude_weak_session_bucket,late_cash_240_330,-0.17209668943772988,1
2025.10.03 21:20:00,2025-10-03T21:20:00Z,oos,160,1,Tier A,tier_a_primary,Tier_A_full_context,c08_exclude_weak_session_bucket,late_cash_240_330,-0.17209668943772988,1
2025.10.03 21:25:00,2025-10-03T21:25:00Z,oos,161,0,Tier A,tier_a_primary,Tier_A_full_context,c08_exclude_weak_session_bucket,late_cash_240_330,-0.17209668943772988,0
2025.10.03 21:30:00,2025-10-03T21:30:00Z,oos,162,0,Tier A,tier_a_primary,Tier_A_full_context,c08_exclude_weak_session_bucket,late_cash_240_330,-0.17209668943772988,0
2025.10.03 21:35:00,2025-10-03T21:35:00Z,oos,163,0,Tier A,tier_a_primary,Tier_A_full_context,c08_exclude_weak_session_bucket,late_cash_240_330,-0.17209668943772988,0
2025.10.03 21:40:00,2025-10-03T21:40:00Z,oos,164,0,Tier A,tier_a_primary,Tier_A_full_context,c08_exclude_weak_session_bucket,late_cash_240_330,-0.17209668943772988,0
2025.10.03 21:45:00,2025-10-03T21:45:00Z,oos,165,0,Tier A,tier_a_primary,Tier_A_full_context,c08_exclude_weak_session_bucket,late_cash_240_330,-0.17209668943772988,0
2025.10.03 21:50:00,2025-10-03T21:50:00Z,oos,166,0,Tier A,tier_a_primary,Tier_A_full_context,c08_exclude_weak_session_bucket,late_cash_240_330,-0.17209668943772988,0
2025.10.03 22:00:00,2025-10-03T22:00:00Z,oos,167,0,Tier A,tier_a_primary,Tier_A_full_context,c08_exclude_weak_session_bucket,late_cash_240_330,-0.17209668943772988,0
2025.10.06 16:35:00,2025-10-06T16:35:00Z,oos,168,-1,Tier A,tier_a_primary,Tier_A_full_context,c08_exclude_weak_session_bucket,cash_open_0_30,-0.09635811836115327,-1
2025.10.06 16:40:00,2025-10-06T16:40:00Z,oos,169,0,Tier A,tier_a_primary,Tier_A_full_context,c08_exclude_weak_session_bucket,cash_open_0_30,-0.09635811836115327,0
2025.10.06 16:45:00,2025-10-06T16:45:00Z,oos,170,-1,Tier A,tier_a_primary,Tier_A_full_context,c08_exclude_weak_session_bucket,cash_open_0_30,-0.09635811836115327,-1
2025.10.06 16:50:00,2025-10-06T16:50:00Z,oos,171,1,Tier A,tier_a_primary,Tier_A_full_context,c08_exclude_weak_session_bucket,cash_open_0_30,-0.09635811836115327,1
2025.10.06 16:55:00,2025-10-06T16:55:00Z,oos,172,0,Tier A,tier_a_primary,Tier_A_full_context,c08_exclude_weak_session_bucket,cash_open_0_30,-0.09635811836115327,0
2025.10.06 17:00:00,2025-10-06T17:00:00Z,oos,173,0,Tier A,tier_a_primary,Tier_A_full_context,c08_exclude_weak_session_bucket,cash_open_0_30,-0.09635811836115327,0
2025.10.06 17:05:00,2025-10-06T17:05:00Z,oos,174,1,Tier A,tier_a_primary,Tier_A_full_context,c08_exclude_weak_session_bucket,early_cash_30_60,-0.12775735294117646,1
2025.10.06 17:10:00,2025-10-06T17:10:00Z,oos,175,-1,Tier A,tier_a_primary,Tier_A_full_context,c08_exclude_weak_session_bucket,early_cash_30_60,-0.12775735294117646,-1
2025.10.06 17:15:00,2025-10-06T17:15:00Z,oos,176,0,Tier A,tier_a_primary,Tier_A_full_context,c08_exclude_weak_session_bucket,early_cash_30_60,-0.12775735294117646,0
2025.10.06 17:20:00,2025-10-06T17:20:00Z,oos,177,0,Tier A,tier_a_primary,Tier_A_full_context,c08_exclude_weak_session_bucket,early_cash_30_60,-0.12775735294117646,0
2025.10.06 17:25:00,2025-10-06T17:25:00Z,oos,178,0,Tier A,tier_a_primary,Tier_A_full_context,c08_exclude_weak_session_bucket,early_cash_30_60,-0.12775735294117646,0
2025.10.06 17:30:00,2025-10-06T17:30:00Z,oos,179,0,Tier A,tier_a_primary,Tier_A_full_context,c08_exclude_weak_session_bucket,early_cash_30_60,-0.12775735294117646,0
2025.10.06 17:35:00,2025-10-06T17:35:00Z,oos,180,0,Tier A,tier_a_primary,Tier_A_full_context,c08_exclude_weak_session_bucket,morning_60_120,-0.1698966408268734,0
2025.10.06 17:45:00,2025-10-06T17:45:00Z,oos,181,0,Tier A,tier_a_primary,Tier_A_full_context,c08_exclude_weak_session_bucket,morning_60_120,-0.1698966408268734,0
2025.10.06 17:50:00,2025-10-06T17:50:00Z,oos,182,0,Tier A,tier_a_primary,Tier_A_full_context,c08_exclude_weak_session_bucket,morning_60_120,-0.1698966408268734,0
2025.10.06 17:55:00,2025-10-06T17:55:00Z,oos,183,0,Tier A,tier_a_primary,Tier_A_full_context,c08_exclude_weak_session_bucket,morning_60_120,-0.1698966408268734,0
2025.10.06 18:00:00,2025-10-06T18:00:00Z,oos,184,0,Tier A,tier_a_primary,Tier_A_full_context,c08_exclude_weak_session_bucket,morning_60_120,-0.1698966408268734,0
2025.10.06 18:10:00,2025-10-06T18:10:00Z,oos,185,0,Tier A,tier_a_primary,Tier_A_full_context,c08_exclude_weak_session_bucket,morning_60_120,-0.1698966408268734,0
2025.10.06 18:20:00,2025-10-06T18:20:00Z,oos,186,0,Tier A,tier_a_primary,Tier_A_full_context,c08_exclude_weak_session_bucket,morning_60_120,-0.1698966408268734,0
2025.10.06 18:25:00,2025-10-06T18:25:00Z,oos,187,0,Tier A,tier_a_primary,Tier_A_full_context,c08_exclude_weak_session_bucket,morning_60_120,-0.1698966408268734,0
2025.10.06 18:30:00,2025-10-06T18:30:00Z,oos,188,0,Tier A,tier_a_primary,Tier_A_full_context,c08_exclude_weak_session_bucket,morning_60_120,-0.1698966408268734,0
2025.10.06 18:35:00,2025-10-06T18:35:00Z,oos,189,0,Tier A,tier_a_primary,Tier_A_full_context,c08_exclude_weak_session_bucket,midday_lull_120_240,-0.1762380357885976,0
2025.10.06 18:40:00,2025-10-06T18:40:00Z,oos,190,0,Tier A,tier_a_primary,Tier_A_full_context,c08_exclude_weak_session_bucket,midday_lull_120_240,-0.1762380357885976,0
2025.10.06 18:45:00,2025-10-06T18:45:00Z,oos,191,0,Tier A,tier_a_primary,Tier_A_full_context,c08_exclude_weak_session_bucket,midday_lull_120_240,-0.1762380357885976,0
2025.10.06 18:55:00,2025-10-06T18:55:00Z,oos,192,0,Tier A,tier_a_primary,Tier_A_full_context,c08_exclude_weak_session_bucket,midday_lull_120_240,-0.1762380357885976,0
2025.10.06 19:00:00,2025-10-06T19:00:00Z,oos,193,0,Tier A,tier_a_primary,Tier_A_full_context,c08_exclude_weak_session_bucket,midday_lull_120_240,-0.1762380357885976,0
2025.10.06 19:05:00,2025-10-06T19:05:00Z,oos,194,0,Tier A,tier_a_primary,Tier_A_full_context,c08_exclude_weak_session_bucket,midday_lull_120_240,-0.1762380357885976,0
2025.10.06 19:10:00,2025-10-06T19:10:00Z,oos,195,0,Tier A,tier_a_primary,Tier_A_full_context,c08_exclude_weak_session_bucket,midday_lull_120_240,-0.1762380357885976,0
2025.10.06 19:15:00,2025-10-06T19:15:00Z,oos,196,0,Tier A,tier_a_primary,Tier_A_full_context,c08_exclude_weak_session_bucket,midday_lull_120_240,-0.1762380357885976,0
2025.10.06 19:20:00,2025-10-06T19:20:00Z,oos,197,0,Tier A,tier_a_primary,Tier_A_full_context,c08_exclude_weak_session_bucket,midday_lull_120_240,-0.1762380357885976,0
2025.10.06 19:35:00,2025-10-06T19:35:00Z,oos,198,0,Tier A,tier_a_primary,Tier_A_full_context,c08_exclude_weak_session_bucket,midday_lull_120_240,-0.1762380357885976,0
2025.10.06 19:45:00,2025-10-06T19:45:00Z,oos,199,0,Tier A,tier_a_primary,Tier_A_full_context,c08_exclude_weak_session_bucket,midday_lull_120_240,-0.1762380357885976,0
2025.10.06 19:55:00,2025-10-06T19:55:00Z,oos,200,0,Tier A,tier_a_primary,Tier_A_full_context,c08_exclude_weak_session_bucket,midday_lull_120_240,-0.1762380357885976,0
2025.10.06 20:00:00,2025-10-06T20:00:00Z,oos,201,0,Tier A,tier_a_primary,Tier_A_full_context,c08_exclude_weak_session_bucket,midday_lull_120_240,-0.1762380357885976,0
2025.10.06 20:05:00,2025-10-06T20:05:00Z,oos,202,0,Tier A,tier_a_primary,Tier_A_full_context,c08_exclude_weak_session_bucket,midday_lull_120_240,-0.1762380357885976,0
2025.10.06 20:10:00,2025-10-06T20:10:00Z,oos,203,0,Tier A,tier_a_primary,Tier_A_full_context,c08_exclude_weak_session_bucket,midday_lull_120_240,-0.1762380357885976,0
2025.10.06 20:15:00,2025-10-06T20:15:00Z,oos,204,0,Tier A,tier_a_primary,Tier_A_full_context,c08_exclude_weak_session_bucket,midday_lull_120_240,-0.1762380357885976,0
2025.10.06 20:20:00,2025-10-06T20:20:00Z,oos,205,0,Tier A,tier_a_primary,Tier_A_full_context,c08_exclude_weak_session_bucket,midday_lull_120_240,-0.1762380357885976,0
2025.10.06 20:25:00,2025-10-06T20:25:00Z,oos,206,0,Tier A,tier_a_primary,Tier_A_full_context,c08_exclude_weak_session_bucket,midday_lull_120_240,-0.1762380357885976,0
2025.10.06 20:30:00,2025-10-06T20:30:00Z,oos,207,0,Tier A,tier_a_primary,Tier_A_full_context,c08_exclude_weak_session_bucket,midday_lull_120_240,-0.1762380357885976,0
2025.10.06 20:35:00,2025-10-06T20:35:00Z,oos,208,0,Tier A,tier_a_primary,Tier_A_full_context,c08_exclude_weak_session_bucket,late_cash_240_330,-0.17209668943772988,0
2025.10.06 20:40:00,2025-10-06T20:40:00Z,oos,209,0,Tier A,tier_a_primary,Tier_A_full_context,c08_exclude_weak_session_bucket,late_cash_240_330,-0.17209668943772988,0
2025.10.06 20:55:00,2025-10-06T20:55:00Z,oos,210,0,Tier A,tier_a_primary,Tier_A_full_context,c08_exclude_weak_session_bucket,late_cash_240_330,-0.17209668943772988,0
2025.10.06 21:00:00,2025-10-06T21:00:00Z,oos,211,0,Tier A,tier_a_primary,Tier_A_full_context,c08_exclude_weak_session_bucket,late_cash_240_330,-0.17209668943772988,0
2025.10.06 21:05:00,2025-10-06T21:05:00Z,oos,212,0,Tier A,tier_a_primary,Tier_A_full_context,c08_exclude_weak_session_bucket,late_cash_240_330,-0.17209668943772988,0
2025.10.06 21:15:00,2025-10-06T21:15:00Z,oos,213,0,Tier A,tier_a_primary,Tier_A_full_context,c08_exclude_weak_session_bucket,late_cash_240_330,-0.17209668943772988,0
2025.10.06 21:20:00,2025-10-06T21:20:00Z,oos,214,0,Tier A,tier_a_primary,Tier_A_full_context,c08_exclude_weak_session_bucket,late_cash_240_330,-0.17209668943772988,0
2025.10.06 21:25:00,2025-10-06T21:25:00Z,oos,215,0,Tier A,tier_a_primary,Tier_A_full_context,c08_exclude_weak_session_bucket,late_cash_240_330,-0.17209668943772988,0
2025.10.06 21:30:00,2025-10-06T21:30:00Z,oos,216,0,Tier A,tier_a_primary,Tier_A_full_context,c08_exclude_weak_session_bucket,late_cash_240_330,-0.17209668943772988,0
2025.10.06 21:35:00,2025-10-06T21:35:00Z,oos,217,1,Tier A,tier_a_primary,Tier_A_full_context,c08_exclude_weak_session_bucket,late_cash_240_330,-0.17209668943772988,1
2025.10.06 21:40:00,2025-10-06T21:40:00Z,oos,218,-1,Tier A,tier_a_primary,Tier_A_full_context,c08_exclude_weak_session_bucket,late_cash_240_330,-0.17209668943772988,-1
2025.10.06 21:45:00,2025-10-06T21:45:00Z,oos,219,0,Tier A,tier_a_primary,Tier_A_full_context,c08_exclude_weak_session_bucket,late_cash_240_330,-0.17209668943772988,0
2025.10.06 21:55:00,2025-10-06T21:55:00Z,oos,220,0,Tier A,tier_a_primary,Tier_A_full_context,c08_exclude_weak_session_bucket,late_cash_240_330,-0.17209668943772988,0
2025.10.06 22:00:00,2025-10-06T22:00:00Z,oos,221,0,Tier A,tier_a_primary,Tier_A_full_context,c08_exclude_weak_session_bucket,late_cash_240_330,-0.17209668943772988,0
2025.10.07 16:35:00,2025-10-07T16:35:00Z,oos,222,0,Tier A,tier_a_primary,Tier_A_full_context,c08_exclude_weak_session_bucket,cash_open_0_30,-0.09635811836115327,0
2025.10.07 16:40:00,2025-10-07T16:40:00Z,oos,223,0,Tier A,tier_a_primary,Tier_A_full_context,c08_exclude_weak_session_bucket,cash_open_0_30,-0.09635811836115327,0
2025.10.07 16:45:00,2025-10-07T16:45:00Z,oos,224,0,Tier A,tier_a_primary,Tier_A_full_context,c08_exclude_weak_session_bucket,cash_open_0_30,-0.09635811836115327,0
2025.10.07 16:55:00,2025-10-07T16:55:00Z,oos,225,0,Tier A,tier_a_primary,Tier_A_full_context,c08_exclude_weak_session_bucket,cash_open_0_30,-0.09635811836115327,0
2025.10.07 17:00:00,2025-10-07T17:00:00Z,oos,226,-1,Tier A,tier_a_primary,Tier_A_full_context,c08_exclude_weak_session_bucket,cash_open_0_30,-0.09635811836115327,-1
2025.10.07 17:05:00,2025-10-07T17:05:00Z,oos,227,-1,Tier A,tier_a_primary,Tier_A_full_context,c08_exclude_weak_session_bucket,early_cash_30_60,-0.12775735294117646,-1
2025.10.07 17:15:00,2025-10-07T17:15:00Z,oos,228,0,Tier A,tier_a_primary,Tier_A_full_context,c08_exclude_weak_session_bucket,early_cash_30_60,-0.12775735294117646,0
2025.10.07 17:20:00,2025-10-07T17:20:00Z,oos,229,0,Tier A,tier_a_primary,Tier_A_full_context,c08_exclude_weak_session_bucket,early_cash_30_60,-0.12775735294117646,0
2025.10.07 17:25:00,2025-10-07T17:25:00Z,oos,230,0,Tier A,tier_a_primary,Tier_A_full_context,c08_exclude_weak_session_bucket,early_cash_30_60,-0.12775735294117646,0
2025.10.07 17:30:00,2025-10-07T17:30:00Z,oos,231,0,Tier A,tier_a_primary,Tier_A_full_context,c08_exclude_weak_session_bucket,early_cash_30_60,-0.12775735294117646,0
2025.10.07 17:35:00,2025-10-07T17:35:00Z,oos,232,0,Tier A,tier_a_primary,Tier_A_full_context,c08_exclude_weak_session_bucket,morning_60_120,-0.1698966408268734,0
2025.10.07 17:40:00,2025-10-07T17:40:00Z,oos,233,0,Tier A,tier_a_primary,Tier_A_full_context,c08_exclude_weak_session_bucket,morning_60_120,-0.1698966408268734,0
2025.10.07 17:45:00,2025-10-07T17:45:00Z,oos,234,0,Tier A,tier_a_primary,Tier_A_full_context,c08_exclude_weak_session_bucket,morning_60_120,-0.1698966408268734,0
2025.10.07 17:50:00,2025-10-07T17:50:00Z,oos,235,0,Tier A,tier_a_primary,Tier_A_full_context,c08_exclude_weak_session_bucket,morning_60_120,-0.1698966408268734,0
2025.10.07 17:55:00,2025-10-07T17:55:00Z,oos,236,0,Tier A,tier_a_primary,Tier_A_full_context,c08_exclude_weak_session_bucket,morning_60_120,-0.1698966408268734,0
2025.10.07 18:00:00,2025-10-07T18:00:00Z,oos,237,0,Tier A,tier_a_primary,Tier_A_full_context,c08_exclude_weak_session_bucket,morning_60_120,-0.1698966408268734,0
2025.10.07 18:05:00,2025-10-07T18:05:00Z,oos,238,-1,Tier A,tier_a_primary,Tier_A_full_context,c08_exclude_weak_session_bucket,morning_60_120,-0.1698966408268734,-1
2025.10.07 18:10:00,2025-10-07T18:10:00Z,oos,239,-1,Tier A,tier_a_primary,Tier_A_full_context,c08_exclude_weak_session_bucket,morning_60_120,-0.1698966408268734,-1
2025.10.07 18:15:00,2025-10-07T18:15:00Z,oos,240,1,Tier A,tier_a_primary,Tier_A_full_context,c08_exclude_weak_session_bucket,morning_60_120,-0.1698966408268734,1
2025.10.07 18:20:00,2025-10-07T18:20:00Z,oos,241,0,Tier A,tier_a_primary,Tier_A_full_context,c08_exclude_weak_session_bucket,morning_60_120,-0.1698966408268734,0
2025.10.07 18:25:00,2025-10-07T18:25:00Z,oos,242,0,Tier A,tier_a_primary,Tier_A_full_context,c08_exclude_weak_session_bucket,morning_60_120,-0.1698966408268734,0
2025.10.07 18:30:00,2025-10-07T18:30:00Z,oos,243,0,Tier A,tier_a_primary,Tier_A_full_context,c08_exclude_weak_session_bucket,morning_60_120,-0.1698966408268734,0
2025.10.07 18:35:00,2025-10-07T18:35:00Z,oos,244,0,Tier A,tier_a_primary,Tier_A_full_context,c08_exclude_weak_session_bucket,midday_lull_120_240,-0.1762380357885976,0
2025.10.07 18:40:00,2025-10-07T18:40:00Z,oos,245,0,Tier A,tier_a_primary,Tier_A_full_context,c08_exclude_weak_session_bucket,midday_lull_120_240,-0.1762380357885976,0
2025.10.07 18:45:00,2025-10-07T18:45:00Z,oos,246,0,Tier A,tier_a_primary,Tier_A_full_context,c08_exclude_weak_session_bucket,midday_lull_120_240,-0.1762380357885976,0
2025.10.07 18:50:00,2025-10-07T18:50:00Z,oos,247,0,Tier A,tier_a_primary,Tier_A_full_context,c08_exclude_weak_session_bucket,midday_lull_120_240,-0.1762380357885976,0
2025.10.07 18:55:00,2025-10-07T18:55:00Z,oos,248,0,Tier A,tier_a_primary,Tier_A_full_context,c08_exclude_weak_session_bucket,midday_lull_120_240,-0.1762380357885976,0
2025.10.07 19:00:00,2025-10-07T19:00:00Z,oos,249,0,Tier A,tier_a_primary,Tier_A_full_context,c08_exclude_weak_session_bucket,midday_lull_120_240,-0.1762380357885976,0
2025.10.07 19:05:00,2025-10-07T19:05:00Z,oos,250,0,Tier A,tier_a_primary,Tier_A_full_context,c08_exclude_weak_session_bucket,midday_lull_120_240,-0.1762380357885976,0
2025.10.07 19:10:00,2025-10-07T19:10:00Z,oos,251,0,Tier A,tier_a_primary,Tier_A_full_context,c08_exclude_weak_session_bucket,midday_lull_120_240,-0.1762380357885976,0
2025.10.07 19:15:00,2025-10-07T19:15:00Z,oos,252,0,Tier A,tier_a_primary,Tier_A_full_context,c08_exclude_weak_session_bucket,midday_lull_120_240,-0.1762380357885976,0
2025.10.07 19:20:00,2025-10-07T19:20:00Z,oos,253,0,Tier A,tier_a_primary,Tier_A_full_context,c08_exclude_weak_session_bucket,midday_lull_120_240,-0.1762380357885976,0
2025.10.07 19:25:00,2025-10-07T19:25:00Z,oos,254,0,Tier A,tier_a_primary,Tier_A_full_context,c08_exclude_weak_session_bucket,midday_lull_120_240,-0.1762380357885976,0
2025.10.07 19:30:00,2025-10-07T19:30:00Z,oos,255,0,Tier A,tier_a_primary,Tier_A_full_context,c08_exclude_weak_session_bucket,midday_lull_120_240,-0.1762380357885976,0
2025.10.07 19:35:00,2025-10-07T19:35:00Z,oos,256,0,Tier A,tier_a_primary,Tier_A_full_context,c08_exclude_weak_session_bucket,midday_lull_120_240,-0.1762380357885976,0
2025.10.07 19:40:00,2025-10-07T19:40:00Z,oos,257,0,Tier A,tier_a_primary,Tier_A_full_context,c08_exclude_weak_session_bucket,midday_lull_120_240,-0.1762380357885976,0
2025.10.07 19:45:00,2025-10-07T19:45:00Z,oos,258,0,Tier A,tier_a_primary,Tier_A_full_context,c08_exclude_weak_session_bucket,midday_lull_120_240,-0.1762380357885976,0
2025.10.07 19:50:00,2025-10-07T19:50:00Z,oos,259,0,Tier A,tier_a_primary,Tier_A_full_context,c08_exclude_weak_session_bucket,midday_lull_120_240,-0.1762380357885976,0
2025.10.07 19:55:00,2025-10-07T19:55:00Z,oos,260,0,Tier A,tier_a_primary,Tier_A_full_context,c08_exclude_weak_session_bucket,midday_lull_120_240,-0.1762380357885976,0
2025.10.07 20:00:00,2025-10-07T20:00:00Z,oos,261,0,Tier A,tier_a_primary,Tier_A_full_context,c08_exclude_weak_session_bucket,midday_lull_120_240,-0.1762380357885976,0
2025.10.07 20:05:00,2025-10-07T20:05:00Z,oos,262,0,Tier A,tier_a_primary,Tier_A_full_context,c08_exclude_weak_session_bucket,midday_lull_120_240,-0.1762380357885976,0
2025.10.07 20:10:00,2025-10-07T20:10:00Z,oos,263,0,Tier A,tier_a_primary,Tier_A_full_context,c08_exclude_weak_session_bucket,midday_lull_120_240,-0.1762380357885976,0
2025.10.07 20:15:00,2025-10-07T20:15:00Z,oos,264,0,Tier A,tier_a_primary,Tier_A_full_context,c08_exclude_weak_session_bucket,midday_lull_120_240,-0.1762380357885976,0
2025.10.07 20:20:00,2025-10-07T20:20:00Z,oos,265,0,Tier A,tier_a_primary,Tier_A_full_context,c08_exclude_weak_session_bucket,midday_lull_120_240,-0.1762380357885976,0
2025.10.07 20:25:00,2025-10-07T20:25:00Z,oos,266,0,Tier A,tier_a_primary,Tier_A_full_context,c08_exclude_weak_session_bucket,midday_lull_120_240,-0.1762380357885976,0
2025.10.07 20:35:00,2025-10-07T20:35:00Z,oos,267,-1,Tier A,tier_a_primary,Tier_A_full_context,c08_exclude_weak_session_bucket,late_cash_240_330,-0.17209668943772988,-1
2025.10.07 20:45:00,2025-10-07T20:45:00Z,oos,268,0,Tier A,tier_a_primary,Tier_A_full_context,c08_exclude_weak_session_bucket,late_cash_240_330,-0.17209668943772988,0
2025.10.07 20:55:00,2025-10-07T20:55:00Z,oos,269,-1,Tier A,tier_a_primary,Tier_A_full_context,c08_exclude_weak_session_bucket,late_cash_240_330,-0.17209668943772988,-1
2025.10.07 21:00:00,2025-10-07T21:00:00Z,oos,270,0,Tier A,tier_a_primary,Tier_A_full_context,c08_exclude_weak_session_bucket,late_cash_240_330,-0.17209668943772988,0
2025.10.07 21:05:00,2025-10-07T21:05:00Z,oos,271,0,Tier A,tier_a_primary,Tier_A_full_context,c08_exclude_weak_session_bucket,late_cash_240_330,-0.17209668943772988,0
2025.10.07 21:15:00,2025-10-07T21:15:00Z,oos,272,1,Tier A,tier_a_primary,Tier_A_full_context,c08_exclude_weak_session_bucket,late_cash_240_330,-0.17209668943772988,1
2025.10.07 21:20:00,2025-10-07T21:20:00Z,oos,273,0,Tier A,tier_a_primary,Tier_A_full_context,c08_exclude_weak_session_bucket,late_cash_240_330,-0.17209668943772988,0
2025.10.07 21:30:00,2025-10-07T21:30:00Z,oos,274,0,Tier A,tier_a_primary,Tier_A_full_context,c08_exclude_weak_session_bucket,late_cash_240_330,-0.17209668943772988,0
2025.10.07 21:35:00,2025-10-07T21:35:00Z,oos,275,0,Tier A,tier_a_primary,Tier_A_full_context,c08_exclude_weak_session_bucket,late_cash_240_330,-0.17209668943772988,0
2025.10.07 21:40:00,2025-10-07T21:40:00Z,oos,276,0,Tier A,tier_a_primary,Tier_A_full_context,c08_exclude_weak_session_bucket,late_cash_240_330,-0.17209668943772988,0
2025.10.07 21:50:00,2025-10-07T21:50:00Z,oos,277,0,Tier A,tier_a_primary,Tier_A_full_context,c08_exclude_weak_session_bucket,late_cash_240_330,-0.17209668943772988,0
2025.10.07 21:55:00,2025-10-07T21:55:00Z,oos,278,0,Tier A,tier_a_primary,Tier_A_full_context,c08_exclude_weak_session_bucket,late_cash_240_330,-0.17209668943772988,0
2025.10.07 22:00:00,2025-10-07T22:00:00Z,oos,279,0,Tier A,tier_a_primary,Tier_A_full_context,c08_exclude_weak_session_bucket,late_cash_240_330,-0.17209668943772988,0
2025.10.08 16:35:00,2025-10-08T16:35:00Z,oos,280,1,Tier A,tier_a_primary,Tier_A_full_context,c08_exclude_weak_session_bucket,cash_open_0_30,-0.09635811836115327,1
2025.10.08 16:40:00,2025-10-08T16:40:00Z,oos,281,1,Tier A,tier_a_primary,Tier_A_full_context,c08_exclude_weak_session_bucket,cash_open_0_30,-0.09635811836115327,1
2025.10.08 16:45:00,2025-10-08T16:45:00Z,oos,282,-1,Tier A,tier_a_primary,Tier_A_full_context,c08_exclude_weak_session_bucket,cash_open_0_30,-0.09635811836115327,-1
2025.10.08 16:50:00,2025-10-08T16:50:00Z,oos,283,1,Tier A,tier_a_primary,Tier_A_full_context,c08_exclude_weak_session_bucket,cash_open_0_30,-0.09635811836115327,1
2025.10.08 16:55:00,2025-10-08T16:55:00Z,oos,284,0,Tier A,tier_a_primary,Tier_A_full_context,c08_exclude_weak_session_bucket,cash_open_0_30,-0.09635811836115327,0
2025.10.08 17:00:00,2025-10-08T17:00:00Z,oos,285,0,Tier A,tier_a_primary,Tier_A_full_context,c08_exclude_weak_session_bucket,cash_open_0_30,-0.09635811836115327,0
2025.10.08 17:05:00,2025-10-08T17:05:00Z,oos,286,1,Tier A,tier_a_primary,Tier_A_full_context,c08_exclude_weak_session_bucket,early_cash_30_60,-0.12775735294117646,1
2025.10.08 17:15:00,2025-10-08T17:15:00Z,oos,287,0,Tier A,tier_a_primary,Tier_A_full_context,c08_exclude_weak_session_bucket,early_cash_30_60,-0.12775735294117646,0
2025.10.08 17:20:00,2025-10-08T17:20:00Z,oos,288,0,Tier A,tier_a_primary,Tier_A_full_context,c08_exclude_weak_session_bucket,early_cash_30_60,-0.12775735294117646,0
2025.10.08 17:25:00,2025-10-08T17:25:00Z,oos,289,-1,Tier A,tier_a_primary,Tier_A_full_context,c08_exclude_weak_session_bucket,early_cash_30_60,-0.12775735294117646,-1
2025.10.08 17:30:00,2025-10-08T17:30:00Z,oos,290,0,Tier A,tier_a_primary,Tier_A_full_context,c08_exclude_weak_session_bucket,early_cash_30_60,-0.12775735294117646,0
2025.10.08 17:40:00,2025-10-08T17:40:00Z,oos,291,0,Tier A,tier_a_primary,Tier_A_full_context,c08_exclude_weak_session_bucket,morning_60_120,-0.1698966408268734,0
2025.10.08 17:45:00,2025-10-08T17:45:00Z,oos,292,-1,Tier A,tier_a_primary,Tier_A_full_context,c08_exclude_weak_session_bucket,morning_60_120,-0.1698966408268734,-1
2025.10.08 17:50:00,2025-10-08T17:50:00Z,oos,293,0,Tier A,tier_a_primary,Tier_A_full_context,c08_exclude_weak_session_bucket,morning_60_120,-0.1698966408268734,0
2025.10.08 17:55:00,2025-10-08T17:55:00Z,oos,294,-1,Tier A,tier_a_primary,Tier_A_full_context,c08_exclude_weak_session_bucket,morning_60_120,-0.1698966408268734,-1
2025.10.08 18:00:00,2025-10-08T18:00:00Z,oos,295,0,Tier A,tier_a_primary,Tier_A_full_context,c08_exclude_weak_session_bucket,morning_60_120,-0.1698966408268734,0
2025.10.08 18:05:00,2025-10-08T18:05:00Z,oos,296,0,Tier A,tier_a_primary,Tier_A_full_context,c08_exclude_weak_session_bucket,morning_60_120,-0.1698966408268734,0
2025.10.08 18:10:00,2025-10-08T18:10:00Z,oos,297,0,Tier A,tier_a_primary,Tier_A_full_context,c08_exclude_weak_session_bucket,morning_60_120,-0.1698966408268734,0
2025.10.08 18:15:00,2025-10-08T18:15:00Z,oos,298,0,Tier A,tier_a_primary,Tier_A_full_context,c08_exclude_weak_session_bucket,morning_60_120,-0.1698966408268734,0
2025.10.08 18:20:00,2025-10-08T18:20:00Z,oos,299,0,Tier A,tier_a_primary,Tier_A_full_context,c08_exclude_weak_session_bucket,morning_60_120,-0.1698966408268734,0
2025.10.08 18:25:00,2025-10-08T18:25:00Z,oos,300,1,Tier A,tier_a_primary,Tier_A_full_context,c08_exclude_weak_session_bucket,morning_60_120,-0.1698966408268734,1
2025.10.08 18:30:00,2025-10-08T18:30:00Z,oos,301,0,Tier A,tier_a_primary,Tier_A_full_context,c08_exclude_weak_session_bucket,morning_60_120,-0.1698966408268734,0
2025.10.08 18:40:00,2025-10-08T18:40:00Z,oos,302,0,Tier A,tier_a_primary,Tier_A_full_context,c08_exclude_weak_session_bucket,midday_lull_120_240,-0.1762380357885976,0
2025.10.08 18:45:00,2025-10-08T18:45:00Z,oos,303,0,Tier A,tier_a_primary,Tier_A_full_context,c08_exclude_weak_session_bucket,midday_lull_120_240,-0.1762380357885976,0
2025.10.08 18:50:00,2025-10-08T18:50:00Z,oos,304,0,Tier A,tier_a_primary,Tier_A_full_context,c08_exclude_weak_session_bucket,midday_lull_120_240,-0.1762380357885976,0
2025.10.08 18:55:00,2025-10-08T18:55:00Z,oos,305,0,Tier A,tier_a_primary,Tier_A_full_context,c08_exclude_weak_session_bucket,midday_lull_120_240,-0.1762380357885976,0
2025.10.08 19:00:00,2025-10-08T19:00:00Z,oos,306,0,Tier A,tier_a_primary,Tier_A_full_context,c08_exclude_weak_session_bucket,midday_lull_120_240,-0.1762380357885976,0
2025.10.08 19:05:00,2025-10-08T19:05:00Z,oos,307,0,Tier A,tier_a_primary,Tier_A_full_context,c08_exclude_weak_session_bucket,midday_lull_120_240,-0.1762380357885976,0
2025.10.08 19:10:00,2025-10-08T19:10:00Z,oos,308,0,Tier A,tier_a_primary,Tier_A_full_context,c08_exclude_weak_session_bucket,midday_lull_120_240,-0.1762380357885976,0
2025.10.08 19:15:00,2025-10-08T19:15:00Z,oos,309,0,Tier A,tier_a_primary,Tier_A_full_context,c08_exclude_weak_session_bucket,midday_lull_120_240,-0.1762380357885976,0
2025.10.08 19:20:00,2025-10-08T19:20:00Z,oos,310,0,Tier A,tier_a_primary,Tier_A_full_context,c08_exclude_weak_session_bucket,midday_lull_120_240,-0.1762380357885976,0
2025.10.08 19:25:00,2025-10-08T19:25:00Z,oos,311,0,Tier A,tier_a_primary,Tier_A_full_context,c08_exclude_weak_session_bucket,midday_lull_120_240,-0.1762380357885976,0
2025.10.08 19:30:00,2025-10-08T19:30:00Z,oos,312,0,Tier A,tier_a_primary,Tier_A_full_context,c08_exclude_weak_session_bucket,midday_lull_120_240,-0.1762380357885976,0
2025.10.08 19:40:00,2025-10-08T19:40:00Z,oos,313,0,Tier A,tier_a_primary,Tier_A_full_context,c08_exclude_weak_session_bucket,midday_lull_120_240,-0.1762380357885976,0
2025.10.08 19:45:00,2025-10-08T19:45:00Z,oos,314,0,Tier A,tier_a_primary,Tier_A_full_context,c08_exclude_weak_session_bucket,midday_lull_120_240,-0.1762380357885976,0
2025.10.08 19:50:00,2025-10-08T19:50:00Z,oos,315,0,Tier A,tier_a_primary,Tier_A_full_context,c08_exclude_weak_session_bucket,midday_lull_120_240,-0.1762380357885976,0
2025.10.08 19:55:00,2025-10-08T19:55:00Z,oos,316,0,Tier A,tier_a_primary,Tier_A_full_context,c08_exclude_weak_session_bucket,midday_lull_120_240,-0.1762380357885976,0
2025.10.08 20:00:00,2025-10-08T20:00:00Z,oos,317,0,Tier A,tier_a_primary,Tier_A_full_context,c08_exclude_weak_session_bucket,midday_lull_120_240,-0.1762380357885976,0
2025.10.08 20:10:00,2025-10-08T20:10:00Z,oos,318,0,Tier A,tier_a_primary,Tier_A_full_context,c08_exclude_weak_session_bucket,midday_lull_120_240,-0.1762380357885976,0
2025.10.08 20:15:00,2025-10-08T20:15:00Z,oos,319,0,Tier A,tier_a_primary,Tier_A_full_context,c08_exclude_weak_session_bucket,midday_lull_120_240,-0.1762380357885976,0
2025.10.08 20:20:00,2025-10-08T20:20:00Z,oos,320,0,Tier A,tier_a_primary,Tier_A_full_context,c08_exclude_weak_session_bucket,midday_lull_120_240,-0.1762380357885976,0
2025.10.08 20:25:00,2025-10-08T20:25:00Z,oos,321,0,Tier A,tier_a_primary,Tier_A_full_context,c08_exclude_weak_session_bucket,midday_lull_120_240,-0.1762380357885976,0
2025.10.08 20:30:00,2025-10-08T20:30:00Z,oos,322,0,Tier A,tier_a_primary,Tier_A_full_context,c08_exclude_weak_session_bucket,midday_lull_120_240,-0.1762380357885976,0
2025.10.08 20:35:00,2025-10-08T20:35:00Z,oos,323,0,Tier A,tier_a_primary,Tier_A_full_context,c08_exclude_weak_session_bucket,late_cash_240_330,-0.17209668943772988,0
2025.10.08 20:45:00,2025-10-08T20:45:00Z,oos,324,0,Tier A,tier_a_primary,Tier_A_full_context,c08_exclude_weak_session_bucket,late_cash_240_330,-0.17209668943772988,0
2025.10.08 20:55:00,2025-10-08T20:55:00Z,oos,325,-1,Tier A,tier_a_primary,Tier_A_full_context,c08_exclude_weak_session_bucket,late_cash_240_330,-0.17209668943772988,-1
2025.10.08 21:00:00,2025-10-08T21:00:00Z,oos,326,0,Tier A,tier_a_primary,Tier_A_full_context,c08_exclude_weak_session_bucket,late_cash_240_330,-0.17209668943772988,0
2025.10.08 21:05:00,2025-10-08T21:05:00Z,oos,327,1,Tier A,tier_a_primary,Tier_A_full_context,c08_exclude_weak_session_bucket,late_cash_240_330,-0.17209668943772988,1
2025.10.08 21:10:00,2025-10-08T21:10:00Z,oos,328,0,Tier A,tier_a_primary,Tier_A_full_context,c08_exclude_weak_session_bucket,late_cash_240_330,-0.17209668943772988,0
2025.10.08 21:15:00,2025-10-08T21:15:00Z,oos,329,0,Tier A,tier_a_primary,Tier_A_full_context,c08_exclude_weak_session_bucket,late_cash_240_330,-0.17209668943772988,0
2025.10.08 21:20:00,2025-10-08T21:20:00Z,oos,330,0,Tier A,tier_a_primary,Tier_A_full_context,c08_exclude_weak_session_bucket,late_cash_240_330,-0.17209668943772988,0
2025.10.08 21:30:00,2025-10-08T21:30:00Z,oos,331,-1,Tier A,tier_a_primary,Tier_A_full_context,c08_exclude_weak_session_bucket,late_cash_240_330,-0.17209668943772988,-1
2025.10.08 21:35:00,2025-10-08T21:35:00Z,oos,332,0,Tier A,tier_a_primary,Tier_A_full_context,c08_exclude_weak_session_bucket,late_cash_240_330,-0.17209668943772988,0
2025.10.08 21:40:00,2025-10-08T21:40:00Z,oos,333,0,Tier A,tier_a_primary,Tier_A_full_context,c08_exclude_weak_session_bucket,late_cash_240_330,-0.17209668943772988,0
2025.10.08 21:45:00,2025-10-08T21:45:00Z,oos,334,-1,Tier A,tier_a_primary,Tier_A_full_context,c08_exclude_weak_session_bucket,late_cash_240_330,-0.17209668943772988,-1
2025.10.08 21:50:00,2025-10-08T21:50:00Z,oos,335,-1,Tier A,tier_a_primary,Tier_A_full_context,c08_exclude_weak_session_bucket,late_cash_240_330,-0.17209668943772988,-1
2025.10.08 22:00:00,2025-10-08T22:00:00Z,oos,336,0,Tier A,tier_a_primary,Tier_A_full_context,c08_exclude_weak_session_bucket,late_cash_240_330,-0.17209668943772988,0
2025.10.09 16:35:00,2025-10-09T16:35:00Z,oos,337,0,Tier A,tier_a_primary,Tier_A_full_context,c08_exclude_weak_session_bucket,cash_open_0_30,-0.09635811836115327,0
2025.10.09 16:40:00,2025-10-09T16:40:00Z,oos,338,0,Tier A,tier_a_primary,Tier_A_full_context,c08_exclude_weak_session_bucket,cash_open_0_30,-0.09635811836115327,0
2025.10.09 16:45:00,2025-10-09T16:45:00Z,oos,339,0,Tier A,tier_a_primary,Tier_A_full_context,c08_exclude_weak_session_bucket,cash_open_0_30,-0.09635811836115327,0
2025.10.09 16:50:00,2025-10-09T16:50:00Z,oos,340,0,Tier A,tier_a_primary,Tier_A_full_context,c08_exclude_weak_session_bucket,cash_open_0_30,-0.09635811836115327,0
2025.10.09 16:55:00,2025-10-09T16:55:00Z,oos,341,0,Tier A,tier_a_primary,Tier_A_full_context,c08_exclude_weak_session_bucket,cash_open_0_30,-0.09635811836115327,0
2025.10.09 17:00:00,2025-10-09T17:00:00Z,oos,342,1,Tier A,tier_a_primary,Tier_A_full_context,c08_exclude_weak_session_bucket,cash_open_0_30,-0.09635811836115327,1
2025.10.09 17:05:00,2025-10-09T17:05:00Z,oos,343,0,Tier A,tier_a_primary,Tier_A_full_context,c08_exclude_weak_session_bucket,early_cash_30_60,-0.12775735294117646,0
2025.10.09 17:10:00,2025-10-09T17:10:00Z,oos,344,0,Tier A,tier_a_primary,Tier_A_full_context,c08_exclude_weak_session_bucket,early_cash_30_60,-0.12775735294117646,0
2025.10.09 17:15:00,2025-10-09T17:15:00Z,oos,345,0,Tier A,tier_a_primary,Tier_A_full_context,c08_exclude_weak_session_bucket,early_cash_30_60,-0.12775735294117646,0
2025.10.09 17:20:00,2025-10-09T17:20:00Z,oos,346,0,Tier A,tier_a_primary,Tier_A_full_context,c08_exclude_weak_session_bucket,early_cash_30_60,-0.12775735294117646,0
2025.10.09 17:25:00,2025-10-09T17:25:00Z,oos,347,0,Tier A,tier_a_primary,Tier_A_full_context,c08_exclude_weak_session_bucket,early_cash_30_60,-0.12775735294117646,0
2025.10.09 17:30:00,2025-10-09T17:30:00Z,oos,348,-1,Tier A,tier_a_primary,Tier_A_full_context,c08_exclude_weak_session_bucket,early_cash_30_60,-0.12775735294117646,-1
2025.10.09 17:35:00,2025-10-09T17:35:00Z,oos,349,-1,Tier A,tier_a_primary,Tier_A_full_context,c08_exclude_weak_session_bucket,morning_60_120,-0.1698966408268734,-1
2025.10.09 17:40:00,2025-10-09T17:40:00Z,oos,350,0,Tier A,tier_a_primary,Tier_A_full_context,c08_exclude_weak_session_bucket,morning_60_120,-0.1698966408268734,0
2025.10.09 17:45:00,2025-10-09T17:45:00Z,oos,351,0,Tier A,tier_a_primary,Tier_A_full_context,c08_exclude_weak_session_bucket,morning_60_120,-0.1698966408268734,0
2025.10.09 17:55:00,2025-10-09T17:55:00Z,oos,352,0,Tier A,tier_a_primary,Tier_A_full_context,c08_exclude_weak_session_bucket,morning_60_120,-0.1698966408268734,0
2025.10.09 18:00:00,2025-10-09T18:00:00Z,oos,353,1,Tier A,tier_a_primary,Tier_A_full_context,c08_exclude_weak_session_bucket,morning_60_120,-0.1698966408268734,1
2025.10.09 18:05:00,2025-10-09T18:05:00Z,oos,354,0,Tier A,tier_a_primary,Tier_A_full_context,c08_exclude_weak_session_bucket,morning_60_120,-0.1698966408268734,0
2025.10.09 18:10:00,2025-10-09T18:10:00Z,oos,355,0,Tier A,tier_a_primary,Tier_A_full_context,c08_exclude_weak_session_bucket,morning_60_120,-0.1698966408268734,0
2025.10.09 18:15:00,2025-10-09T18:15:00Z,oos,356,0,Tier A,tier_a_primary,Tier_A_full_context,c08_exclude_weak_session_bucket,morning_60_120,-0.1698966408268734,0
2025.10.09 18:20:00,2025-10-09T18:20:00Z,oos,357,0,Tier A,tier_a_primary,Tier_A_full_context,c08_exclude_weak_session_bucket,morning_60_120,-0.1698966408268734,0
2025.10.09 18:25:00,2025-10-09T18:25:00Z,oos,358,-1,Tier A,tier_a_primary,Tier_A_full_context,c08_exclude_weak_session_bucket,morning_60_120,-0.1698966408268734,-1
2025.10.09 18:30:00,2025-10-09T18:30:00Z,oos,359,0,Tier A,tier_a_primary,Tier_A_full_context,c08_exclude_weak_session_bucket,morning_60_120,-0.1698966408268734,0
2025.10.09 18:35:00,2025-10-09T18:35:00Z,oos,360,0,Tier A,tier_a_primary,Tier_A_full_context,c08_exclude_weak_session_bucket,midday_lull_120_240,-0.1762380357885976,0
2025.10.09 18:40:00,2025-10-09T18:40:00Z,oos,361,0,Tier A,tier_a_primary,Tier_A_full_context,c08_exclude_weak_session_bucket,midday_lull_120_240,-0.1762380357885976,0
2025.10.09 18:45:00,2025-10-09T18:45:00Z,oos,362,0,Tier A,tier_a_primary,Tier_A_full_context,c08_exclude_weak_session_bucket,midday_lull_120_240,-0.1762380357885976,0
2025.10.09 18:50:00,2025-10-09T18:50:00Z,oos,363,0,Tier A,tier_a_primary,Tier_A_full_context,c08_exclude_weak_session_bucket,midday_lull_120_240,-0.1762380357885976,0
2025.10.09 18:55:00,2025-10-09T18:55:00Z,oos,364,0,Tier A,tier_a_primary,Tier_A_full_context,c08_exclude_weak_session_bucket,midday_lull_120_240,-0.1762380357885976,0
2025.10.09 19:00:00,2025-10-09T19:00:00Z,oos,365,0,Tier A,tier_a_primary,Tier_A_full_context,c08_exclude_weak_session_bucket,midday_lull_120_240,-0.1762380357885976,0
2025.10.09 19:05:00,2025-10-09T19:05:00Z,oos,366,0,Tier A,tier_a_primary,Tier_A_full_context,c08_exclude_weak_session_bucket,midday_lull_120_240,-0.1762380357885976,0
2025.10.09 19:10:00,2025-10-09T19:10:00Z,oos,367,0,Tier A,tier_a_primary,Tier_A_full_context,c08_exclude_weak_session_bucket,midday_lull_120_240,-0.1762380357885976,0
2025.10.09 19:15:00,2025-10-09T19:15:00Z,oos,368,0,Tier A,tier_a_primary,Tier_A_full_context,c08_exclude_weak_session_bucket,midday_lull_120_240,-0.1762380357885976,0
2025.10.09 19:20:00,2025-10-09T19:20:00Z,oos,369,0,Tier A,tier_a_primary,Tier_A_full_context,c08_exclude_weak_session_bucket,midday_lull_120_240,-0.1762380357885976,0
2025.10.09 19:25:00,2025-10-09T19:25:00Z,oos,370,0,Tier A,tier_a_primary,Tier_A_full_context,c08_exclude_weak_session_bucket,midday_lull_120_240,-0.1762380357885976,0
2025.10.09 19:30:00,2025-10-09T19:30:00Z,oos,371,0,Tier A,tier_a_primary,Tier_A_full_context,c08_exclude_weak_session_bucket,midday_lull_120_240,-0.1762380357885976,0
2025.10.09 19:40:00,2025-10-09T19:40:00Z,oos,372,0,Tier A,tier_a_primary,Tier_A_full_context,c08_exclude_weak_session_bucket,midday_lull_120_240,-0.1762380357885976,0
2025.10.09 19:50:00,2025-10-09T19:50:00Z,oos,373,0,Tier A,tier_a_primary,Tier_A_full_context,c08_exclude_weak_session_bucket,midday_lull_120_240,-0.1762380357885976,0
2025.10.09 19:55:00,2025-10-09T19:55:00Z,oos,374,0,Tier A,tier_a_primary,Tier_A_full_context,c08_exclude_weak_session_bucket,midday_lull_120_240,-0.1762380357885976,0
2025.10.09 20:00:00,2025-10-09T20:00:00Z,oos,375,0,Tier A,tier_a_primary,Tier_A_full_context,c08_exclude_weak_session_bucket,midday_lull_120_240,-0.1762380357885976,0
2025.10.09 20:05:00,2025-10-09T20:05:00Z,oos,376,0,Tier A,tier_a_primary,Tier_A_full_context,c08_exclude_weak_session_bucket,midday_lull_120_240,-0.1762380357885976,0
2025.10.09 20:10:00,2025-10-09T20:10:00Z,oos,377,0,Tier A,tier_a_primary,Tier_A_full_context,c08_exclude_weak_session_bucket,midday_lull_120_240,-0.1762380357885976,0
2025.10.09 20:15:00,2025-10-09T20:15:00Z,oos,378,0,Tier A,tier_a_primary,Tier_A_full_context,c08_exclude_weak_session_bucket,midday_lull_120_240,-0.1762380357885976,0
2025.10.09 20:20:00,2025-10-09T20:20:00Z,oos,379,0,Tier A,tier_a_primary,Tier_A_full_context,c08_exclude_weak_session_bucket,midday_lull_120_240,-0.1762380357885976,0
2025.10.09 20:25:00,2025-10-09T20:25:00Z,oos,380,0,Tier A,tier_a_primary,Tier_A_full_context,c08_exclude_weak_session_bucket,midday_lull_120_240,-0.1762380357885976,0
2025.10.09 20:30:00,2025-10-09T20:30:00Z,oos,381,0,Tier A,tier_a_primary,Tier_A_full_context,c08_exclude_weak_session_bucket,midday_lull_120_240,-0.1762380357885976,0
2025.10.09 20:40:00,2025-10-09T20:40:00Z,oos,382,1,Tier A,tier_a_primary,Tier_A_full_context,c08_exclude_weak_session_bucket,late_cash_240_330,-0.17209668943772988,1
2025.10.09 20:45:00,2025-10-09T20:45:00Z,oos,383,0,Tier A,tier_a_primary,Tier_A_full_context,c08_exclude_weak_session_bucket,late_cash_240_330,-0.17209668943772988,0
2025.10.09 20:55:00,2025-10-09T20:55:00Z,oos,384,0,Tier A,tier_a_primary,Tier_A_full_context,c08_exclude_weak_session_bucket,late_cash_240_330,-0.17209668943772988,0
2025.10.09 21:00:00,2025-10-09T21:00:00Z,oos,385,1,Tier A,tier_a_primary,Tier_A_full_context,c08_exclude_weak_session_bucket,late_cash_240_330,-0.17209668943772988,1
2025.10.09 21:10:00,2025-10-09T21:10:00Z,oos,386,0,Tier A,tier_a_primary,Tier_A_full_context,c08_exclude_weak_session_bucket,late_cash_240_330,-0.17209668943772988,0
2025.10.09 21:15:00,2025-10-09T21:15:00Z,oos,387,1,Tier A,tier_a_primary,Tier_A_full_context,c08_exclude_weak_session_bucket,late_cash_240_330,-0.17209668943772988,1
2025.10.09 21:25:00,2025-10-09T21:25:00Z,oos,388,0,Tier A,tier_a_primary,Tier_A_full_context,c08_exclude_weak_session_bucket,late_cash_240_330,-0.17209668943772988,0
2025.10.09 21:30:00,2025-10-09T21:30:00Z,oos,389,0,Tier A,tier_a_primary,Tier_A_full_context,c08_exclude_weak_session_bucket,late_cash_240_330,-0.17209668943772988,0
2025.10.09 21:40:00,2025-10-09T21:40:00Z,oos,390,0,Tier A,tier_a_primary,Tier_A_full_context,c08_exclude_weak_session_bucket,late_cash_240_330,-0.17209668943772988,0
2025.10.09 21:45:00,2025-10-09T21:45:00Z,oos,391,0,Tier A,tier_a_primary,Tier_A_full_context,c08_exclude_weak_session_bucket,late_cash_240_330,-0.17209668943772988,0
2025.10.09 21:55:00,2025-10-09T21:55:00Z,oos,392,0,Tier A,tier_a_primary,Tier_A_full_context,c08_exclude_weak_session_bucket,late_cash_240_330,-0.17209668943772988,0
2025.10.09 22:00:00,2025-10-09T22:00:00Z,oos,393,0,Tier A,tier_a_primary,Tier_A_full_context,c08_exclude_weak_session_bucket,late_cash_240_330,-0.17209668943772988,0
2025.10.10 16:35:00,2025-10-10T16:35:00Z,oos,394,0,Tier A,tier_a_primary,Tier_A_full_context,c08_exclude_weak_session_bucket,cash_open_0_30,-0.09635811836115327,0
2025.10.10 16:40:00,2025-10-10T16:40:00Z,oos,395,0,Tier A,tier_a_primary,Tier_A_full_context,c08_exclude_weak_session_bucket,cash_open_0_30,-0.09635811836115327,0
2025.10.10 16:45:00,2025-10-10T16:45:00Z,oos,396,0,Tier A,tier_a_primary,Tier_A_full_context,c08_exclude_weak_session_bucket,cash_open_0_30,-0.09635811836115327,0
2025.10.10 16:50:00,2025-10-10T16:50:00Z,oos,397,-1,Tier A,tier_a_primary,Tier_A_full_context,c08_exclude_weak_session_bucket,cash_open_0_30,-0.09635811836115327,-1
2025.10.10 17:00:00,2025-10-10T17:00:00Z,oos,398,1,Tier A,tier_a_primary,Tier_A_full_context,c08_exclude_weak_session_bucket,cash_open_0_30,-0.09635811836115327,1
2025.10.10 17:05:00,2025-10-10T17:05:00Z,oos,399,-1,Tier A,tier_a_primary,Tier_A_full_context,c08_exclude_weak_session_bucket,early_cash_30_60,-0.12775735294117646,-1
2025.10.10 17:10:00,2025-10-10T17:10:00Z,oos,400,0,Tier A,tier_a_primary,Tier_A_full_context,c08_exclude_weak_session_bucket,early_cash_30_60,-0.12775735294117646,0
2025.10.10 17:15:00,2025-10-10T17:15:00Z,oos,401,-1,Tier A,tier_a_primary,Tier_A_full_context,c08_exclude_weak_session_bucket,early_cash_30_60,-0.12775735294117646,-1
2025.10.10 17:20:00,2025-10-10T17:20:00Z,oos,402,0,Tier A,tier_a_primary,Tier_A_full_context,c08_exclude_weak_session_bucket,early_cash_30_60,-0.12775735294117646,0
2025.10.10 17:25:00,2025-10-10T17:25:00Z,oos,403,0,Tier A,tier_a_primary,Tier_A_full_context,c08_exclude_weak_session_bucket,early_cash_30_60,-0.12775735294117646,0
2025.10.10 17:30:00,2025-10-10T17:30:00Z,oos,404,0,Tier A,tier_a_primary,Tier_A_full_context,c08_exclude_weak_session_bucket,early_cash_30_60,-0.12775735294117646,0
2025.10.10 17:35:00,2025-10-10T17:35:00Z,oos,405,0,Tier A,tier_a_primary,Tier_A_full_context,c08_exclude_weak_session_bucket,morning_60_120,-0.1698966408268734,0
2025.10.10 17:40:00,2025-10-10T17:40:00Z,oos,406,0,Tier A,tier_a_primary,Tier_A_full_context,c08_exclude_weak_session_bucket,morning_60_120,-0.1698966408268734,0
2025.10.10 17:45:00,2025-10-10T17:45:00Z,oos,407,0,Tier A,tier_a_primary,Tier_A_full_context,c08_exclude_weak_session_bucket,morning_60_120,-0.1698966408268734,0
2025.10.10 17:50:00,2025-10-10T17:50:00Z,oos,408,0,Tier A,tier_a_primary,Tier_A_full_context,c08_exclude_weak_session_bucket,morning_60_120,-0.1698966408268734,0
2025.10.10 17:55:00,2025-10-10T17:55:00Z,oos,409,0,Tier A,tier_a_primary,Tier_A_full_context,c08_exclude_weak_session_bucket,morning_60_120,-0.1698966408268734,0
2025.10.10 18:00:00,2025-10-10T18:00:00Z,oos,410,0,Tier A,tier_a_primary,Tier_A_full_context,c08_exclude_weak_session_bucket,morning_60_120,-0.1698966408268734,0
2025.10.10 18:05:00,2025-10-10T18:05:00Z,oos,411,-1,Tier A,tier_a_primary,Tier_A_full_context,c08_exclude_weak_session_bucket,morning_60_120,-0.1698966408268734,-1
2025.10.10 18:10:00,2025-10-10T18:10:00Z,oos,412,0,Tier A,tier_a_primary,Tier_A_full_context,c08_exclude_weak_session_bucket,morning_60_120,-0.1698966408268734,0
2025.10.10 18:15:00,2025-10-10T18:15:00Z,oos,413,1,Tier A,tier_a_primary,Tier_A_full_context,c08_exclude_weak_session_bucket,morning_60_120,-0.1698966408268734,1
2025.10.10 18:20:00,2025-10-10T18:20:00Z,oos,414,-1,Tier A,tier_a_primary,Tier_A_full_context,c08_exclude_weak_session_bucket,morning_60_120,-0.1698966408268734,-1
2025.10.10 18:25:00,2025-10-10T18:25:00Z,oos,415,-1,Tier A,tier_a_primary,Tier_A_full_context,c08_exclude_weak_session_bucket,morning_60_120,-0.1698966408268734,-1
2025.10.10 18:30:00,2025-10-10T18:30:00Z,oos,416,0,Tier A,tier_a_primary,Tier_A_full_context,c08_exclude_weak_session_bucket,morning_60_120,-0.1698966408268734,0
2025.10.10 18:35:00,2025-10-10T18:35:00Z,oos,417,0,Tier A,tier_a_primary,Tier_A_full_context,c08_exclude_weak_session_bucket,midday_lull_120_240,-0.1762380357885976,0
2025.10.10 18:40:00,2025-10-10T18:40:00Z,oos,418,0,Tier A,tier_a_primary,Tier_A_full_context,c08_exclude_weak_session_bucket,midday_lull_120_240,-0.1762380357885976,0
2025.10.10 18:45:00,2025-10-10T18:45:00Z,oos,419,0,Tier A,tier_a_primary,Tier_A_full_context,c08_exclude_weak_session_bucket,midday_lull_120_240,-0.1762380357885976,0
2025.10.10 18:50:00,2025-10-10T18:50:00Z,oos,420,0,Tier A,tier_a_primary,Tier_A_full_context,c08_exclude_weak_session_bucket,midday_lull_120_240,-0.1762380357885976,0
2025.10.10 18:55:00,2025-10-10T18:55:00Z,oos,421,0,Tier A,tier_a_primary,Tier_A_full_context,c08_exclude_weak_session_bucket,midday_lull_120_240,-0.1762380357885976,0
2025.10.10 19:00:00,2025-10-10T19:00:00Z,oos,422,0,Tier A,tier_a_primary,Tier_A_full_context,c08_exclude_weak_session_bucket,midday_lull_120_240,-0.1762380357885976,0
2025.10.10 19:05:00,2025-10-10T19:05:00Z,oos,423,0,Tier A,tier_a_primary,Tier_A_full_context,c08_exclude_weak_session_bucket,midday_lull_120_240,-0.1762380357885976,0
2025.10.10 19:10:00,2025-10-10T19:10:00Z,oos,424,0,Tier A,tier_a_primary,Tier_A_full_context,c08_exclude_weak_session_bucket,midday_lull_120_240,-0.1762380357885976,0
2025.10.10 19:15:00,2025-10-10T19:15:00Z,oos,425,0,Tier A,tier_a_primary,Tier_A_full_context,c08_exclude_weak_session_bucket,midday_lull_120_240,-0.1762380357885976,0
2025.10.10 19:20:00,2025-10-10T19:20:00Z,oos,426,0,Tier A,tier_a_primary,Tier_A_full_context,c08_exclude_weak_session_bucket,midday_lull_120_240,-0.1762380357885976,0
2025.10.10 19:25:00,2025-10-10T19:25:00Z,oos,427,0,Tier A,tier_a_primary,Tier_A_full_context,c08_exclude_weak_session_bucket,midday_lull_120_240,-0.1762380357885976,0
2025.10.10 19:30:00,2025-10-10T19:30:00Z,oos,428,0,Tier A,tier_a_primary,Tier_A_full_context,c08_exclude_weak_session_bucket,midday_lull_120_240,-0.1762380357885976,0
2025.10.10 19:35:00,2025-10-10T19:35:00Z,oos,429,0,Tier A,tier_a_primary,Tier_A_full_context,c08_exclude_weak_session_bucket,midday_lull_120_240,-0.1762380357885976,0
2025.10.10 19:40:00,2025-10-10T19:40:00Z,oos,430,0,Tier A,tier_a_primary,Tier_A_full_context,c08_exclude_weak_session_bucket,midday_lull_120_240,-0.1762380357885976,0
2025.10.10 19:45:00,2025-10-10T19:45:00Z,oos,431,0,Tier A,tier_a_primary,Tier_A_full_context,c08_exclude_weak_session_bucket,midday_lull_120_240,-0.1762380357885976,0
2025.10.10 19:50:00,2025-10-10T19:50:00Z,oos,432,0,Tier A,tier_a_primary,Tier_A_full_context,c08_exclude_weak_session_bucket,midday_lull_120_240,-0.1762380357885976,0
2025.10.10 19:55:00,2025-10-10T19:55:00Z,oos,433,0,Tier A,tier_a_primary,Tier_A_full_context,c08_exclude_weak_session_bucket,midday_lull_120_240,-0.1762380357885976,0
2025.10.10 20:00:00,2025-10-10T20:00:00Z,oos,434,0,Tier A,tier_a_primary,Tier_A_full_context,c08_exclude_weak_session_bucket,midday_lull_120_240,-0.1762380357885976,0
2025.10.10 20:05:00,2025-10-10T20:05:00Z,oos,435,0,Tier A,tier_a_primary,Tier_A_full_context,c08_exclude_weak_session_bucket,midday_lull_120_240,-0.1762380357885976,0
2025.10.10 20:10:00,2025-10-10T20:10:00Z,oos,436,0,Tier A,tier_a_primary,Tier_A_full_context,c08_exclude_weak_session_bucket,midday_lull_120_240,-0.1762380357885976,0
2025.10.10 20:15:00,2025-10-10T20:15:00Z,oos,437,0,Tier A,tier_a_primary,Tier_A_full_context,c08_exclude_weak_session_bucket,midday_lull_120_240,-0.1762380357885976,0
2025.10.10 20:20:00,2025-10-10T20:20:00Z,oos,438,0,Tier A,tier_a_primary,Tier_A_full_context,c08_exclude_weak_session_bucket,midday_lull_120_240,-0.1762380357885976,0
2025.10.10 20:25:00,2025-10-10T20:25:00Z,oos,439,0,Tier A,tier_a_primary,Tier_A_full_context,c08_exclude_weak_session_bucket,midday_lull_120_240,-0.1762380357885976,0
2025.10.10 20:30:00,2025-10-10T20:30:00Z,oos,440,0,Tier A,tier_a_primary,Tier_A_full_context,c08_exclude_weak_session_bucket,midday_lull_120_240,-0.1762380357885976,0
2025.10.10 20:35:00,2025-10-10T20:35:00Z,oos,441,1,Tier A,tier_a_primary,Tier_A_full_context,c08_exclude_weak_session_bucket,late_cash_240_330,-0.17209668943772988,1
2025.10.10 20:40:00,2025-10-10T20:40:00Z,oos,442,0,Tier A,tier_a_primary,Tier_A_full_context,c08_exclude_weak_session_bucket,late_cash_240_330,-0.17209668943772988,0
2025.10.10 20:45:00,2025-10-10T20:45:00Z,oos,443,0,Tier A,tier_a_primary,Tier_A_full_context,c08_exclude_weak_session_bucket,late_cash_240_330,-0.17209668943772988,0
2025.10.10 20:50:00,2025-10-10T20:50:00Z,oos,444,0,Tier A,tier_a_primary,Tier_A_full_context,c08_exclude_weak_session_bucket,late_cash_240_330,-0.17209668943772988,0
2025.10.10 20:55:00,2025-10-10T20:55:00Z,oos,445,-1,Tier A,tier_a_primary,Tier_A_full_context,c08_exclude_weak_session_bucket,late_cash_240_330,-0.17209668943772988,-1
2025.10.10 21:05:00,2025-10-10T21:05:00Z,oos,446,0,Tier A,tier_a_primary,Tier_A_full_context,c08_exclude_weak_session_bucket,late_cash_240_330,-0.17209668943772988,0
2025.10.10 21:10:00,2025-10-10T21:10:00Z,oos,447,0,Tier A,tier_a_primary,Tier_A_full_context,c08_exclude_weak_session_bucket,late_cash_240_330,-0.17209668943772988,0
2025.10.10 21:15:00,2025-10-10T21:15:00Z,oos,448,1,Tier A,tier_a_primary,Tier_A_full_context,c08_exclude_weak_session_bucket,late_cash_240_330,-0.17209668943772988,1
2025.10.10 21:20:00,2025-10-10T21:20:00Z,oos,449,0,Tier A,tier_a_primary,Tier_A_full_context,c08_exclude_weak_session_bucket,late_cash_240_330,-0.17209668943772988,0
2025.10.10 21:25:00,2025-10-10T21:25:00Z,oos,450,1,Tier A,tier_a_primary,Tier_A_full_context,c08_exclude_weak_session_bucket,late_cash_240_330,-0.17209668943772988,1
2025.10.10 21:30:00,2025-10-10T21:30:00Z,oos,451,-1,Tier A,tier_a_primary,Tier_A_full_context,c08_exclude_weak_session_bucket,late_cash_240_330,-0.17209668943772988,-1
2025.10.10 21:35:00,2025-10-10T21:35:00Z,oos,452,0,Tier A,tier_a_primary,Tier_A_full_context,c08_exclude_weak_session_bucket,late_cash_240_330,-0.17209668943772988,0
2025.10.10 21:40:00,2025-10-10T21:40:00Z,oos,453,0,Tier A,tier_a_primary,Tier_A_full_context,c08_exclude_weak_session_bucket,late_cash_240_330,-0.17209668943772988,0
2025.10.10 21:45:00,2025-10-10T21:45:00Z,oos,454,-1,Tier A,tier_a_primary,Tier_A_full_context,c08_exclude_weak_session_bucket,late_cash_240_330,-0.17209668943772988,-1
2025.10.10 21:50:00,2025-10-10T21:50:00Z,oos,455,0,Tier A,tier_a_primary,Tier_A_full_context,c08_exclude_weak_session_bucket,late_cash_240_330,-0.17209668943772988,0
2025.10.10 21:55:00,2025-10-10T21:55:00Z,oos,456,-1,Tier A,tier_a_primary,Tier_A_full_context,c08_exclude_weak_session_bucket,late_cash_240_330,-0.17209668943772988,-1
2025.10.10 22:00:00,2025-10-10T22:00:00Z,oos,457,0,Tier A,tier_a_primary,Tier_A_full_context,c08_exclude_weak_session_bucket,late_cash_240_330,-0.17209668943772988,0
2025.10.13 16:35:00,2025-10-13T16:35:00Z,oos,458,0,Tier A,tier_a_primary,Tier_A_full_context,c08_exclude_weak_session_bucket,cash_open_0_30,-0.09635811836115327,0
2025.10.13 16:40:00,2025-10-13T16:40:00Z,oos,459,0,Tier A,tier_a_primary,Tier_A_full_context,c08_exclude_weak_session_bucket,cash_open_0_30,-0.09635811836115327,0
2025.10.13 16:45:00,2025-10-13T16:45:00Z,oos,460,0,Tier A,tier_a_primary,Tier_A_full_context,c08_exclude_weak_session_bucket,cash_open_0_30,-0.09635811836115327,0
2025.10.13 16:55:00,2025-10-13T16:55:00Z,oos,461,0,Tier A,tier_a_primary,Tier_A_full_context,c08_exclude_weak_session_bucket,cash_open_0_30,-0.09635811836115327,0
2025.10.13 17:00:00,2025-10-13T17:00:00Z,oos,462,0,Tier A,tier_a_primary,Tier_A_full_context,c08_exclude_weak_session_bucket,cash_open_0_30,-0.09635811836115327,0
2025.10.13 17:05:00,2025-10-13T17:05:00Z,oos,463,0,Tier A,tier_a_primary,Tier_A_full_context,c08_exclude_weak_session_bucket,early_cash_30_60,-0.12775735294117646,0
2025.10.13 17:10:00,2025-10-13T17:10:00Z,oos,464,0,Tier A,tier_a_primary,Tier_A_full_context,c08_exclude_weak_session_bucket,early_cash_30_60,-0.12775735294117646,0
2025.10.13 17:15:00,2025-10-13T17:15:00Z,oos,465,0,Tier A,tier_a_primary,Tier_A_full_context,c08_exclude_weak_session_bucket,early_cash_30_60,-0.12775735294117646,0
2025.10.13 17:20:00,2025-10-13T17:20:00Z,oos,466,0,Tier A,tier_a_primary,Tier_A_full_context,c08_exclude_weak_session_bucket,early_cash_30_60,-0.12775735294117646,0
2025.10.13 17:25:00,2025-10-13T17:25:00Z,oos,467,0,Tier A,tier_a_primary,Tier_A_full_context,c08_exclude_weak_session_bucket,early_cash_30_60,-0.12775735294117646,0
2025.10.13 17:35:00,2025-10-13T17:35:00Z,oos,468,0,Tier A,tier_a_primary,Tier_A_full_context,c08_exclude_weak_session_bucket,morning_60_120,-0.1698966408268734,0
2025.10.13 17:40:00,2025-10-13T17:40:00Z,oos,469,0,Tier A,tier_a_primary,Tier_A_full_context,c08_exclude_weak_session_bucket,morning_60_120,-0.1698966408268734,0
2025.10.13 17:50:00,2025-10-13T17:50:00Z,oos,470,0,Tier A,tier_a_primary,Tier_A_full_context,c08_exclude_weak_session_bucket,morning_60_120,-0.1698966408268734,0
2025.10.13 17:55:00,2025-10-13T17:55:00Z,oos,471,0,Tier A,tier_a_primary,Tier_A_full_context,c08_exclude_weak_session_bucket,morning_60_120,-0.1698966408268734,0
2025.10.13 18:00:00,2025-10-13T18:00:00Z,oos,472,0,Tier A,tier_a_primary,Tier_A_full_context,c08_exclude_weak_session_bucket,morning_60_120,-0.1698966408268734,0
2025.10.13 18:05:00,2025-10-13T18:05:00Z,oos,473,0,Tier A,tier_a_primary,Tier_A_full_context,c08_exclude_weak_session_bucket,morning_60_120,-0.1698966408268734,0
2025.10.13 18:15:00,2025-10-13T18:15:00Z,oos,474,0,Tier A,tier_a_primary,Tier_A_full_context,c08_exclude_weak_session_bucket,morning_60_120,-0.1698966408268734,0
2025.10.13 18:20:00,2025-10-13T18:20:00Z,oos,475,0,Tier A,tier_a_primary,Tier_A_full_context,c08_exclude_weak_session_bucket,morning_60_120,-0.1698966408268734,0
2025.10.13 18:25:00,2025-10-13T18:25:00Z,oos,476,0,Tier A,tier_a_primary,Tier_A_full_context,c08_exclude_weak_session_bucket,morning_60_120,-0.1698966408268734,0
2025.10.13 18:35:00,2025-10-13T18:35:00Z,oos,477,0,Tier A,tier_a_primary,Tier_A_full_context,c08_exclude_weak_session_bucket,midday_lull_120_240,-0.1762380357885976,0
2025.10.13 18:40:00,2025-10-13T18:40:00Z,oos,478,0,Tier A,tier_a_primary,Tier_A_full_context,c08_exclude_weak_session_bucket,midday_lull_120_240,-0.1762380357885976,0
2025.10.13 18:50:00,2025-10-13T18:50:00Z,oos,479,0,Tier A,tier_a_primary,Tier_A_full_context,c08_exclude_weak_session_bucket,midday_lull_120_240,-0.1762380357885976,0
2025.10.13 18:55:00,2025-10-13T18:55:00Z,oos,480,0,Tier A,tier_a_primary,Tier_A_full_context,c08_exclude_weak_session_bucket,midday_lull_120_240,-0.1762380357885976,0
2025.10.13 19:00:00,2025-10-13T19:00:00Z,oos,481,0,Tier A,tier_a_primary,Tier_A_full_context,c08_exclude_weak_session_bucket,midday_lull_120_240,-0.1762380357885976,0
2025.10.13 19:05:00,2025-10-13T19:05:00Z,oos,482,0,Tier A,tier_a_primary,Tier_A_full_context,c08_exclude_weak_session_bucket,midday_lull_120_240,-0.1762380357885976,0
2025.10.13 19:10:00,2025-10-13T19:10:00Z,oos,483,0,Tier A,tier_a_primary,Tier_A_full_context,c08_exclude_weak_session_bucket,midday_lull_120_240,-0.1762380357885976,0
2025.10.13 19:15:00,2025-10-13T19:15:00Z,oos,484,0,Tier A,tier_a_primary,Tier_A_full_context,c08_exclude_weak_session_bucket,midday_lull_120_240,-0.1762380357885976,0
2025.10.13 19:20:00,2025-10-13T19:20:00Z,oos,485,0,Tier A,tier_a_primary,Tier_A_full_context,c08_exclude_weak_session_bucket,midday_lull_120_240,-0.1762380357885976,0
2025.10.13 19:25:00,2025-10-13T19:25:00Z,oos,486,0,Tier A,tier_a_primary,Tier_A_full_context,c08_exclude_weak_session_bucket,midday_lull_120_240,-0.1762380357885976,0
2025.10.13 19:30:00,2025-10-13T19:30:00Z,oos,487,0,Tier A,tier_a_primary,Tier_A_full_context,c08_exclude_weak_session_bucket,midday_lull_120_240,-0.1762380357885976,0
2025.10.13 19:35:00,2025-10-13T19:35:00Z,oos,488,0,Tier A,tier_a_primary,Tier_A_full_context,c08_exclude_weak_session_bucket,midday_lull_120_240,-0.1762380357885976,0
2025.10.13 19:45:00,2025-10-13T19:45:00Z,oos,489,0,Tier A,tier_a_primary,Tier_A_full_context,c08_exclude_weak_session_bucket,midday_lull_120_240,-0.1762380357885976,0
2025.10.13 19:50:00,2025-10-13T19:50:00Z,oos,490,0,Tier A,tier_a_primary,Tier_A_full_context,c08_exclude_weak_session_bucket,midday_lull_120_240,-0.1762380357885976,0
2025.10.13 20:00:00,2025-10-13T20:00:00Z,oos,491,0,Tier A,tier_a_primary,Tier_A_full_context,c08_exclude_weak_session_bucket,midday_lull_120_240,-0.1762380357885976,0
2025.10.13 20:10:00,2025-10-13T20:10:00Z,oos,492,0,Tier A,tier_a_primary,Tier_A_full_context,c08_exclude_weak_session_bucket,midday_lull_120_240,-0.1762380357885976,0
2025.10.13 20:15:00,2025-10-13T20:15:00Z,oos,493,0,Tier A,tier_a_primary,Tier_A_full_context,c08_exclude_weak_session_bucket,midday_lull_120_240,-0.1762380357885976,0
2025.10.13 20:25:00,2025-10-13T20:25:00Z,oos,494,0,Tier A,tier_a_primary,Tier_A_full_context,c08_exclude_weak_session_bucket,midday_lull_120_240,-0.1762380357885976,0
2025.10.13 20:30:00,2025-10-13T20:30:00Z,oos,495,0,Tier A,tier_a_primary,Tier_A_full_context,c08_exclude_weak_session_bucket,midday_lull_120_240,-0.1762380357885976,0
2025.10.13 20:35:00,2025-10-13T20:35:00Z,oos,496,0,Tier A,tier_a_primary,Tier_A_full_context,c08_exclude_weak_session_bucket,late_cash_240_330,-0.17209668943772988,0
2025.10.13 20:45:00,2025-10-13T20:45:00Z,oos,497,0,Tier A,tier_a_primary,Tier_A_full_context,c08_exclude_weak_session_bucket,late_cash_240_330,-0.17209668943772988,0
2025.10.13 20:50:00,2025-10-13T20:50:00Z,oos,498,0,Tier A,tier_a_primary,Tier_A_full_context,c08_exclude_weak_session_bucket,late_cash_240_330,-0.17209668943772988,0
2025.10.13 20:55:00,2025-10-13T20:55:00Z,oos,499,0,Tier A,tier_a_primary,Tier_A_full_context,c08_exclude_weak_session_bucket,late_cash_240_330,-0.17209668943772988,0
2025.10.13 21:00:00,2025-10-13T21:00:00Z,oos,500,0,Tier A,tier_a_primary,Tier_A_full_context,c08_exclude_weak_session_bucket,late_cash_240_330,-0.17209668943772988,0
2025.10.13 21:05:00,2025-10-13T21:05:00Z,oos,501,0,Tier A,tier_a_primary,Tier_A_full_context,c08_exclude_weak_session_bucket,late_cash_240_330,-0.17209668943772988,0
2025.10.13 21:10:00,2025-10-13T21:10:00Z,oos,502,0,Tier A,tier_a_primary,Tier_A_full_context,c08_exclude_weak_session_bucket,late_cash_240_330,-0.17209668943772988,0
2025.10.13 21:15:00,2025-10-13T21:15:00Z,oos,503,0,Tier A,tier_a_primary,Tier_A_full_context,c08_exclude_weak_session_bucket,late_cash_240_330,-0.17209668943772988,0
2025.10.13 21:25:00,2025-10-13T21:25:00Z,oos,504,0,Tier A,tier_a_primary,Tier_A_full_context,c08_exclude_weak_session_bucket,late_cash_240_330,-0.17209668943772988,0
2025.10.13 21:30:00,2025-10-13T21:30:00Z,oos,505,0,Tier A,tier_a_primary,Tier_A_full_context,c08_exclude_weak_session_bucket,late_cash_240_330,-0.17209668943772988,0
2025.10.13 21:35:00,2025-10-13T21:35:00Z,oos,506,0,Tier A,tier_a_primary,Tier_A_full_context,c08_exclude_weak_session_bucket,late_cash_240_330,-0.17209668943772988,0
2025.10.13 21:45:00,2025-10-13T21:45:00Z,oos,507,0,Tier A,tier_a_primary,Tier_A_full_context,c08_exclude_weak_session_bucket,late_cash_240_330,-0.17209668943772988,0
2025.10.13 21:50:00,2025-10-13T21:50:00Z,oos,508,0,Tier A,tier_a_primary,Tier_A_full_context,c08_exclude_weak_session_bucket,late_cash_240_330,-0.17209668943772988,0
2025.10.13 21:55:00,2025-10-13T21:55:00Z,oos,509,0,Tier A,tier_a_primary,Tier_A_full_context,c08_exclude_weak_session_bucket,late_cash_240_330,-0.17209668943772988,0
2025.10.13 22:00:00,2025-10-13T22:00:00Z,oos,510,0,Tier A,tier_a_primary,Tier_A_full_context,c08_exclude_weak_session_bucket,late_cash_240_330,-0.17209668943772988,0
2025.10.14 16:35:00,2025-10-14T16:35:00Z,oos,511,0,Tier A,tier_a_primary,Tier_A_full_context,c08_exclude_weak_session_bucket,cash_open_0_30,-0.09635811836115327,0
2025.10.14 16:40:00,2025-10-14T16:40:00Z,oos,512,0,Tier A,tier_a_primary,Tier_A_full_context,c08_exclude_weak_session_bucket,cash_open_0_30,-0.09635811836115327,0
2025.10.14 16:45:00,2025-10-14T16:45:00Z,oos,513,-1,Tier A,tier_a_primary,Tier_A_full_context,c08_exclude_weak_session_bucket,cash_open_0_30,-0.09635811836115327,-1
2025.10.14 16:50:00,2025-10-14T16:50:00Z,oos,514,1,Tier A,tier_a_primary,Tier_A_full_context,c08_exclude_weak_session_bucket,cash_open_0_30,-0.09635811836115327,1
2025.10.14 16:55:00,2025-10-14T16:55:00Z,oos,515,1,Tier A,tier_a_primary,Tier_A_full_context,c08_exclude_weak_session_bucket,cash_open_0_30,-0.09635811836115327,1
2025.10.14 17:00:00,2025-10-14T17:00:00Z,oos,516,1,Tier A,tier_a_primary,Tier_A_full_context,c08_exclude_weak_session_bucket,cash_open_0_30,-0.09635811836115327,1
2025.10.14 17:05:00,2025-10-14T17:05:00Z,oos,517,0,Tier A,tier_a_primary,Tier_A_full_context,c08_exclude_weak_session_bucket,early_cash_30_60,-0.12775735294117646,0
2025.10.14 17:10:00,2025-10-14T17:10:00Z,oos,518,0,Tier A,tier_a_primary,Tier_A_full_context,c08_exclude_weak_session_bucket,early_cash_30_60,-0.12775735294117646,0
2025.10.14 17:15:00,2025-10-14T17:15:00Z,oos,519,1,Tier A,tier_a_primary,Tier_A_full_context,c08_exclude_weak_session_bucket,early_cash_30_60,-0.12775735294117646,1
2025.10.14 17:20:00,2025-10-14T17:20:00Z,oos,520,0,Tier A,tier_a_primary,Tier_A_full_context,c08_exclude_weak_session_bucket,early_cash_30_60,-0.12775735294117646,0
2025.10.14 17:25:00,2025-10-14T17:25:00Z,oos,521,0,Tier A,tier_a_primary,Tier_A_full_context,c08_exclude_weak_session_bucket,early_cash_30_60,-0.12775735294117646,0
2025.10.14 17:30:00,2025-10-14T17:30:00Z,oos,522,0,Tier A,tier_a_primary,Tier_A_full_context,c08_exclude_weak_session_bucket,early_cash_30_60,-0.12775735294117646,0
2025.10.14 17:35:00,2025-10-14T17:35:00Z,oos,523,0,Tier A,tier_a_primary,Tier_A_full_context,c08_exclude_weak_session_bucket,morning_60_120,-0.1698966408268734,0
2025.10.14 17:40:00,2025-10-14T17:40:00Z,oos,524,0,Tier A,tier_a_primary,Tier_A_full_context,c08_exclude_weak_session_bucket,morning_60_120,-0.1698966408268734,0
2025.10.14 17:45:00,2025-10-14T17:45:00Z,oos,525,0,Tier A,tier_a_primary,Tier_A_full_context,c08_exclude_weak_session_bucket,morning_60_120,-0.1698966408268734,0
2025.10.14 17:50:00,2025-10-14T17:50:00Z,oos,526,0,Tier A,tier_a_primary,Tier_A_full_context,c08_exclude_weak_session_bucket,morning_60_120,-0.1698966408268734,0
2025.10.14 17:55:00,2025-10-14T17:55:00Z,oos,527,0,Tier A,tier_a_primary,Tier_A_full_context,c08_exclude_weak_session_bucket,morning_60_120,-0.1698966408268734,0
2025.10.14 18:00:00,2025-10-14T18:00:00Z,oos,528,0,Tier A,tier_a_primary,Tier_A_full_context,c08_exclude_weak_session_bucket,morning_60_120,-0.1698966408268734,0
2025.10.14 18:05:00,2025-10-14T18:05:00Z,oos,529,0,Tier A,tier_a_primary,Tier_A_full_context,c08_exclude_weak_session_bucket,morning_60_120,-0.1698966408268734,0
2025.10.14 18:10:00,2025-10-14T18:10:00Z,oos,530,0,Tier A,tier_a_primary,Tier_A_full_context,c08_exclude_weak_session_bucket,morning_60_120,-0.1698966408268734,0
2025.10.14 18:15:00,2025-10-14T18:15:00Z,oos,531,0,Tier A,tier_a_primary,Tier_A_full_context,c08_exclude_weak_session_bucket,morning_60_120,-0.1698966408268734,0
2025.10.14 18:20:00,2025-10-14T18:20:00Z,oos,532,0,Tier A,tier_a_primary,Tier_A_full_context,c08_exclude_weak_session_bucket,morning_60_120,-0.1698966408268734,0
2025.10.14 18:25:00,2025-10-14T18:25:00Z,oos,533,0,Tier A,tier_a_primary,Tier_A_full_context,c08_exclude_weak_session_bucket,morning_60_120,-0.1698966408268734,0
2025.10.14 18:30:00,2025-10-14T18:30:00Z,oos,534,0,Tier A,tier_a_primary,Tier_A_full_context,c08_exclude_weak_session_bucket,morning_60_120,-0.1698966408268734,0
2025.10.14 18:35:00,2025-10-14T18:35:00Z,oos,535,0,Tier A,tier_a_primary,Tier_A_full_context,c08_exclude_weak_session_bucket,midday_lull_120_240,-0.1762380357885976,0
2025.10.14 18:40:00,2025-10-14T18:40:00Z,oos,536,0,Tier A,tier_a_primary,Tier_A_full_context,c08_exclude_weak_session_bucket,midday_lull_120_240,-0.1762380357885976,0
2025.10.14 18:45:00,2025-10-14T18:45:00Z,oos,537,0,Tier A,tier_a_primary,Tier_A_full_context,c08_exclude_weak_session_bucket,midday_lull_120_240,-0.1762380357885976,0
2025.10.14 18:50:00,2025-10-14T18:50:00Z,oos,538,0,Tier A,tier_a_primary,Tier_A_full_context,c08_exclude_weak_session_bucket,midday_lull_120_240,-0.1762380357885976,0
2025.10.14 18:55:00,2025-10-14T18:55:00Z,oos,539,0,Tier A,tier_a_primary,Tier_A_full_context,c08_exclude_weak_session_bucket,midday_lull_120_240,-0.1762380357885976,0
2025.10.14 19:00:00,2025-10-14T19:00:00Z,oos,540,0,Tier A,tier_a_primary,Tier_A_full_context,c08_exclude_weak_session_bucket,midday_lull_120_240,-0.1762380357885976,0
2025.10.14 19:05:00,2025-10-14T19:05:00Z,oos,541,0,Tier A,tier_a_primary,Tier_A_full_context,c08_exclude_weak_session_bucket,midday_lull_120_240,-0.1762380357885976,0
2025.10.14 19:10:00,2025-10-14T19:10:00Z,oos,542,0,Tier A,tier_a_primary,Tier_A_full_context,c08_exclude_weak_session_bucket,midday_lull_120_240,-0.1762380357885976,0
2025.10.14 19:15:00,2025-10-14T19:15:00Z,oos,543,0,Tier A,tier_a_primary,Tier_A_full_context,c08_exclude_weak_session_bucket,midday_lull_120_240,-0.1762380357885976,0
2025.10.14 19:20:00,2025-10-14T19:20:00Z,oos,544,0,Tier A,tier_a_primary,Tier_A_full_context,c08_exclude_weak_session_bucket,midday_lull_120_240,-0.1762380357885976,0
2025.10.14 19:25:00,2025-10-14T19:25:00Z,oos,545,0,Tier A,tier_a_primary,Tier_A_full_context,c08_exclude_weak_session_bucket,midday_lull_120_240,-0.1762380357885976,0
2025.10.14 19:30:00,2025-10-14T19:30:00Z,oos,546,0,Tier A,tier_a_primary,Tier_A_full_context,c08_exclude_weak_session_bucket,midday_lull_120_240,-0.1762380357885976,0
2025.10.14 19:35:00,2025-10-14T19:35:00Z,oos,547,0,Tier A,tier_a_primary,Tier_A_full_context,c08_exclude_weak_session_bucket,midday_lull_120_240,-0.1762380357885976,0
2025.10.14 19:40:00,2025-10-14T19:40:00Z,oos,548,0,Tier A,tier_a_primary,Tier_A_full_context,c08_exclude_weak_session_bucket,midday_lull_120_240,-0.1762380357885976,0
2025.10.14 19:45:00,2025-10-14T19:45:00Z,oos,549,0,Tier A,tier_a_primary,Tier_A_full_context,c08_exclude_weak_session_bucket,midday_lull_120_240,-0.1762380357885976,0
2025.10.14 19:50:00,2025-10-14T19:50:00Z,oos,550,0,Tier A,tier_a_primary,Tier_A_full_context,c08_exclude_weak_session_bucket,midday_lull_120_240,-0.1762380357885976,0
2025.10.14 19:55:00,2025-10-14T19:55:00Z,oos,551,0,Tier A,tier_a_primary,Tier_A_full_context,c08_exclude_weak_session_bucket,midday_lull_120_240,-0.1762380357885976,0
2025.10.14 20:00:00,2025-10-14T20:00:00Z,oos,552,0,Tier A,tier_a_primary,Tier_A_full_context,c08_exclude_weak_session_bucket,midday_lull_120_240,-0.1762380357885976,0
2025.10.14 20:05:00,2025-10-14T20:05:00Z,oos,553,0,Tier A,tier_a_primary,Tier_A_full_context,c08_exclude_weak_session_bucket,midday_lull_120_240,-0.1762380357885976,0
2025.10.14 20:10:00,2025-10-14T20:10:00Z,oos,554,0,Tier A,tier_a_primary,Tier_A_full_context,c08_exclude_weak_session_bucket,midday_lull_120_240,-0.1762380357885976,0
2025.10.14 20:15:00,2025-10-14T20:15:00Z,oos,555,0,Tier A,tier_a_primary,Tier_A_full_context,c08_exclude_weak_session_bucket,midday_lull_120_240,-0.1762380357885976,0
2025.10.14 20:20:00,2025-10-14T20:20:00Z,oos,556,0,Tier A,tier_a_primary,Tier_A_full_context,c08_exclude_weak_session_bucket,midday_lull_120_240,-0.1762380357885976,0
2025.10.14 20:25:00,2025-10-14T20:25:00Z,oos,557,0,Tier A,tier_a_primary,Tier_A_full_context,c08_exclude_weak_session_bucket,midday_lull_120_240,-0.1762380357885976,0
2025.10.14 20:30:00,2025-10-14T20:30:00Z,oos,558,0,Tier A,tier_a_primary,Tier_A_full_context,c08_exclude_weak_session_bucket,midday_lull_120_240,-0.1762380357885976,0
2025.10.14 20:35:00,2025-10-14T20:35:00Z,oos,559,-1,Tier A,tier_a_primary,Tier_A_full_context,c08_exclude_weak_session_bucket,late_cash_240_330,-0.17209668943772988,-1
2025.10.14 20:40:00,2025-10-14T20:40:00Z,oos,560,0,Tier A,tier_a_primary,Tier_A_full_context,c08_exclude_weak_session_bucket,late_cash_240_330,-0.17209668943772988,0
2025.10.14 20:45:00,2025-10-14T20:45:00Z,oos,561,1,Tier A,tier_a_primary,Tier_A_full_context,c08_exclude_weak_session_bucket,late_cash_240_330,-0.17209668943772988,1
2025.10.14 20:50:00,2025-10-14T20:50:00Z,oos,562,0,Tier A,tier_a_primary,Tier_A_full_context,c08_exclude_weak_session_bucket,late_cash_240_330,-0.17209668943772988,0
2025.10.14 20:55:00,2025-10-14T20:55:00Z,oos,563,-1,Tier A,tier_a_primary,Tier_A_full_context,c08_exclude_weak_session_bucket,late_cash_240_330,-0.17209668943772988,-1
2025.10.14 21:00:00,2025-10-14T21:00:00Z,oos,564,0,Tier A,tier_a_primary,Tier_A_full_context,c08_exclude_weak_session_bucket,late_cash_240_330,-0.17209668943772988,0
2025.10.14 21:05:00,2025-10-14T21:05:00Z,oos,565,0,Tier A,tier_a_primary,Tier_A_full_context,c08_exclude_weak_session_bucket,late_cash_240_330,-0.17209668943772988,0
2025.10.14 21:10:00,2025-10-14T21:10:00Z,oos,566,0,Tier A,tier_a_primary,Tier_A_full_context,c08_exclude_weak_session_bucket,late_cash_240_330,-0.17209668943772988,0
2025.10.14 21:15:00,2025-10-14T21:15:00Z,oos,567,0,Tier A,tier_a_primary,Tier_A_full_context,c08_exclude_weak_session_bucket,late_cash_240_330,-0.17209668943772988,0
2025.10.14 21:20:00,2025-10-14T21:20:00Z,oos,568,0,Tier A,tier_a_primary,Tier_A_full_context,c08_exclude_weak_session_bucket,late_cash_240_330,-0.17209668943772988,0
2025.10.14 21:30:00,2025-10-14T21:30:00Z,oos,569,0,Tier A,tier_a_primary,Tier_A_full_context,c08_exclude_weak_session_bucket,late_cash_240_330,-0.17209668943772988,0
2025.10.14 21:35:00,2025-10-14T21:35:00Z,oos,570,0,Tier A,tier_a_primary,Tier_A_full_context,c08_exclude_weak_session_bucket,late_cash_240_330,-0.17209668943772988,0
2025.10.14 21:45:00,2025-10-14T21:45:00Z,oos,571,0,Tier A,tier_a_primary,Tier_A_full_context,c08_exclude_weak_session_bucket,late_cash_240_330,-0.17209668943772988,0
2025.10.14 21:50:00,2025-10-14T21:50:00Z,oos,572,0,Tier A,tier_a_primary,Tier_A_full_context,c08_exclude_weak_session_bucket,late_cash_240_330,-0.17209668943772988,0
2025.10.14 21:55:00,2025-10-14T21:55:00Z,oos,573,0,Tier A,tier_a_primary,Tier_A_full_context,c08_exclude_weak_session_bucket,late_cash_240_330,-0.17209668943772988,0
2025.10.14 22:00:00,2025-10-14T22:00:00Z,oos,574,0,Tier A,tier_a_primary,Tier_A_full_context,c08_exclude_weak_session_bucket,late_cash_240_330,-0.17209668943772988,0
2025.10.15 16:35:00,2025-10-15T16:35:00Z,oos,575,0,Tier A,tier_a_primary,Tier_A_full_context,c08_exclude_weak_session_bucket,cash_open_0_30,-0.09635811836115327,0
2025.10.15 16:40:00,2025-10-15T16:40:00Z,oos,576,0,Tier A,tier_a_primary,Tier_A_full_context,c08_exclude_weak_session_bucket,cash_open_0_30,-0.09635811836115327,0
2025.10.15 16:45:00,2025-10-15T16:45:00Z,oos,577,0,Tier A,tier_a_primary,Tier_A_full_context,c08_exclude_weak_session_bucket,cash_open_0_30,-0.09635811836115327,0
2025.10.15 16:50:00,2025-10-15T16:50:00Z,oos,578,-1,Tier A,tier_a_primary,Tier_A_full_context,c08_exclude_weak_session_bucket,cash_open_0_30,-0.09635811836115327,-1
2025.10.15 16:55:00,2025-10-15T16:55:00Z,oos,579,1,Tier A,tier_a_primary,Tier_A_full_context,c08_exclude_weak_session_bucket,cash_open_0_30,-0.09635811836115327,1
2025.10.15 17:00:00,2025-10-15T17:00:00Z,oos,580,1,Tier A,tier_a_primary,Tier_A_full_context,c08_exclude_weak_session_bucket,cash_open_0_30,-0.09635811836115327,1
2025.10.15 17:05:00,2025-10-15T17:05:00Z,oos,581,1,Tier A,tier_a_primary,Tier_A_full_context,c08_exclude_weak_session_bucket,early_cash_30_60,-0.12775735294117646,1
2025.10.15 17:10:00,2025-10-15T17:10:00Z,oos,582,1,Tier A,tier_a_primary,Tier_A_full_context,c08_exclude_weak_session_bucket,early_cash_30_60,-0.12775735294117646,1
2025.10.15 17:15:00,2025-10-15T17:15:00Z,oos,583,0,Tier A,tier_a_primary,Tier_A_full_context,c08_exclude_weak_session_bucket,early_cash_30_60,-0.12775735294117646,0
2025.10.15 17:20:00,2025-10-15T17:20:00Z,oos,584,0,Tier A,tier_a_primary,Tier_A_full_context,c08_exclude_weak_session_bucket,early_cash_30_60,-0.12775735294117646,0
2025.10.15 17:25:00,2025-10-15T17:25:00Z,oos,585,0,Tier A,tier_a_primary,Tier_A_full_context,c08_exclude_weak_session_bucket,early_cash_30_60,-0.12775735294117646,0
2025.10.15 17:30:00,2025-10-15T17:30:00Z,oos,586,0,Tier A,tier_a_primary,Tier_A_full_context,c08_exclude_weak_session_bucket,early_cash_30_60,-0.12775735294117646,0
2025.10.15 17:35:00,2025-10-15T17:35:00Z,oos,587,0,Tier A,tier_a_primary,Tier_A_full_context,c08_exclude_weak_session_bucket,morning_60_120,-0.1698966408268734,0
2025.10.15 17:40:00,2025-10-15T17:40:00Z,oos,588,0,Tier A,tier_a_primary,Tier_A_full_context,c08_exclude_weak_session_bucket,morning_60_120,-0.1698966408268734,0
2025.10.15 17:45:00,2025-10-15T17:45:00Z,oos,589,0,Tier A,tier_a_primary,Tier_A_full_context,c08_exclude_weak_session_bucket,morning_60_120,-0.1698966408268734,0
2025.10.15 17:50:00,2025-10-15T17:50:00Z,oos,590,0,Tier A,tier_a_primary,Tier_A_full_context,c08_exclude_weak_session_bucket,morning_60_120,-0.1698966408268734,0
2025.10.15 17:55:00,2025-10-15T17:55:00Z,oos,591,0,Tier A,tier_a_primary,Tier_A_full_context,c08_exclude_weak_session_bucket,morning_60_120,-0.1698966408268734,0
2025.10.15 18:00:00,2025-10-15T18:00:00Z,oos,592,0,Tier A,tier_a_primary,Tier_A_full_context,c08_exclude_weak_session_bucket,morning_60_120,-0.1698966408268734,0
2025.10.15 18:05:00,2025-10-15T18:05:00Z,oos,593,0,Tier A,tier_a_primary,Tier_A_full_context,c08_exclude_weak_session_bucket,morning_60_120,-0.1698966408268734,0
2025.10.15 18:10:00,2025-10-15T18:10:00Z,oos,594,0,Tier A,tier_a_primary,Tier_A_full_context,c08_exclude_weak_session_bucket,morning_60_120,-0.1698966408268734,0
2025.10.15 18:15:00,2025-10-15T18:15:00Z,oos,595,0,Tier A,tier_a_primary,Tier_A_full_context,c08_exclude_weak_session_bucket,morning_60_120,-0.1698966408268734,0
2025.10.15 18:20:00,2025-10-15T18:20:00Z,oos,596,0,Tier A,tier_a_primary,Tier_A_full_context,c08_exclude_weak_session_bucket,morning_60_120,-0.1698966408268734,0
2025.10.15 18:25:00,2025-10-15T18:25:00Z,oos,597,0,Tier A,tier_a_primary,Tier_A_full_context,c08_exclude_weak_session_bucket,morning_60_120,-0.1698966408268734,0
2025.10.15 18:30:00,2025-10-15T18:30:00Z,oos,598,0,Tier A,tier_a_primary,Tier_A_full_context,c08_exclude_weak_session_bucket,morning_60_120,-0.1698966408268734,0
2025.10.15 18:35:00,2025-10-15T18:35:00Z,oos,599,0,Tier A,tier_a_primary,Tier_A_full_context,c08_exclude_weak_session_bucket,midday_lull_120_240,-0.1762380357885976,0
2025.10.15 18:40:00,2025-10-15T18:40:00Z,oos,600,0,Tier A,tier_a_primary,Tier_A_full_context,c08_exclude_weak_session_bucket,midday_lull_120_240,-0.1762380357885976,0
2025.10.15 18:45:00,2025-10-15T18:45:00Z,oos,601,0,Tier A,tier_a_primary,Tier_A_full_context,c08_exclude_weak_session_bucket,midday_lull_120_240,-0.1762380357885976,0
2025.10.15 18:50:00,2025-10-15T18:50:00Z,oos,602,0,Tier A,tier_a_primary,Tier_A_full_context,c08_exclude_weak_session_bucket,midday_lull_120_240,-0.1762380357885976,0
2025.10.15 18:55:00,2025-10-15T18:55:00Z,oos,603,0,Tier A,tier_a_primary,Tier_A_full_context,c08_exclude_weak_session_bucket,midday_lull_120_240,-0.1762380357885976,0
2025.10.15 19:00:00,2025-10-15T19:00:00Z,oos,604,0,Tier A,tier_a_primary,Tier_A_full_context,c08_exclude_weak_session_bucket,midday_lull_120_240,-0.1762380357885976,0
2025.10.15 19:05:00,2025-10-15T19:05:00Z,oos,605,0,Tier A,tier_a_primary,Tier_A_full_context,c08_exclude_weak_session_bucket,midday_lull_120_240,-0.1762380357885976,0
2025.10.15 19:10:00,2025-10-15T19:10:00Z,oos,606,0,Tier A,tier_a_primary,Tier_A_full_context,c08_exclude_weak_session_bucket,midday_lull_120_240,-0.1762380357885976,0
2025.10.15 19:15:00,2025-10-15T19:15:00Z,oos,607,0,Tier A,tier_a_primary,Tier_A_full_context,c08_exclude_weak_session_bucket,midday_lull_120_240,-0.1762380357885976,0
2025.10.15 19:20:00,2025-10-15T19:20:00Z,oos,608,0,Tier A,tier_a_primary,Tier_A_full_context,c08_exclude_weak_session_bucket,midday_lull_120_240,-0.1762380357885976,0
2025.10.15 19:25:00,2025-10-15T19:25:00Z,oos,609,0,Tier A,tier_a_primary,Tier_A_full_context,c08_exclude_weak_session_bucket,midday_lull_120_240,-0.1762380357885976,0
2025.10.15 19:30:00,2025-10-15T19:30:00Z,oos,610,0,Tier A,tier_a_primary,Tier_A_full_context,c08_exclude_weak_session_bucket,midday_lull_120_240,-0.1762380357885976,0
2025.10.15 19:35:00,2025-10-15T19:35:00Z,oos,611,0,Tier A,tier_a_primary,Tier_A_full_context,c08_exclude_weak_session_bucket,midday_lull_120_240,-0.1762380357885976,0
2025.10.15 19:40:00,2025-10-15T19:40:00Z,oos,612,0,Tier A,tier_a_primary,Tier_A_full_context,c08_exclude_weak_session_bucket,midday_lull_120_240,-0.1762380357885976,0
2025.10.15 19:45:00,2025-10-15T19:45:00Z,oos,613,0,Tier A,tier_a_primary,Tier_A_full_context,c08_exclude_weak_session_bucket,midday_lull_120_240,-0.1762380357885976,0
2025.10.15 19:50:00,2025-10-15T19:50:00Z,oos,614,0,Tier A,tier_a_primary,Tier_A_full_context,c08_exclude_weak_session_bucket,midday_lull_120_240,-0.1762380357885976,0
2025.10.15 19:55:00,2025-10-15T19:55:00Z,oos,615,0,Tier A,tier_a_primary,Tier_A_full_context,c08_exclude_weak_session_bucket,midday_lull_120_240,-0.1762380357885976,0
2025.10.15 20:00:00,2025-10-15T20:00:00Z,oos,616,0,Tier A,tier_a_primary,Tier_A_full_context,c08_exclude_weak_session_bucket,midday_lull_120_240,-0.1762380357885976,0
2025.10.15 20:05:00,2025-10-15T20:05:00Z,oos,617,0,Tier A,tier_a_primary,Tier_A_full_context,c08_exclude_weak_session_bucket,midday_lull_120_240,-0.1762380357885976,0
2025.10.15 20:10:00,2025-10-15T20:10:00Z,oos,618,0,Tier A,tier_a_primary,Tier_A_full_context,c08_exclude_weak_session_bucket,midday_lull_120_240,-0.1762380357885976,0
2025.10.15 20:15:00,2025-10-15T20:15:00Z,oos,619,0,Tier A,tier_a_primary,Tier_A_full_context,c08_exclude_weak_session_bucket,midday_lull_120_240,-0.1762380357885976,0
2025.10.15 20:20:00,2025-10-15T20:20:00Z,oos,620,0,Tier A,tier_a_primary,Tier_A_full_context,c08_exclude_weak_session_bucket,midday_lull_120_240,-0.1762380357885976,0
2025.10.15 20:25:00,2025-10-15T20:25:00Z,oos,621,0,Tier A,tier_a_primary,Tier_A_full_context,c08_exclude_weak_session_bucket,midday_lull_120_240,-0.1762380357885976,0
2025.10.15 20:30:00,2025-10-15T20:30:00Z,oos,622,0,Tier A,tier_a_primary,Tier_A_full_context,c08_exclude_weak_session_bucket,midday_lull_120_240,-0.1762380357885976,0
2025.10.15 20:35:00,2025-10-15T20:35:00Z,oos,623,1,Tier A,tier_a_primary,Tier_A_full_context,c08_exclude_weak_session_bucket,late_cash_240_330,-0.17209668943772988,1
2025.10.15 20:40:00,2025-10-15T20:40:00Z,oos,624,1,Tier A,tier_a_primary,Tier_A_full_context,c08_exclude_weak_session_bucket,late_cash_240_330,-0.17209668943772988,1
2025.10.15 20:45:00,2025-10-15T20:45:00Z,oos,625,0,Tier A,tier_a_primary,Tier_A_full_context,c08_exclude_weak_session_bucket,late_cash_240_330,-0.17209668943772988,0
2025.10.15 20:50:00,2025-10-15T20:50:00Z,oos,626,1,Tier A,tier_a_primary,Tier_A_full_context,c08_exclude_weak_session_bucket,late_cash_240_330,-0.17209668943772988,1
2025.10.15 20:55:00,2025-10-15T20:55:00Z,oos,627,1,Tier A,tier_a_primary,Tier_A_full_context,c08_exclude_weak_session_bucket,late_cash_240_330,-0.17209668943772988,1
2025.10.15 21:00:00,2025-10-15T21:00:00Z,oos,628,0,Tier A,tier_a_primary,Tier_A_full_context,c08_exclude_weak_session_bucket,late_cash_240_330,-0.17209668943772988,0
2025.10.15 21:05:00,2025-10-15T21:05:00Z,oos,629,-1,Tier A,tier_a_primary,Tier_A_full_context,c08_exclude_weak_session_bucket,late_cash_240_330,-0.17209668943772988,-1
2025.10.15 21:10:00,2025-10-15T21:10:00Z,oos,630,0,Tier A,tier_a_primary,Tier_A_full_context,c08_exclude_weak_session_bucket,late_cash_240_330,-0.17209668943772988,0
2025.10.15 21:15:00,2025-10-15T21:15:00Z,oos,631,0,Tier A,tier_a_primary,Tier_A_full_context,c08_exclude_weak_session_bucket,late_cash_240_330,-0.17209668943772988,0
2025.10.15 21:20:00,2025-10-15T21:20:00Z,oos,632,0,Tier A,tier_a_primary,Tier_A_full_context,c08_exclude_weak_session_bucket,late_cash_240_330,-0.17209668943772988,0
2025.10.15 21:30:00,2025-10-15T21:30:00Z,oos,633,0,Tier A,tier_a_primary,Tier_A_full_context,c08_exclude_weak_session_bucket,late_cash_240_330,-0.17209668943772988,0
2025.10.15 21:35:00,2025-10-15T21:35:00Z,oos,634,0,Tier A,tier_a_primary,Tier_A_full_context,c08_exclude_weak_session_bucket,late_cash_240_330,-0.17209668943772988,0
2025.10.15 21:40:00,2025-10-15T21:40:00Z,oos,635,0,Tier A,tier_a_primary,Tier_A_full_context,c08_exclude_weak_session_bucket,late_cash_240_330,-0.17209668943772988,0
2025.10.15 21:50:00,2025-10-15T21:50:00Z,oos,636,0,Tier A,tier_a_primary,Tier_A_full_context,c08_exclude_weak_session_bucket,late_cash_240_330,-0.17209668943772988,0
2025.10.15 21:55:00,2025-10-15T21:55:00Z,oos,637,0,Tier A,tier_a_primary,Tier_A_full_context,c08_exclude_weak_session_bucket,late_cash_240_330,-0.17209668943772988,0
2025.10.15 22:00:00,2025-10-15T22:00:00Z,oos,638,0,Tier A,tier_a_primary,Tier_A_full_context,c08_exclude_weak_session_bucket,late_cash_240_330,-0.17209668943772988,0
2025.10.16 16:35:00,2025-10-16T16:35:00Z,oos,639,0,Tier A,tier_a_primary,Tier_A_full_context,c08_exclude_weak_session_bucket,cash_open_0_30,-0.09635811836115327,0
2025.10.16 16:40:00,2025-10-16T16:40:00Z,oos,640,0,Tier A,tier_a_primary,Tier_A_full_context,c08_exclude_weak_session_bucket,cash_open_0_30,-0.09635811836115327,0
2025.10.16 16:45:00,2025-10-16T16:45:00Z,oos,641,0,Tier A,tier_a_primary,Tier_A_full_context,c08_exclude_weak_session_bucket,cash_open_0_30,-0.09635811836115327,0
2025.10.16 16:50:00,2025-10-16T16:50:00Z,oos,642,0,Tier A,tier_a_primary,Tier_A_full_context,c08_exclude_weak_session_bucket,cash_open_0_30,-0.09635811836115327,0
2025.10.16 16:55:00,2025-10-16T16:55:00Z,oos,643,0,Tier A,tier_a_primary,Tier_A_full_context,c08_exclude_weak_session_bucket,cash_open_0_30,-0.09635811836115327,0
2025.10.16 17:00:00,2025-10-16T17:00:00Z,oos,644,0,Tier A,tier_a_primary,Tier_A_full_context,c08_exclude_weak_session_bucket,cash_open_0_30,-0.09635811836115327,0
2025.10.16 17:05:00,2025-10-16T17:05:00Z,oos,645,0,Tier A,tier_a_primary,Tier_A_full_context,c08_exclude_weak_session_bucket,early_cash_30_60,-0.12775735294117646,0
2025.10.16 17:10:00,2025-10-16T17:10:00Z,oos,646,0,Tier A,tier_a_primary,Tier_A_full_context,c08_exclude_weak_session_bucket,early_cash_30_60,-0.12775735294117646,0
2025.10.16 17:15:00,2025-10-16T17:15:00Z,oos,647,0,Tier A,tier_a_primary,Tier_A_full_context,c08_exclude_weak_session_bucket,early_cash_30_60,-0.12775735294117646,0
2025.10.16 17:20:00,2025-10-16T17:20:00Z,oos,648,0,Tier A,tier_a_primary,Tier_A_full_context,c08_exclude_weak_session_bucket,early_cash_30_60,-0.12775735294117646,0
2025.10.16 17:25:00,2025-10-16T17:25:00Z,oos,649,0,Tier A,tier_a_primary,Tier_A_full_context,c08_exclude_weak_session_bucket,early_cash_30_60,-0.12775735294117646,0
2025.10.16 17:30:00,2025-10-16T17:30:00Z,oos,650,0,Tier A,tier_a_primary,Tier_A_full_context,c08_exclude_weak_session_bucket,early_cash_30_60,-0.12775735294117646,0
2025.10.16 17:35:00,2025-10-16T17:35:00Z,oos,651,0,Tier A,tier_a_primary,Tier_A_full_context,c08_exclude_weak_session_bucket,morning_60_120,-0.1698966408268734,0
2025.10.16 17:40:00,2025-10-16T17:40:00Z,oos,652,0,Tier A,tier_a_primary,Tier_A_full_context,c08_exclude_weak_session_bucket,morning_60_120,-0.1698966408268734,0
2025.10.16 17:45:00,2025-10-16T17:45:00Z,oos,653,0,Tier A,tier_a_primary,Tier_A_full_context,c08_exclude_weak_session_bucket,morning_60_120,-0.1698966408268734,0
2025.10.16 17:50:00,2025-10-16T17:50:00Z,oos,654,0,Tier A,tier_a_primary,Tier_A_full_context,c08_exclude_weak_session_bucket,morning_60_120,-0.1698966408268734,0
2025.10.16 17:55:00,2025-10-16T17:55:00Z,oos,655,0,Tier A,tier_a_primary,Tier_A_full_context,c08_exclude_weak_session_bucket,morning_60_120,-0.1698966408268734,0
2025.10.16 18:00:00,2025-10-16T18:00:00Z,oos,656,0,Tier A,tier_a_primary,Tier_A_full_context,c08_exclude_weak_session_bucket,morning_60_120,-0.1698966408268734,0
2025.10.16 18:05:00,2025-10-16T18:05:00Z,oos,657,0,Tier A,tier_a_primary,Tier_A_full_context,c08_exclude_weak_session_bucket,morning_60_120,-0.1698966408268734,0
2025.10.16 18:10:00,2025-10-16T18:10:00Z,oos,658,0,Tier A,tier_a_primary,Tier_A_full_context,c08_exclude_weak_session_bucket,morning_60_120,-0.1698966408268734,0
2025.10.16 18:15:00,2025-10-16T18:15:00Z,oos,659,0,Tier A,tier_a_primary,Tier_A_full_context,c08_exclude_weak_session_bucket,morning_60_120,-0.1698966408268734,0
2025.10.16 18:20:00,2025-10-16T18:20:00Z,oos,660,0,Tier A,tier_a_primary,Tier_A_full_context,c08_exclude_weak_session_bucket,morning_60_120,-0.1698966408268734,0
2025.10.16 18:25:00,2025-10-16T18:25:00Z,oos,661,0,Tier A,tier_a_primary,Tier_A_full_context,c08_exclude_weak_session_bucket,morning_60_120,-0.1698966408268734,0
2025.10.16 18:30:00,2025-10-16T18:30:00Z,oos,662,0,Tier A,tier_a_primary,Tier_A_full_context,c08_exclude_weak_session_bucket,morning_60_120,-0.1698966408268734,0
2025.10.16 18:35:00,2025-10-16T18:35:00Z,oos,663,0,Tier A,tier_a_primary,Tier_A_full_context,c08_exclude_weak_session_bucket,midday_lull_120_240,-0.1762380357885976,0
2025.10.16 18:40:00,2025-10-16T18:40:00Z,oos,664,0,Tier A,tier_a_primary,Tier_A_full_context,c08_exclude_weak_session_bucket,midday_lull_120_240,-0.1762380357885976,0
2025.10.16 18:45:00,2025-10-16T18:45:00Z,oos,665,0,Tier A,tier_a_primary,Tier_A_full_context,c08_exclude_weak_session_bucket,midday_lull_120_240,-0.1762380357885976,0
2025.10.16 18:50:00,2025-10-16T18:50:00Z,oos,666,0,Tier A,tier_a_primary,Tier_A_full_context,c08_exclude_weak_session_bucket,midday_lull_120_240,-0.1762380357885976,0
2025.10.16 18:55:00,2025-10-16T18:55:00Z,oos,667,0,Tier A,tier_a_primary,Tier_A_full_context,c08_exclude_weak_session_bucket,midday_lull_120_240,-0.1762380357885976,0
2025.10.16 19:00:00,2025-10-16T19:00:00Z,oos,668,0,Tier A,tier_a_primary,Tier_A_full_context,c08_exclude_weak_session_bucket,midday_lull_120_240,-0.1762380357885976,0
2025.10.16 19:05:00,2025-10-16T19:05:00Z,oos,669,0,Tier A,tier_a_primary,Tier_A_full_context,c08_exclude_weak_session_bucket,midday_lull_120_240,-0.1762380357885976,0
2025.10.16 19:10:00,2025-10-16T19:10:00Z,oos,670,0,Tier A,tier_a_primary,Tier_A_full_context,c08_exclude_weak_session_bucket,midday_lull_120_240,-0.1762380357885976,0
2025.10.16 19:15:00,2025-10-16T19:15:00Z,oos,671,0,Tier A,tier_a_primary,Tier_A_full_context,c08_exclude_weak_session_bucket,midday_lull_120_240,-0.1762380357885976,0
2025.10.16 19:20:00,2025-10-16T19:20:00Z,oos,672,0,Tier A,tier_a_primary,Tier_A_full_context,c08_exclude_weak_session_bucket,midday_lull_120_240,-0.1762380357885976,0
2025.10.16 19:25:00,2025-10-16T19:25:00Z,oos,673,0,Tier A,tier_a_primary,Tier_A_full_context,c08_exclude_weak_session_bucket,midday_lull_120_240,-0.1762380357885976,0
2025.10.16 19:30:00,2025-10-16T19:30:00Z,oos,674,0,Tier A,tier_a_primary,Tier_A_full_context,c08_exclude_weak_session_bucket,midday_lull_120_240,-0.1762380357885976,0
2025.10.16 19:35:00,2025-10-16T19:35:00Z,oos,675,0,Tier A,tier_a_primary,Tier_A_full_context,c08_exclude_weak_session_bucket,midday_lull_120_240,-0.1762380357885976,0
2025.10.16 19:40:00,2025-10-16T19:40:00Z,oos,676,0,Tier A,tier_a_primary,Tier_A_full_context,c08_exclude_weak_session_bucket,midday_lull_120_240,-0.1762380357885976,0
2025.10.16 19:45:00,2025-10-16T19:45:00Z,oos,677,0,Tier A,tier_a_primary,Tier_A_full_context,c08_exclude_weak_session_bucket,midday_lull_120_240,-0.1762380357885976,0
2025.10.16 19:50:00,2025-10-16T19:50:00Z,oos,678,0,Tier A,tier_a_primary,Tier_A_full_context,c08_exclude_weak_session_bucket,midday_lull_120_240,-0.1762380357885976,0
2025.10.16 19:55:00,2025-10-16T19:55:00Z,oos,679,0,Tier A,tier_a_primary,Tier_A_full_context,c08_exclude_weak_session_bucket,midday_lull_120_240,-0.1762380357885976,0
2025.10.16 20:00:00,2025-10-16T20:00:00Z,oos,680,0,Tier A,tier_a_primary,Tier_A_full_context,c08_exclude_weak_session_bucket,midday_lull_120_240,-0.1762380357885976,0
2025.10.16 20:05:00,2025-10-16T20:05:00Z,oos,681,0,Tier A,tier_a_primary,Tier_A_full_context,c08_exclude_weak_session_bucket,midday_lull_120_240,-0.1762380357885976,0
2025.10.16 20:10:00,2025-10-16T20:10:00Z,oos,682,0,Tier A,tier_a_primary,Tier_A_full_context,c08_exclude_weak_session_bucket,midday_lull_120_240,-0.1762380357885976,0
2025.10.16 20:15:00,2025-10-16T20:15:00Z,oos,683,0,Tier A,tier_a_primary,Tier_A_full_context,c08_exclude_weak_session_bucket,midday_lull_120_240,-0.1762380357885976,0
2025.10.16 20:20:00,2025-10-16T20:20:00Z,oos,684,0,Tier A,tier_a_primary,Tier_A_full_context,c08_exclude_weak_session_bucket,midday_lull_120_240,-0.1762380357885976,0
2025.10.16 20:25:00,2025-10-16T20:25:00Z,oos,685,0,Tier A,tier_a_primary,Tier_A_full_context,c08_exclude_weak_session_bucket,midday_lull_120_240,-0.1762380357885976,0
2025.10.16 20:30:00,2025-10-16T20:30:00Z,oos,686,0,Tier A,tier_a_primary,Tier_A_full_context,c08_exclude_weak_session_bucket,midday_lull_120_240,-0.1762380357885976,0
2025.10.16 20:35:00,2025-10-16T20:35:00Z,oos,687,0,Tier A,tier_a_primary,Tier_A_full_context,c08_exclude_weak_session_bucket,late_cash_240_330,-0.17209668943772988,0
2025.10.16 20:40:00,2025-10-16T20:40:00Z,oos,688,0,Tier A,tier_a_primary,Tier_A_full_context,c08_exclude_weak_session_bucket,late_cash_240_330,-0.17209668943772988,0
2025.10.16 20:45:00,2025-10-16T20:45:00Z,oos,689,0,Tier A,tier_a_primary,Tier_A_full_context,c08_exclude_weak_session_bucket,late_cash_240_330,-0.17209668943772988,0
2025.10.16 20:50:00,2025-10-16T20:50:00Z,oos,690,0,Tier A,tier_a_primary,Tier_A_full_context,c08_exclude_weak_session_bucket,late_cash_240_330,-0.17209668943772988,0
2025.10.16 20:55:00,2025-10-16T20:55:00Z,oos,691,0,Tier A,tier_a_primary,Tier_A_full_context,c08_exclude_weak_session_bucket,late_cash_240_330,-0.17209668943772988,0
2025.10.16 21:00:00,2025-10-16T21:00:00Z,oos,692,0,Tier A,tier_a_primary,Tier_A_full_context,c08_exclude_weak_session_bucket,late_cash_240_330,-0.17209668943772988,0
2025.10.16 21:05:00,2025-10-16T21:05:00Z,oos,693,-1,Tier A,tier_a_primary,Tier_A_full_context,c08_exclude_weak_session_bucket,late_cash_240_330,-0.17209668943772988,-1
2025.10.16 21:10:00,2025-10-16T21:10:00Z,oos,694,0,Tier A,tier_a_primary,Tier_A_full_context,c08_exclude_weak_session_bucket,late_cash_240_330,-0.17209668943772988,0
2025.10.16 21:15:00,2025-10-16T21:15:00Z,oos,695,-1,Tier A,tier_a_primary,Tier_A_full_context,c08_exclude_weak_session_bucket,late_cash_240_330,-0.17209668943772988,-1
2025.10.16 21:20:00,2025-10-16T21:20:00Z,oos,696,0,Tier A,tier_a_primary,Tier_A_full_context,c08_exclude_weak_session_bucket,late_cash_240_330,-0.17209668943772988,0
2025.10.16 21:25:00,2025-10-16T21:25:00Z,oos,697,1,Tier A,tier_a_primary,Tier_A_full_context,c08_exclude_weak_session_bucket,late_cash_240_330,-0.17209668943772988,1
2025.10.16 21:30:00,2025-10-16T21:30:00Z,oos,698,0,Tier A,tier_a_primary,Tier_A_full_context,c08_exclude_weak_session_bucket,late_cash_240_330,-0.17209668943772988,0
2025.10.16 21:35:00,2025-10-16T21:35:00Z,oos,699,0,Tier A,tier_a_primary,Tier_A_full_context,c08_exclude_weak_session_bucket,late_cash_240_330,-0.17209668943772988,0
2025.10.16 21:40:00,2025-10-16T21:40:00Z,oos,700,1,Tier A,tier_a_primary,Tier_A_full_context,c08_exclude_weak_session_bucket,late_cash_240_330,-0.17209668943772988,1
2025.10.16 21:45:00,2025-10-16T21:45:00Z,oos,701,1,Tier A,tier_a_primary,Tier_A_full_context,c08_exclude_weak_session_bucket,late_cash_240_330,-0.17209668943772988,1
2025.10.16 21:50:00,2025-10-16T21:50:00Z,oos,702,0,Tier A,tier_a_primary,Tier_A_full_context,c08_exclude_weak_session_bucket,late_cash_240_330,-0.17209668943772988,0
2025.10.16 21:55:00,2025-10-16T21:55:00Z,oos,703,1,Tier A,tier_a_primary,Tier_A_full_context,c08_exclude_weak_session_bucket,late_cash_240_330,-0.17209668943772988,1
2025.10.16 22:00:00,2025-10-16T22:00:00Z,oos,704,0,Tier A,tier_a_primary,Tier_A_full_context,c08_exclude_weak_session_bucket,late_cash_240_330,-0.17209668943772988,0
2025.10.17 16:35:00,2025-10-17T16:35:00Z,oos,705,1,Tier A,tier_a_primary,Tier_A_full_context,c08_exclude_weak_session_bucket,cash_open_0_30,-0.09635811836115327,1
2025.10.17 16:40:00,2025-10-17T16:40:00Z,oos,706,-1,Tier A,tier_a_primary,Tier_A_full_context,c08_exclude_weak_session_bucket,cash_open_0_30,-0.09635811836115327,-1
2025.10.17 16:45:00,2025-10-17T16:45:00Z,oos,707,-1,Tier A,tier_a_primary,Tier_A_full_context,c08_exclude_weak_session_bucket,cash_open_0_30,-0.09635811836115327,-1
2025.10.17 16:50:00,2025-10-17T16:50:00Z,oos,708,1,Tier A,tier_a_primary,Tier_A_full_context,c08_exclude_weak_session_bucket,cash_open_0_30,-0.09635811836115327,1
2025.10.17 16:55:00,2025-10-17T16:55:00Z,oos,709,1,Tier A,tier_a_primary,Tier_A_full_context,c08_exclude_weak_session_bucket,cash_open_0_30,-0.09635811836115327,1
2025.10.17 17:00:00,2025-10-17T17:00:00Z,oos,710,0,Tier A,tier_a_primary,Tier_A_full_context,c08_exclude_weak_session_bucket,cash_open_0_30,-0.09635811836115327,0
2025.10.17 17:05:00,2025-10-17T17:05:00Z,oos,711,0,Tier A,tier_a_primary,Tier_A_full_context,c08_exclude_weak_session_bucket,early_cash_30_60,-0.12775735294117646,0
2025.10.17 17:10:00,2025-10-17T17:10:00Z,oos,712,-1,Tier A,tier_a_primary,Tier_A_full_context,c08_exclude_weak_session_bucket,early_cash_30_60,-0.12775735294117646,-1
2025.10.17 17:15:00,2025-10-17T17:15:00Z,oos,713,1,Tier A,tier_a_primary,Tier_A_full_context,c08_exclude_weak_session_bucket,early_cash_30_60,-0.12775735294117646,1
2025.10.17 17:20:00,2025-10-17T17:20:00Z,oos,714,-1,Tier A,tier_a_primary,Tier_A_full_context,c08_exclude_weak_session_bucket,early_cash_30_60,-0.12775735294117646,-1
2025.10.17 17:25:00,2025-10-17T17:25:00Z,oos,715,0,Tier A,tier_a_primary,Tier_A_full_context,c08_exclude_weak_session_bucket,early_cash_30_60,-0.12775735294117646,0
2025.10.17 17:30:00,2025-10-17T17:30:00Z,oos,716,0,Tier A,tier_a_primary,Tier_A_full_context,c08_exclude_weak_session_bucket,early_cash_30_60,-0.12775735294117646,0
2025.10.17 17:35:00,2025-10-17T17:35:00Z,oos,717,-1,Tier A,tier_a_primary,Tier_A_full_context,c08_exclude_weak_session_bucket,morning_60_120,-0.1698966408268734,-1
2025.10.17 17:40:00,2025-10-17T17:40:00Z,oos,718,-1,Tier A,tier_a_primary,Tier_A_full_context,c08_exclude_weak_session_bucket,morning_60_120,-0.1698966408268734,-1
2025.10.17 17:45:00,2025-10-17T17:45:00Z,oos,719,0,Tier A,tier_a_primary,Tier_A_full_context,c08_exclude_weak_session_bucket,morning_60_120,-0.1698966408268734,0
2025.10.17 17:50:00,2025-10-17T17:50:00Z,oos,720,0,Tier A,tier_a_primary,Tier_A_full_context,c08_exclude_weak_session_bucket,morning_60_120,-0.1698966408268734,0
2025.10.17 17:55:00,2025-10-17T17:55:00Z,oos,721,0,Tier A,tier_a_primary,Tier_A_full_context,c08_exclude_weak_session_bucket,morning_60_120,-0.1698966408268734,0
2025.10.17 18:00:00,2025-10-17T18:00:00Z,oos,722,0,Tier A,tier_a_primary,Tier_A_full_context,c08_exclude_weak_session_bucket,morning_60_120,-0.1698966408268734,0
2025.10.17 18:05:00,2025-10-17T18:05:00Z,oos,723,0,Tier A,tier_a_primary,Tier_A_full_context,c08_exclude_weak_session_bucket,morning_60_120,-0.1698966408268734,0
2025.10.17 18:10:00,2025-10-17T18:10:00Z,oos,724,0,Tier A,tier_a_primary,Tier_A_full_context,c08_exclude_weak_session_bucket,morning_60_120,-0.1698966408268734,0
2025.10.17 18:15:00,2025-10-17T18:15:00Z,oos,725,0,Tier A,tier_a_primary,Tier_A_full_context,c08_exclude_weak_session_bucket,morning_60_120,-0.1698966408268734,0
2025.10.17 18:20:00,2025-10-17T18:20:00Z,oos,726,0,Tier A,tier_a_primary,Tier_A_full_context,c08_exclude_weak_session_bucket,morning_60_120,-0.1698966408268734,0
2025.10.17 18:25:00,2025-10-17T18:25:00Z,oos,727,0,Tier A,tier_a_primary,Tier_A_full_context,c08_exclude_weak_session_bucket,morning_60_120,-0.1698966408268734,0
2025.10.17 18:30:00,2025-10-17T18:30:00Z,oos,728,0,Tier A,tier_a_primary,Tier_A_full_context,c08_exclude_weak_session_bucket,morning_60_120,-0.1698966408268734,0
2025.10.17 18:35:00,2025-10-17T18:35:00Z,oos,729,0,Tier A,tier_a_primary,Tier_A_full_context,c08_exclude_weak_session_bucket,midday_lull_120_240,-0.1762380357885976,0
2025.10.17 18:40:00,2025-10-17T18:40:00Z,oos,730,0,Tier A,tier_a_primary,Tier_A_full_context,c08_exclude_weak_session_bucket,midday_lull_120_240,-0.1762380357885976,0
2025.10.17 18:45:00,2025-10-17T18:45:00Z,oos,731,0,Tier A,tier_a_primary,Tier_A_full_context,c08_exclude_weak_session_bucket,midday_lull_120_240,-0.1762380357885976,0
2025.10.17 18:50:00,2025-10-17T18:50:00Z,oos,732,0,Tier A,tier_a_primary,Tier_A_full_context,c08_exclude_weak_session_bucket,midday_lull_120_240,-0.1762380357885976,0
2025.10.17 18:55:00,2025-10-17T18:55:00Z,oos,733,0,Tier A,tier_a_primary,Tier_A_full_context,c08_exclude_weak_session_bucket,midday_lull_120_240,-0.1762380357885976,0
2025.10.17 19:00:00,2025-10-17T19:00:00Z,oos,734,0,Tier A,tier_a_primary,Tier_A_full_context,c08_exclude_weak_session_bucket,midday_lull_120_240,-0.1762380357885976,0
2025.10.17 19:05:00,2025-10-17T19:05:00Z,oos,735,0,Tier A,tier_a_primary,Tier_A_full_context,c08_exclude_weak_session_bucket,midday_lull_120_240,-0.1762380357885976,0
2025.10.17 19:10:00,2025-10-17T19:10:00Z,oos,736,0,Tier A,tier_a_primary,Tier_A_full_context,c08_exclude_weak_session_bucket,midday_lull_120_240,-0.1762380357885976,0
2025.10.17 19:15:00,2025-10-17T19:15:00Z,oos,737,0,Tier A,tier_a_primary,Tier_A_full_context,c08_exclude_weak_session_bucket,midday_lull_120_240,-0.1762380357885976,0
2025.10.17 19:20:00,2025-10-17T19:20:00Z,oos,738,0,Tier A,tier_a_primary,Tier_A_full_context,c08_exclude_weak_session_bucket,midday_lull_120_240,-0.1762380357885976,0
2025.10.17 19:25:00,2025-10-17T19:25:00Z,oos,739,0,Tier A,tier_a_primary,Tier_A_full_context,c08_exclude_weak_session_bucket,midday_lull_120_240,-0.1762380357885976,0
2025.10.17 19:30:00,2025-10-17T19:30:00Z,oos,740,0,Tier A,tier_a_primary,Tier_A_full_context,c08_exclude_weak_session_bucket,midday_lull_120_240,-0.1762380357885976,0
2025.10.17 19:35:00,2025-10-17T19:35:00Z,oos,741,0,Tier A,tier_a_primary,Tier_A_full_context,c08_exclude_weak_session_bucket,midday_lull_120_240,-0.1762380357885976,0
2025.10.17 19:40:00,2025-10-17T19:40:00Z,oos,742,0,Tier A,tier_a_primary,Tier_A_full_context,c08_exclude_weak_session_bucket,midday_lull_120_240,-0.1762380357885976,0
2025.10.17 19:45:00,2025-10-17T19:45:00Z,oos,743,0,Tier A,tier_a_primary,Tier_A_full_context,c08_exclude_weak_session_bucket,midday_lull_120_240,-0.1762380357885976,0
2025.10.17 19:50:00,2025-10-17T19:50:00Z,oos,744,0,Tier A,tier_a_primary,Tier_A_full_context,c08_exclude_weak_session_bucket,midday_lull_120_240,-0.1762380357885976,0
2025.10.17 19:55:00,2025-10-17T19:55:00Z,oos,745,0,Tier A,tier_a_primary,Tier_A_full_context,c08_exclude_weak_session_bucket,midday_lull_120_240,-0.1762380357885976,0
2025.10.17 20:00:00,2025-10-17T20:00:00Z,oos,746,0,Tier A,tier_a_primary,Tier_A_full_context,c08_exclude_weak_session_bucket,midday_lull_120_240,-0.1762380357885976,0
2025.10.17 20:05:00,2025-10-17T20:05:00Z,oos,747,0,Tier A,tier_a_primary,Tier_A_full_context,c08_exclude_weak_session_bucket,midday_lull_120_240,-0.1762380357885976,0
2025.10.17 20:10:00,2025-10-17T20:10:00Z,oos,748,0,Tier A,tier_a_primary,Tier_A_full_context,c08_exclude_weak_session_bucket,midday_lull_120_240,-0.1762380357885976,0
2025.10.17 20:15:00,2025-10-17T20:15:00Z,oos,749,0,Tier A,tier_a_primary,Tier_A_full_context,c08_exclude_weak_session_bucket,midday_lull_120_240,-0.1762380357885976,0
2025.10.17 20:20:00,2025-10-17T20:20:00Z,oos,750,0,Tier A,tier_a_primary,Tier_A_full_context,c08_exclude_weak_session_bucket,midday_lull_120_240,-0.1762380357885976,0
2025.10.17 20:25:00,2025-10-17T20:25:00Z,oos,751,0,Tier A,tier_a_primary,Tier_A_full_context,c08_exclude_weak_session_bucket,midday_lull_120_240,-0.1762380357885976,0
2025.10.17 20:30:00,2025-10-17T20:30:00Z,oos,752,0,Tier A,tier_a_primary,Tier_A_full_context,c08_exclude_weak_session_bucket,midday_lull_120_240,-0.1762380357885976,0
2025.10.17 20:35:00,2025-10-17T20:35:00Z,oos,753,0,Tier A,tier_a_primary,Tier_A_full_context,c08_exclude_weak_session_bucket,late_cash_240_330,-0.17209668943772988,0
2025.10.17 20:40:00,2025-10-17T20:40:00Z,oos,754,0,Tier A,tier_a_primary,Tier_A_full_context,c08_exclude_weak_session_bucket,late_cash_240_330,-0.17209668943772988,0
2025.10.17 20:45:00,2025-10-17T20:45:00Z,oos,755,0,Tier A,tier_a_primary,Tier_A_full_context,c08_exclude_weak_session_bucket,late_cash_240_330,-0.17209668943772988,0
2025.10.17 20:50:00,2025-10-17T20:50:00Z,oos,756,0,Tier A,tier_a_primary,Tier_A_full_context,c08_exclude_weak_session_bucket,late_cash_240_330,-0.17209668943772988,0
2025.10.17 20:55:00,2025-10-17T20:55:00Z,oos,757,0,Tier A,tier_a_primary,Tier_A_full_context,c08_exclude_weak_session_bucket,late_cash_240_330,-0.17209668943772988,0
2025.10.17 21:00:00,2025-10-17T21:00:00Z,oos,758,0,Tier A,tier_a_primary,Tier_A_full_context,c08_exclude_weak_session_bucket,late_cash_240_330,-0.17209668943772988,0
2025.10.17 21:05:00,2025-10-17T21:05:00Z,oos,759,0,Tier A,tier_a_primary,Tier_A_full_context,c08_exclude_weak_session_bucket,late_cash_240_330,-0.17209668943772988,0
2025.10.17 21:10:00,2025-10-17T21:10:00Z,oos,760,0,Tier A,tier_a_primary,Tier_A_full_context,c08_exclude_weak_session_bucket,late_cash_240_330,-0.17209668943772988,0
2025.10.17 21:15:00,2025-10-17T21:15:00Z,oos,761,0,Tier A,tier_a_primary,Tier_A_full_context,c08_exclude_weak_session_bucket,late_cash_240_330,-0.17209668943772988,0
2025.10.17 21:20:00,2025-10-17T21:20:00Z,oos,762,0,Tier A,tier_a_primary,Tier_A_full_context,c08_exclude_weak_session_bucket,late_cash_240_330,-0.17209668943772988,0
2025.10.17 21:25:00,2025-10-17T21:25:00Z,oos,763,0,Tier A,tier_a_primary,Tier_A_full_context,c08_exclude_weak_session_bucket,late_cash_240_330,-0.17209668943772988,0
2025.10.17 21:30:00,2025-10-17T21:30:00Z,oos,764,0,Tier A,tier_a_primary,Tier_A_full_context,c08_exclude_weak_session_bucket,late_cash_240_330,-0.17209668943772988,0
2025.10.17 21:35:00,2025-10-17T21:35:00Z,oos,765,0,Tier A,tier_a_primary,Tier_A_full_context,c08_exclude_weak_session_bucket,late_cash_240_330,-0.17209668943772988,0
2025.10.17 21:40:00,2025-10-17T21:40:00Z,oos,766,0,Tier A,tier_a_primary,Tier_A_full_context,c08_exclude_weak_session_bucket,late_cash_240_330,-0.17209668943772988,0
2025.10.17 21:45:00,2025-10-17T21:45:00Z,oos,767,0,Tier A,tier_a_primary,Tier_A_full_context,c08_exclude_weak_session_bucket,late_cash_240_330,-0.17209668943772988,0
2025.10.17 21:50:00,2025-10-17T21:50:00Z,oos,768,0,Tier A,tier_a_primary,Tier_A_full_context,c08_exclude_weak_session_bucket,late_cash_240_330,-0.17209668943772988,0
2025.10.17 21:55:00,2025-10-17T21:55:00Z,oos,769,0,Tier A,tier_a_primary,Tier_A_full_context,c08_exclude_weak_session_bucket,late_cash_240_330,-0.17209668943772988,0
2025.10.17 22:00:00,2025-10-17T22:00:00Z,oos,770,0,Tier A,tier_a_primary,Tier_A_full_context,c08_exclude_weak_session_bucket,late_cash_240_330,-0.17209668943772988,0
2025.10.20 16:35:00,2025-10-20T16:35:00Z,oos,771,1,Tier A,tier_a_primary,Tier_A_full_context,c08_exclude_weak_session_bucket,cash_open_0_30,-0.09635811836115327,1
2025.10.20 16:40:00,2025-10-20T16:40:00Z,oos,772,1,Tier A,tier_a_primary,Tier_A_full_context,c08_exclude_weak_session_bucket,cash_open_0_30,-0.09635811836115327,1
2025.10.20 16:45:00,2025-10-20T16:45:00Z,oos,773,-1,Tier A,tier_a_primary,Tier_A_full_context,c08_exclude_weak_session_bucket,cash_open_0_30,-0.09635811836115327,-1
2025.10.20 16:50:00,2025-10-20T16:50:00Z,oos,774,1,Tier A,tier_a_primary,Tier_A_full_context,c08_exclude_weak_session_bucket,cash_open_0_30,-0.09635811836115327,1
2025.10.20 16:55:00,2025-10-20T16:55:00Z,oos,775,0,Tier A,tier_a_primary,Tier_A_full_context,c08_exclude_weak_session_bucket,cash_open_0_30,-0.09635811836115327,0
2025.10.20 17:00:00,2025-10-20T17:00:00Z,oos,776,0,Tier A,tier_a_primary,Tier_A_full_context,c08_exclude_weak_session_bucket,cash_open_0_30,-0.09635811836115327,0
2025.10.20 17:05:00,2025-10-20T17:05:00Z,oos,777,0,Tier A,tier_a_primary,Tier_A_full_context,c08_exclude_weak_session_bucket,early_cash_30_60,-0.12775735294117646,0
2025.10.20 17:10:00,2025-10-20T17:10:00Z,oos,778,0,Tier A,tier_a_primary,Tier_A_full_context,c08_exclude_weak_session_bucket,early_cash_30_60,-0.12775735294117646,0
2025.10.20 17:15:00,2025-10-20T17:15:00Z,oos,779,-1,Tier A,tier_a_primary,Tier_A_full_context,c08_exclude_weak_session_bucket,early_cash_30_60,-0.12775735294117646,-1
2025.10.20 17:20:00,2025-10-20T17:20:00Z,oos,780,-1,Tier A,tier_a_primary,Tier_A_full_context,c08_exclude_weak_session_bucket,early_cash_30_60,-0.12775735294117646,-1
2025.10.20 17:25:00,2025-10-20T17:25:00Z,oos,781,0,Tier A,tier_a_primary,Tier_A_full_context,c08_exclude_weak_session_bucket,early_cash_30_60,-0.12775735294117646,0
2025.10.20 17:30:00,2025-10-20T17:30:00Z,oos,782,1,Tier A,tier_a_primary,Tier_A_full_context,c08_exclude_weak_session_bucket,early_cash_30_60,-0.12775735294117646,1
2025.10.20 17:35:00,2025-10-20T17:35:00Z,oos,783,-1,Tier A,tier_a_primary,Tier_A_full_context,c08_exclude_weak_session_bucket,morning_60_120,-0.1698966408268734,-1
2025.10.20 17:40:00,2025-10-20T17:40:00Z,oos,784,0,Tier A,tier_a_primary,Tier_A_full_context,c08_exclude_weak_session_bucket,morning_60_120,-0.1698966408268734,0
2025.10.20 17:45:00,2025-10-20T17:45:00Z,oos,785,0,Tier A,tier_a_primary,Tier_A_full_context,c08_exclude_weak_session_bucket,morning_60_120,-0.1698966408268734,0
2025.10.20 17:50:00,2025-10-20T17:50:00Z,oos,786,0,Tier A,tier_a_primary,Tier_A_full_context,c08_exclude_weak_session_bucket,morning_60_120,-0.1698966408268734,0
2025.10.20 17:55:00,2025-10-20T17:55:00Z,oos,787,0,Tier A,tier_a_primary,Tier_A_full_context,c08_exclude_weak_session_bucket,morning_60_120,-0.1698966408268734,0
2025.10.20 18:00:00,2025-10-20T18:00:00Z,oos,788,0,Tier A,tier_a_primary,Tier_A_full_context,c08_exclude_weak_session_bucket,morning_60_120,-0.1698966408268734,0
2025.10.20 18:05:00,2025-10-20T18:05:00Z,oos,789,0,Tier A,tier_a_primary,Tier_A_full_context,c08_exclude_weak_session_bucket,morning_60_120,-0.1698966408268734,0
2025.10.20 18:10:00,2025-10-20T18:10:00Z,oos,790,0,Tier A,tier_a_primary,Tier_A_full_context,c08_exclude_weak_session_bucket,morning_60_120,-0.1698966408268734,0
2025.10.20 18:15:00,2025-10-20T18:15:00Z,oos,791,-1,Tier A,tier_a_primary,Tier_A_full_context,c08_exclude_weak_session_bucket,morning_60_120,-0.1698966408268734,-1
2025.10.20 18:20:00,2025-10-20T18:20:00Z,oos,792,1,Tier A,tier_a_primary,Tier_A_full_context,c08_exclude_weak_session_bucket,morning_60_120,-0.1698966408268734,1
2025.10.20 18:25:00,2025-10-20T18:25:00Z,oos,793,0,Tier A,tier_a_primary,Tier_A_full_context,c08_exclude_weak_session_bucket,morning_60_120,-0.1698966408268734,0
2025.10.20 18:30:00,2025-10-20T18:30:00Z,oos,794,0,Tier A,tier_a_primary,Tier_A_full_context,c08_exclude_weak_session_bucket,morning_60_120,-0.1698966408268734,0
2025.10.20 18:35:00,2025-10-20T18:35:00Z,oos,795,0,Tier A,tier_a_primary,Tier_A_full_context,c08_exclude_weak_session_bucket,midday_lull_120_240,-0.1762380357885976,0
2025.10.20 18:45:00,2025-10-20T18:45:00Z,oos,796,0,Tier A,tier_a_primary,Tier_A_full_context,c08_exclude_weak_session_bucket,midday_lull_120_240,-0.1762380357885976,0
2025.10.20 18:50:00,2025-10-20T18:50:00Z,oos,797,0,Tier A,tier_a_primary,Tier_A_full_context,c08_exclude_weak_session_bucket,midday_lull_120_240,-0.1762380357885976,0
2025.10.20 18:55:00,2025-10-20T18:55:00Z,oos,798,0,Tier A,tier_a_primary,Tier_A_full_context,c08_exclude_weak_session_bucket,midday_lull_120_240,-0.1762380357885976,0
2025.10.20 19:00:00,2025-10-20T19:00:00Z,oos,799,0,Tier A,tier_a_primary,Tier_A_full_context,c08_exclude_weak_session_bucket,midday_lull_120_240,-0.1762380357885976,0
2025.10.20 19:05:00,2025-10-20T19:05:00Z,oos,800,0,Tier A,tier_a_primary,Tier_A_full_context,c08_exclude_weak_session_bucket,midday_lull_120_240,-0.1762380357885976,0
2025.10.20 19:10:00,2025-10-20T19:10:00Z,oos,801,0,Tier A,tier_a_primary,Tier_A_full_context,c08_exclude_weak_session_bucket,midday_lull_120_240,-0.1762380357885976,0
2025.10.20 19:15:00,2025-10-20T19:15:00Z,oos,802,0,Tier A,tier_a_primary,Tier_A_full_context,c08_exclude_weak_session_bucket,midday_lull_120_240,-0.1762380357885976,0
2025.10.20 19:20:00,2025-10-20T19:20:00Z,oos,803,0,Tier A,tier_a_primary,Tier_A_full_context,c08_exclude_weak_session_bucket,midday_lull_120_240,-0.1762380357885976,0
2025.10.20 19:25:00,2025-10-20T19:25:00Z,oos,804,0,Tier A,tier_a_primary,Tier_A_full_context,c08_exclude_weak_session_bucket,midday_lull_120_240,-0.1762380357885976,0
2025.10.20 19:30:00,2025-10-20T19:30:00Z,oos,805,0,Tier A,tier_a_primary,Tier_A_full_context,c08_exclude_weak_session_bucket,midday_lull_120_240,-0.1762380357885976,0
2025.10.20 19:35:00,2025-10-20T19:35:00Z,oos,806,0,Tier A,tier_a_primary,Tier_A_full_context,c08_exclude_weak_session_bucket,midday_lull_120_240,-0.1762380357885976,0
2025.10.20 19:40:00,2025-10-20T19:40:00Z,oos,807,0,Tier A,tier_a_primary,Tier_A_full_context,c08_exclude_weak_session_bucket,midday_lull_120_240,-0.1762380357885976,0
2025.10.20 19:45:00,2025-10-20T19:45:00Z,oos,808,0,Tier A,tier_a_primary,Tier_A_full_context,c08_exclude_weak_session_bucket,midday_lull_120_240,-0.1762380357885976,0
2025.10.20 19:50:00,2025-10-20T19:50:00Z,oos,809,0,Tier A,tier_a_primary,Tier_A_full_context,c08_exclude_weak_session_bucket,midday_lull_120_240,-0.1762380357885976,0
2025.10.20 19:55:00,2025-10-20T19:55:00Z,oos,810,0,Tier A,tier_a_primary,Tier_A_full_context,c08_exclude_weak_session_bucket,midday_lull_120_240,-0.1762380357885976,0
2025.10.20 20:00:00,2025-10-20T20:00:00Z,oos,811,0,Tier A,tier_a_primary,Tier_A_full_context,c08_exclude_weak_session_bucket,midday_lull_120_240,-0.1762380357885976,0
2025.10.20 20:15:00,2025-10-20T20:15:00Z,oos,812,0,Tier A,tier_a_primary,Tier_A_full_context,c08_exclude_weak_session_bucket,midday_lull_120_240,-0.1762380357885976,0
2025.10.20 20:20:00,2025-10-20T20:20:00Z,oos,813,0,Tier A,tier_a_primary,Tier_A_full_context,c08_exclude_weak_session_bucket,midday_lull_120_240,-0.1762380357885976,0
2025.10.20 20:25:00,2025-10-20T20:25:00Z,oos,814,0,Tier A,tier_a_primary,Tier_A_full_context,c08_exclude_weak_session_bucket,midday_lull_120_240,-0.1762380357885976,0
2025.10.20 20:30:00,2025-10-20T20:30:00Z,oos,815,0,Tier A,tier_a_primary,Tier_A_full_context,c08_exclude_weak_session_bucket,midday_lull_120_240,-0.1762380357885976,0
2025.10.20 20:35:00,2025-10-20T20:35:00Z,oos,816,0,Tier A,tier_a_primary,Tier_A_full_context,c08_exclude_weak_session_bucket,late_cash_240_330,-0.17209668943772988,0
2025.10.20 20:45:00,2025-10-20T20:45:00Z,oos,817,0,Tier A,tier_a_primary,Tier_A_full_context,c08_exclude_weak_session_bucket,late_cash_240_330,-0.17209668943772988,0
2025.10.20 20:50:00,2025-10-20T20:50:00Z,oos,818,0,Tier A,tier_a_primary,Tier_A_full_context,c08_exclude_weak_session_bucket,late_cash_240_330,-0.17209668943772988,0
2025.10.20 21:00:00,2025-10-20T21:00:00Z,oos,819,0,Tier A,tier_a_primary,Tier_A_full_context,c08_exclude_weak_session_bucket,late_cash_240_330,-0.17209668943772988,0
2025.10.20 21:05:00,2025-10-20T21:05:00Z,oos,820,0,Tier A,tier_a_primary,Tier_A_full_context,c08_exclude_weak_session_bucket,late_cash_240_330,-0.17209668943772988,0
2025.10.20 21:10:00,2025-10-20T21:10:00Z,oos,821,0,Tier A,tier_a_primary,Tier_A_full_context,c08_exclude_weak_session_bucket,late_cash_240_330,-0.17209668943772988,0
2025.10.20 21:15:00,2025-10-20T21:15:00Z,oos,822,0,Tier A,tier_a_primary,Tier_A_full_context,c08_exclude_weak_session_bucket,late_cash_240_330,-0.17209668943772988,0
2025.10.20 21:20:00,2025-10-20T21:20:00Z,oos,823,-1,Tier A,tier_a_primary,Tier_A_full_context,c08_exclude_weak_session_bucket,late_cash_240_330,-0.17209668943772988,-1
2025.10.20 21:30:00,2025-10-20T21:30:00Z,oos,824,0,Tier A,tier_a_primary,Tier_A_full_context,c08_exclude_weak_session_bucket,late_cash_240_330,-0.17209668943772988,0
2025.10.20 21:35:00,2025-10-20T21:35:00Z,oos,825,0,Tier A,tier_a_primary,Tier_A_full_context,c08_exclude_weak_session_bucket,late_cash_240_330,-0.17209668943772988,0
2025.10.20 21:40:00,2025-10-20T21:40:00Z,oos,826,-1,Tier A,tier_a_primary,Tier_A_full_context,c08_exclude_weak_session_bucket,late_cash_240_330,-0.17209668943772988,-1
2025.10.20 21:45:00,2025-10-20T21:45:00Z,oos,827,0,Tier A,tier_a_primary,Tier_A_full_context,c08_exclude_weak_session_bucket,late_cash_240_330,-0.17209668943772988,0
2025.10.20 21:50:00,2025-10-20T21:50:00Z,oos,828,-1,Tier A,tier_a_primary,Tier_A_full_context,c08_exclude_weak_session_bucket,late_cash_240_330,-0.17209668943772988,-1
2025.10.20 21:55:00,2025-10-20T21:55:00Z,oos,829,0,Tier A,tier_a_primary,Tier_A_full_context,c08_exclude_weak_session_bucket,late_cash_240_330,-0.17209668943772988,0
2025.10.20 22:00:00,2025-10-20T22:00:00Z,oos,830,1,Tier A,tier_a_primary,Tier_A_full_context,c08_exclude_weak_session_bucket,late_cash_240_330,-0.17209668943772988,1
2025.10.21 16:35:00,2025-10-21T16:35:00Z,oos,831,0,Tier A,tier_a_primary,Tier_A_full_context,c08_exclude_weak_session_bucket,cash_open_0_30,-0.09635811836115327,0
2025.10.21 16:40:00,2025-10-21T16:40:00Z,oos,832,0,Tier A,tier_a_primary,Tier_A_full_context,c08_exclude_weak_session_bucket,cash_open_0_30,-0.09635811836115327,0
2025.10.21 16:45:00,2025-10-21T16:45:00Z,oos,833,0,Tier A,tier_a_primary,Tier_A_full_context,c08_exclude_weak_session_bucket,cash_open_0_30,-0.09635811836115327,0
2025.10.21 16:50:00,2025-10-21T16:50:00Z,oos,834,0,Tier A,tier_a_primary,Tier_A_full_context,c08_exclude_weak_session_bucket,cash_open_0_30,-0.09635811836115327,0
2025.10.21 16:55:00,2025-10-21T16:55:00Z,oos,835,0,Tier A,tier_a_primary,Tier_A_full_context,c08_exclude_weak_session_bucket,cash_open_0_30,-0.09635811836115327,0
2025.10.21 17:00:00,2025-10-21T17:00:00Z,oos,836,-1,Tier A,tier_a_primary,Tier_A_full_context,c08_exclude_weak_session_bucket,cash_open_0_30,-0.09635811836115327,-1
2025.10.21 17:05:00,2025-10-21T17:05:00Z,oos,837,0,Tier A,tier_a_primary,Tier_A_full_context,c08_exclude_weak_session_bucket,early_cash_30_60,-0.12775735294117646,0
2025.10.21 17:10:00,2025-10-21T17:10:00Z,oos,838,0,Tier A,tier_a_primary,Tier_A_full_context,c08_exclude_weak_session_bucket,early_cash_30_60,-0.12775735294117646,0
2025.10.21 17:15:00,2025-10-21T17:15:00Z,oos,839,1,Tier A,tier_a_primary,Tier_A_full_context,c08_exclude_weak_session_bucket,early_cash_30_60,-0.12775735294117646,1
2025.10.21 17:20:00,2025-10-21T17:20:00Z,oos,840,1,Tier A,tier_a_primary,Tier_A_full_context,c08_exclude_weak_session_bucket,early_cash_30_60,-0.12775735294117646,1
2025.10.21 17:25:00,2025-10-21T17:25:00Z,oos,841,0,Tier A,tier_a_primary,Tier_A_full_context,c08_exclude_weak_session_bucket,early_cash_30_60,-0.12775735294117646,0
2025.10.21 17:30:00,2025-10-21T17:30:00Z,oos,842,-1,Tier A,tier_a_primary,Tier_A_full_context,c08_exclude_weak_session_bucket,early_cash_30_60,-0.12775735294117646,-1
2025.10.21 17:35:00,2025-10-21T17:35:00Z,oos,843,1,Tier A,tier_a_primary,Tier_A_full_context,c08_exclude_weak_session_bucket,morning_60_120,-0.1698966408268734,1
2025.10.21 17:40:00,2025-10-21T17:40:00Z,oos,844,1,Tier A,tier_a_primary,Tier_A_full_context,c08_exclude_weak_session_bucket,morning_60_120,-0.1698966408268734,1
2025.10.21 17:45:00,2025-10-21T17:45:00Z,oos,845,0,Tier A,tier_a_primary,Tier_A_full_context,c08_exclude_weak_session_bucket,morning_60_120,-0.1698966408268734,0
2025.10.21 17:50:00,2025-10-21T17:50:00Z,oos,846,0,Tier A,tier_a_primary,Tier_A_full_context,c08_exclude_weak_session_bucket,morning_60_120,-0.1698966408268734,0
2025.10.21 17:55:00,2025-10-21T17:55:00Z,oos,847,1,Tier A,tier_a_primary,Tier_A_full_context,c08_exclude_weak_session_bucket,morning_60_120,-0.1698966408268734,1
2025.10.21 18:05:00,2025-10-21T18:05:00Z,oos,848,0,Tier A,tier_a_primary,Tier_A_full_context,c08_exclude_weak_session_bucket,morning_60_120,-0.1698966408268734,0
2025.10.21 18:10:00,2025-10-21T18:10:00Z,oos,849,0,Tier A,tier_a_primary,Tier_A_full_context,c08_exclude_weak_session_bucket,morning_60_120,-0.1698966408268734,0
2025.10.21 18:15:00,2025-10-21T18:15:00Z,oos,850,0,Tier A,tier_a_primary,Tier_A_full_context,c08_exclude_weak_session_bucket,morning_60_120,-0.1698966408268734,0
2025.10.21 18:20:00,2025-10-21T18:20:00Z,oos,851,0,Tier A,tier_a_primary,Tier_A_full_context,c08_exclude_weak_session_bucket,morning_60_120,-0.1698966408268734,0
2025.10.21 18:25:00,2025-10-21T18:25:00Z,oos,852,0,Tier A,tier_a_primary,Tier_A_full_context,c08_exclude_weak_session_bucket,morning_60_120,-0.1698966408268734,0
2025.10.21 18:30:00,2025-10-21T18:30:00Z,oos,853,0,Tier A,tier_a_primary,Tier_A_full_context,c08_exclude_weak_session_bucket,morning_60_120,-0.1698966408268734,0
2025.10.21 18:35:00,2025-10-21T18:35:00Z,oos,854,0,Tier A,tier_a_primary,Tier_A_full_context,c08_exclude_weak_session_bucket,midday_lull_120_240,-0.1762380357885976,0
2025.10.21 18:40:00,2025-10-21T18:40:00Z,oos,855,0,Tier A,tier_a_primary,Tier_A_full_context,c08_exclude_weak_session_bucket,midday_lull_120_240,-0.1762380357885976,0
2025.10.21 18:45:00,2025-10-21T18:45:00Z,oos,856,0,Tier A,tier_a_primary,Tier_A_full_context,c08_exclude_weak_session_bucket,midday_lull_120_240,-0.1762380357885976,0
2025.10.21 18:50:00,2025-10-21T18:50:00Z,oos,857,0,Tier A,tier_a_primary,Tier_A_full_context,c08_exclude_weak_session_bucket,midday_lull_120_240,-0.1762380357885976,0
2025.10.21 18:55:00,2025-10-21T18:55:00Z,oos,858,0,Tier A,tier_a_primary,Tier_A_full_context,c08_exclude_weak_session_bucket,midday_lull_120_240,-0.1762380357885976,0
2025.10.21 19:00:00,2025-10-21T19:00:00Z,oos,859,0,Tier A,tier_a_primary,Tier_A_full_context,c08_exclude_weak_session_bucket,midday_lull_120_240,-0.1762380357885976,0
2025.10.21 19:05:00,2025-10-21T19:05:00Z,oos,860,0,Tier A,tier_a_primary,Tier_A_full_context,c08_exclude_weak_session_bucket,midday_lull_120_240,-0.1762380357885976,0
2025.10.21 19:10:00,2025-10-21T19:10:00Z,oos,861,0,Tier A,tier_a_primary,Tier_A_full_context,c08_exclude_weak_session_bucket,midday_lull_120_240,-0.1762380357885976,0
2025.10.21 19:15:00,2025-10-21T19:15:00Z,oos,862,0,Tier A,tier_a_primary,Tier_A_full_context,c08_exclude_weak_session_bucket,midday_lull_120_240,-0.1762380357885976,0
2025.10.21 19:20:00,2025-10-21T19:20:00Z,oos,863,0,Tier A,tier_a_primary,Tier_A_full_context,c08_exclude_weak_session_bucket,midday_lull_120_240,-0.1762380357885976,0
2025.10.21 19:25:00,2025-10-21T19:25:00Z,oos,864,0,Tier A,tier_a_primary,Tier_A_full_context,c08_exclude_weak_session_bucket,midday_lull_120_240,-0.1762380357885976,0
2025.10.21 19:35:00,2025-10-21T19:35:00Z,oos,865,0,Tier A,tier_a_primary,Tier_A_full_context,c08_exclude_weak_session_bucket,midday_lull_120_240,-0.1762380357885976,0
2025.10.21 19:40:00,2025-10-21T19:40:00Z,oos,866,0,Tier A,tier_a_primary,Tier_A_full_context,c08_exclude_weak_session_bucket,midday_lull_120_240,-0.1762380357885976,0
2025.10.21 19:45:00,2025-10-21T19:45:00Z,oos,867,0,Tier A,tier_a_primary,Tier_A_full_context,c08_exclude_weak_session_bucket,midday_lull_120_240,-0.1762380357885976,0
2025.10.21 19:50:00,2025-10-21T19:50:00Z,oos,868,0,Tier A,tier_a_primary,Tier_A_full_context,c08_exclude_weak_session_bucket,midday_lull_120_240,-0.1762380357885976,0
2025.10.21 19:55:00,2025-10-21T19:55:00Z,oos,869,0,Tier A,tier_a_primary,Tier_A_full_context,c08_exclude_weak_session_bucket,midday_lull_120_240,-0.1762380357885976,0
2025.10.21 20:00:00,2025-10-21T20:00:00Z,oos,870,0,Tier A,tier_a_primary,Tier_A_full_context,c08_exclude_weak_session_bucket,midday_lull_120_240,-0.1762380357885976,0
2025.10.21 20:05:00,2025-10-21T20:05:00Z,oos,871,0,Tier A,tier_a_primary,Tier_A_full_context,c08_exclude_weak_session_bucket,midday_lull_120_240,-0.1762380357885976,0
2025.10.21 20:10:00,2025-10-21T20:10:00Z,oos,872,0,Tier A,tier_a_primary,Tier_A_full_context,c08_exclude_weak_session_bucket,midday_lull_120_240,-0.1762380357885976,0
2025.10.21 20:15:00,2025-10-21T20:15:00Z,oos,873,0,Tier A,tier_a_primary,Tier_A_full_context,c08_exclude_weak_session_bucket,midday_lull_120_240,-0.1762380357885976,0
2025.10.21 20:20:00,2025-10-21T20:20:00Z,oos,874,0,Tier A,tier_a_primary,Tier_A_full_context,c08_exclude_weak_session_bucket,midday_lull_120_240,-0.1762380357885976,0
2025.10.21 20:25:00,2025-10-21T20:25:00Z,oos,875,0,Tier A,tier_a_primary,Tier_A_full_context,c08_exclude_weak_session_bucket,midday_lull_120_240,-0.1762380357885976,0
2025.10.21 20:30:00,2025-10-21T20:30:00Z,oos,876,0,Tier A,tier_a_primary,Tier_A_full_context,c08_exclude_weak_session_bucket,midday_lull_120_240,-0.1762380357885976,0
2025.10.21 20:35:00,2025-10-21T20:35:00Z,oos,877,0,Tier A,tier_a_primary,Tier_A_full_context,c08_exclude_weak_session_bucket,late_cash_240_330,-0.17209668943772988,0
2025.10.21 20:50:00,2025-10-21T20:50:00Z,oos,878,0,Tier A,tier_a_primary,Tier_A_full_context,c08_exclude_weak_session_bucket,late_cash_240_330,-0.17209668943772988,0
2025.10.21 20:55:00,2025-10-21T20:55:00Z,oos,879,0,Tier A,tier_a_primary,Tier_A_full_context,c08_exclude_weak_session_bucket,late_cash_240_330,-0.17209668943772988,0
2025.10.21 21:00:00,2025-10-21T21:00:00Z,oos,880,0,Tier A,tier_a_primary,Tier_A_full_context,c08_exclude_weak_session_bucket,late_cash_240_330,-0.17209668943772988,0
2025.10.21 21:05:00,2025-10-21T21:05:00Z,oos,881,0,Tier A,tier_a_primary,Tier_A_full_context,c08_exclude_weak_session_bucket,late_cash_240_330,-0.17209668943772988,0
2025.10.21 21:15:00,2025-10-21T21:15:00Z,oos,882,0,Tier A,tier_a_primary,Tier_A_full_context,c08_exclude_weak_session_bucket,late_cash_240_330,-0.17209668943772988,0
2025.10.21 21:25:00,2025-10-21T21:25:00Z,oos,883,0,Tier A,tier_a_primary,Tier_A_full_context,c08_exclude_weak_session_bucket,late_cash_240_330,-0.17209668943772988,0
2025.10.21 21:30:00,2025-10-21T21:30:00Z,oos,884,0,Tier A,tier_a_primary,Tier_A_full_context,c08_exclude_weak_session_bucket,late_cash_240_330,-0.17209668943772988,0
2025.10.21 21:35:00,2025-10-21T21:35:00Z,oos,885,0,Tier A,tier_a_primary,Tier_A_full_context,c08_exclude_weak_session_bucket,late_cash_240_330,-0.17209668943772988,0
2025.10.21 21:45:00,2025-10-21T21:45:00Z,oos,886,0,Tier A,tier_a_primary,Tier_A_full_context,c08_exclude_weak_session_bucket,late_cash_240_330,-0.17209668943772988,0
2025.10.21 21:55:00,2025-10-21T21:55:00Z,oos,887,0,Tier A,tier_a_primary,Tier_A_full_context,c08_exclude_weak_session_bucket,late_cash_240_330,-0.17209668943772988,0
2025.10.21 22:00:00,2025-10-21T22:00:00Z,oos,888,0,Tier A,tier_a_primary,Tier_A_full_context,c08_exclude_weak_session_bucket,late_cash_240_330,-0.17209668943772988,0
2025.10.22 16:35:00,2025-10-22T16:35:00Z,oos,889,0,Tier A,tier_a_primary,Tier_A_full_context,c08_exclude_weak_session_bucket,cash_open_0_30,-0.09635811836115327,0
2025.10.22 16:40:00,2025-10-22T16:40:00Z,oos,890,0,Tier A,tier_a_primary,Tier_A_full_context,c08_exclude_weak_session_bucket,cash_open_0_30,-0.09635811836115327,0
2025.10.22 16:45:00,2025-10-22T16:45:00Z,oos,891,0,Tier A,tier_a_primary,Tier_A_full_context,c08_exclude_weak_session_bucket,cash_open_0_30,-0.09635811836115327,0
2025.10.22 16:50:00,2025-10-22T16:50:00Z,oos,892,0,Tier A,tier_a_primary,Tier_A_full_context,c08_exclude_weak_session_bucket,cash_open_0_30,-0.09635811836115327,0
2025.10.22 16:55:00,2025-10-22T16:55:00Z,oos,893,0,Tier A,tier_a_primary,Tier_A_full_context,c08_exclude_weak_session_bucket,cash_open_0_30,-0.09635811836115327,0
2025.10.22 17:00:00,2025-10-22T17:00:00Z,oos,894,0,Tier A,tier_a_primary,Tier_A_full_context,c08_exclude_weak_session_bucket,cash_open_0_30,-0.09635811836115327,0
2025.10.22 17:05:00,2025-10-22T17:05:00Z,oos,895,0,Tier A,tier_a_primary,Tier_A_full_context,c08_exclude_weak_session_bucket,early_cash_30_60,-0.12775735294117646,0
2025.10.22 17:10:00,2025-10-22T17:10:00Z,oos,896,0,Tier A,tier_a_primary,Tier_A_full_context,c08_exclude_weak_session_bucket,early_cash_30_60,-0.12775735294117646,0
2025.10.22 17:15:00,2025-10-22T17:15:00Z,oos,897,0,Tier A,tier_a_primary,Tier_A_full_context,c08_exclude_weak_session_bucket,early_cash_30_60,-0.12775735294117646,0
2025.10.22 17:20:00,2025-10-22T17:20:00Z,oos,898,0,Tier A,tier_a_primary,Tier_A_full_context,c08_exclude_weak_session_bucket,early_cash_30_60,-0.12775735294117646,0
2025.10.22 17:25:00,2025-10-22T17:25:00Z,oos,899,0,Tier A,tier_a_primary,Tier_A_full_context,c08_exclude_weak_session_bucket,early_cash_30_60,-0.12775735294117646,0
2025.10.22 17:30:00,2025-10-22T17:30:00Z,oos,900,0,Tier A,tier_a_primary,Tier_A_full_context,c08_exclude_weak_session_bucket,early_cash_30_60,-0.12775735294117646,0
2025.10.22 17:35:00,2025-10-22T17:35:00Z,oos,901,0,Tier A,tier_a_primary,Tier_A_full_context,c08_exclude_weak_session_bucket,morning_60_120,-0.1698966408268734,0
2025.10.22 17:40:00,2025-10-22T17:40:00Z,oos,902,0,Tier A,tier_a_primary,Tier_A_full_context,c08_exclude_weak_session_bucket,morning_60_120,-0.1698966408268734,0
2025.10.22 17:45:00,2025-10-22T17:45:00Z,oos,903,0,Tier A,tier_a_primary,Tier_A_full_context,c08_exclude_weak_session_bucket,morning_60_120,-0.1698966408268734,0
2025.10.22 17:50:00,2025-10-22T17:50:00Z,oos,904,1,Tier A,tier_a_primary,Tier_A_full_context,c08_exclude_weak_session_bucket,morning_60_120,-0.1698966408268734,1
2025.10.22 17:55:00,2025-10-22T17:55:00Z,oos,905,1,Tier A,tier_a_primary,Tier_A_full_context,c08_exclude_weak_session_bucket,morning_60_120,-0.1698966408268734,1
2025.10.22 18:00:00,2025-10-22T18:00:00Z,oos,906,1,Tier A,tier_a_primary,Tier_A_full_context,c08_exclude_weak_session_bucket,morning_60_120,-0.1698966408268734,1
2025.10.22 18:05:00,2025-10-22T18:05:00Z,oos,907,0,Tier A,tier_a_primary,Tier_A_full_context,c08_exclude_weak_session_bucket,morning_60_120,-0.1698966408268734,0
2025.10.22 18:10:00,2025-10-22T18:10:00Z,oos,908,0,Tier A,tier_a_primary,Tier_A_full_context,c08_exclude_weak_session_bucket,morning_60_120,-0.1698966408268734,0
2025.10.22 18:15:00,2025-10-22T18:15:00Z,oos,909,0,Tier A,tier_a_primary,Tier_A_full_context,c08_exclude_weak_session_bucket,morning_60_120,-0.1698966408268734,0
2025.10.22 18:20:00,2025-10-22T18:20:00Z,oos,910,0,Tier A,tier_a_primary,Tier_A_full_context,c08_exclude_weak_session_bucket,morning_60_120,-0.1698966408268734,0
2025.10.22 18:25:00,2025-10-22T18:25:00Z,oos,911,-1,Tier A,tier_a_primary,Tier_A_full_context,c08_exclude_weak_session_bucket,morning_60_120,-0.1698966408268734,-1
2025.10.22 18:30:00,2025-10-22T18:30:00Z,oos,912,0,Tier A,tier_a_primary,Tier_A_full_context,c08_exclude_weak_session_bucket,morning_60_120,-0.1698966408268734,0
2025.10.22 18:35:00,2025-10-22T18:35:00Z,oos,913,0,Tier A,tier_a_primary,Tier_A_full_context,c08_exclude_weak_session_bucket,midday_lull_120_240,-0.1762380357885976,0
2025.10.22 18:40:00,2025-10-22T18:40:00Z,oos,914,0,Tier A,tier_a_primary,Tier_A_full_context,c08_exclude_weak_session_bucket,midday_lull_120_240,-0.1762380357885976,0
2025.10.22 18:45:00,2025-10-22T18:45:00Z,oos,915,0,Tier A,tier_a_primary,Tier_A_full_context,c08_exclude_weak_session_bucket,midday_lull_120_240,-0.1762380357885976,0
2025.10.22 18:50:00,2025-10-22T18:50:00Z,oos,916,0,Tier A,tier_a_primary,Tier_A_full_context,c08_exclude_weak_session_bucket,midday_lull_120_240,-0.1762380357885976,0
2025.10.22 18:55:00,2025-10-22T18:55:00Z,oos,917,0,Tier A,tier_a_primary,Tier_A_full_context,c08_exclude_weak_session_bucket,midday_lull_120_240,-0.1762380357885976,0
2025.10.22 19:00:00,2025-10-22T19:00:00Z,oos,918,0,Tier A,tier_a_primary,Tier_A_full_context,c08_exclude_weak_session_bucket,midday_lull_120_240,-0.1762380357885976,0
2025.10.22 19:05:00,2025-10-22T19:05:00Z,oos,919,0,Tier A,tier_a_primary,Tier_A_full_context,c08_exclude_weak_session_bucket,midday_lull_120_240,-0.1762380357885976,0
2025.10.22 19:10:00,2025-10-22T19:10:00Z,oos,920,0,Tier A,tier_a_primary,Tier_A_full_context,c08_exclude_weak_session_bucket,midday_lull_120_240,-0.1762380357885976,0
2025.10.22 19:15:00,2025-10-22T19:15:00Z,oos,921,0,Tier A,tier_a_primary,Tier_A_full_context,c08_exclude_weak_session_bucket,midday_lull_120_240,-0.1762380357885976,0
2025.10.22 19:20:00,2025-10-22T19:20:00Z,oos,922,0,Tier A,tier_a_primary,Tier_A_full_context,c08_exclude_weak_session_bucket,midday_lull_120_240,-0.1762380357885976,0
2025.10.22 19:25:00,2025-10-22T19:25:00Z,oos,923,0,Tier A,tier_a_primary,Tier_A_full_context,c08_exclude_weak_session_bucket,midday_lull_120_240,-0.1762380357885976,0
2025.10.22 19:30:00,2025-10-22T19:30:00Z,oos,924,0,Tier A,tier_a_primary,Tier_A_full_context,c08_exclude_weak_session_bucket,midday_lull_120_240,-0.1762380357885976,0
2025.10.22 19:35:00,2025-10-22T19:35:00Z,oos,925,0,Tier A,tier_a_primary,Tier_A_full_context,c08_exclude_weak_session_bucket,midday_lull_120_240,-0.1762380357885976,0
2025.10.22 19:40:00,2025-10-22T19:40:00Z,oos,926,0,Tier A,tier_a_primary,Tier_A_full_context,c08_exclude_weak_session_bucket,midday_lull_120_240,-0.1762380357885976,0
2025.10.22 19:45:00,2025-10-22T19:45:00Z,oos,927,0,Tier A,tier_a_primary,Tier_A_full_context,c08_exclude_weak_session_bucket,midday_lull_120_240,-0.1762380357885976,0
2025.10.22 19:50:00,2025-10-22T19:50:00Z,oos,928,0,Tier A,tier_a_primary,Tier_A_full_context,c08_exclude_weak_session_bucket,midday_lull_120_240,-0.1762380357885976,0
2025.10.22 19:55:00,2025-10-22T19:55:00Z,oos,929,0,Tier A,tier_a_primary,Tier_A_full_context,c08_exclude_weak_session_bucket,midday_lull_120_240,-0.1762380357885976,0
2025.10.22 20:00:00,2025-10-22T20:00:00Z,oos,930,0,Tier A,tier_a_primary,Tier_A_full_context,c08_exclude_weak_session_bucket,midday_lull_120_240,-0.1762380357885976,0
2025.10.22 20:05:00,2025-10-22T20:05:00Z,oos,931,0,Tier A,tier_a_primary,Tier_A_full_context,c08_exclude_weak_session_bucket,midday_lull_120_240,-0.1762380357885976,0
2025.10.22 20:10:00,2025-10-22T20:10:00Z,oos,932,0,Tier A,tier_a_primary,Tier_A_full_context,c08_exclude_weak_session_bucket,midday_lull_120_240,-0.1762380357885976,0
2025.10.22 20:15:00,2025-10-22T20:15:00Z,oos,933,0,Tier A,tier_a_primary,Tier_A_full_context,c08_exclude_weak_session_bucket,midday_lull_120_240,-0.1762380357885976,0
2025.10.22 20:20:00,2025-10-22T20:20:00Z,oos,934,0,Tier A,tier_a_primary,Tier_A_full_context,c08_exclude_weak_session_bucket,midday_lull_120_240,-0.1762380357885976,0
2025.10.22 20:25:00,2025-10-22T20:25:00Z,oos,935,0,Tier A,tier_a_primary,Tier_A_full_context,c08_exclude_weak_session_bucket,midday_lull_120_240,-0.1762380357885976,0
2025.10.22 20:30:00,2025-10-22T20:30:00Z,oos,936,0,Tier A,tier_a_primary,Tier_A_full_context,c08_exclude_weak_session_bucket,midday_lull_120_240,-0.1762380357885976,0
2025.10.22 20:35:00,2025-10-22T20:35:00Z,oos,937,1,Tier A,tier_a_primary,Tier_A_full_context,c08_exclude_weak_session_bucket,late_cash_240_330,-0.17209668943772988,1
2025.10.22 20:40:00,2025-10-22T20:40:00Z,oos,938,-1,Tier A,tier_a_primary,Tier_A_full_context,c08_exclude_weak_session_bucket,late_cash_240_330,-0.17209668943772988,-1
2025.10.22 20:45:00,2025-10-22T20:45:00Z,oos,939,0,Tier A,tier_a_primary,Tier_A_full_context,c08_exclude_weak_session_bucket,late_cash_240_330,-0.17209668943772988,0
2025.10.22 20:50:00,2025-10-22T20:50:00Z,oos,940,1,Tier A,tier_a_primary,Tier_A_full_context,c08_exclude_weak_session_bucket,late_cash_240_330,-0.17209668943772988,1
2025.10.22 20:55:00,2025-10-22T20:55:00Z,oos,941,-1,Tier A,tier_a_primary,Tier_A_full_context,c08_exclude_weak_session_bucket,late_cash_240_330,-0.17209668943772988,-1
2025.10.22 21:00:00,2025-10-22T21:00:00Z,oos,942,1,Tier A,tier_a_primary,Tier_A_full_context,c08_exclude_weak_session_bucket,late_cash_240_330,-0.17209668943772988,1
2025.10.22 21:05:00,2025-10-22T21:05:00Z,oos,943,0,Tier A,tier_a_primary,Tier_A_full_context,c08_exclude_weak_session_bucket,late_cash_240_330,-0.17209668943772988,0
2025.10.22 21:15:00,2025-10-22T21:15:00Z,oos,944,0,Tier A,tier_a_primary,Tier_A_full_context,c08_exclude_weak_session_bucket,late_cash_240_330,-0.17209668943772988,0
2025.10.22 21:20:00,2025-10-22T21:20:00Z,oos,945,0,Tier A,tier_a_primary,Tier_A_full_context,c08_exclude_weak_session_bucket,late_cash_240_330,-0.17209668943772988,0
2025.10.22 21:25:00,2025-10-22T21:25:00Z,oos,946,1,Tier A,tier_a_primary,Tier_A_full_context,c08_exclude_weak_session_bucket,late_cash_240_330,-0.17209668943772988,1
2025.10.22 21:30:00,2025-10-22T21:30:00Z,oos,947,0,Tier A,tier_a_primary,Tier_A_full_context,c08_exclude_weak_session_bucket,late_cash_240_330,-0.17209668943772988,0
2025.10.22 21:35:00,2025-10-22T21:35:00Z,oos,948,0,Tier A,tier_a_primary,Tier_A_full_context,c08_exclude_weak_session_bucket,late_cash_240_330,-0.17209668943772988,0
2025.10.22 21:40:00,2025-10-22T21:40:00Z,oos,949,0,Tier A,tier_a_primary,Tier_A_full_context,c08_exclude_weak_session_bucket,late_cash_240_330,-0.17209668943772988,0
2025.10.22 21:45:00,2025-10-22T21:45:00Z,oos,950,0,Tier A,tier_a_primary,Tier_A_full_context,c08_exclude_weak_session_bucket,late_cash_240_330,-0.17209668943772988,0
2025.10.22 21:50:00,2025-10-22T21:50:00Z,oos,951,0,Tier A,tier_a_primary,Tier_A_full_context,c08_exclude_weak_session_bucket,late_cash_240_330,-0.17209668943772988,0
2025.10.22 21:55:00,2025-10-22T21:55:00Z,oos,952,0,Tier A,tier_a_primary,Tier_A_full_context,c08_exclude_weak_session_bucket,late_cash_240_330,-0.17209668943772988,0
2025.10.22 22:00:00,2025-10-22T22:00:00Z,oos,953,1,Tier A,tier_a_primary,Tier_A_full_context,c08_exclude_weak_session_bucket,late_cash_240_330,-0.17209668943772988,1
2025.10.23 16:35:00,2025-10-23T16:35:00Z,oos,954,0,Tier A,tier_a_primary,Tier_A_full_context,c08_exclude_weak_session_bucket,cash_open_0_30,-0.09635811836115327,0
2025.10.23 16:40:00,2025-10-23T16:40:00Z,oos,955,1,Tier A,tier_a_primary,Tier_A_full_context,c08_exclude_weak_session_bucket,cash_open_0_30,-0.09635811836115327,1
2025.10.23 16:45:00,2025-10-23T16:45:00Z,oos,956,1,Tier A,tier_a_primary,Tier_A_full_context,c08_exclude_weak_session_bucket,cash_open_0_30,-0.09635811836115327,1
2025.10.23 16:50:00,2025-10-23T16:50:00Z,oos,957,1,Tier A,tier_a_primary,Tier_A_full_context,c08_exclude_weak_session_bucket,cash_open_0_30,-0.09635811836115327,1
2025.10.23 16:55:00,2025-10-23T16:55:00Z,oos,958,0,Tier A,tier_a_primary,Tier_A_full_context,c08_exclude_weak_session_bucket,cash_open_0_30,-0.09635811836115327,0
2025.10.23 17:00:00,2025-10-23T17:00:00Z,oos,959,0,Tier A,tier_a_primary,Tier_A_full_context,c08_exclude_weak_session_bucket,cash_open_0_30,-0.09635811836115327,0
2025.10.23 17:05:00,2025-10-23T17:05:00Z,oos,960,0,Tier A,tier_a_primary,Tier_A_full_context,c08_exclude_weak_session_bucket,early_cash_30_60,-0.12775735294117646,0
2025.10.23 17:10:00,2025-10-23T17:10:00Z,oos,961,-1,Tier A,tier_a_primary,Tier_A_full_context,c08_exclude_weak_session_bucket,early_cash_30_60,-0.12775735294117646,-1
2025.10.23 17:15:00,2025-10-23T17:15:00Z,oos,962,0,Tier A,tier_a_primary,Tier_A_full_context,c08_exclude_weak_session_bucket,early_cash_30_60,-0.12775735294117646,0
2025.10.23 17:20:00,2025-10-23T17:20:00Z,oos,963,-1,Tier A,tier_a_primary,Tier_A_full_context,c08_exclude_weak_session_bucket,early_cash_30_60,-0.12775735294117646,-1
2025.10.23 17:25:00,2025-10-23T17:25:00Z,oos,964,1,Tier A,tier_a_primary,Tier_A_full_context,c08_exclude_weak_session_bucket,early_cash_30_60,-0.12775735294117646,1
2025.10.23 17:30:00,2025-10-23T17:30:00Z,oos,965,0,Tier A,tier_a_primary,Tier_A_full_context,c08_exclude_weak_session_bucket,early_cash_30_60,-0.12775735294117646,0
2025.10.23 17:35:00,2025-10-23T17:35:00Z,oos,966,0,Tier A,tier_a_primary,Tier_A_full_context,c08_exclude_weak_session_bucket,morning_60_120,-0.1698966408268734,0
2025.10.23 17:40:00,2025-10-23T17:40:00Z,oos,967,0,Tier A,tier_a_primary,Tier_A_full_context,c08_exclude_weak_session_bucket,morning_60_120,-0.1698966408268734,0
2025.10.23 17:45:00,2025-10-23T17:45:00Z,oos,968,-1,Tier A,tier_a_primary,Tier_A_full_context,c08_exclude_weak_session_bucket,morning_60_120,-0.1698966408268734,-1
2025.10.23 17:50:00,2025-10-23T17:50:00Z,oos,969,0,Tier A,tier_a_primary,Tier_A_full_context,c08_exclude_weak_session_bucket,morning_60_120,-0.1698966408268734,0
2025.10.23 17:55:00,2025-10-23T17:55:00Z,oos,970,-1,Tier A,tier_a_primary,Tier_A_full_context,c08_exclude_weak_session_bucket,morning_60_120,-0.1698966408268734,-1
2025.10.23 18:00:00,2025-10-23T18:00:00Z,oos,971,0,Tier A,tier_a_primary,Tier_A_full_context,c08_exclude_weak_session_bucket,morning_60_120,-0.1698966408268734,0
2025.10.23 18:05:00,2025-10-23T18:05:00Z,oos,972,0,Tier A,tier_a_primary,Tier_A_full_context,c08_exclude_weak_session_bucket,morning_60_120,-0.1698966408268734,0
2025.10.23 18:10:00,2025-10-23T18:10:00Z,oos,973,0,Tier A,tier_a_primary,Tier_A_full_context,c08_exclude_weak_session_bucket,morning_60_120,-0.1698966408268734,0
2025.10.23 18:15:00,2025-10-23T18:15:00Z,oos,974,0,Tier A,tier_a_primary,Tier_A_full_context,c08_exclude_weak_session_bucket,morning_60_120,-0.1698966408268734,0
2025.10.23 18:20:00,2025-10-23T18:20:00Z,oos,975,0,Tier A,tier_a_primary,Tier_A_full_context,c08_exclude_weak_session_bucket,morning_60_120,-0.1698966408268734,0
2025.10.23 18:25:00,2025-10-23T18:25:00Z,oos,976,0,Tier A,tier_a_primary,Tier_A_full_context,c08_exclude_weak_session_bucket,morning_60_120,-0.1698966408268734,0
2025.10.23 18:30:00,2025-10-23T18:30:00Z,oos,977,0,Tier A,tier_a_primary,Tier_A_full_context,c08_exclude_weak_session_bucket,morning_60_120,-0.1698966408268734,0
2025.10.23 18:35:00,2025-10-23T18:35:00Z,oos,978,0,Tier A,tier_a_primary,Tier_A_full_context,c08_exclude_weak_session_bucket,midday_lull_120_240,-0.1762380357885976,0
2025.10.23 18:40:00,2025-10-23T18:40:00Z,oos,979,0,Tier A,tier_a_primary,Tier_A_full_context,c08_exclude_weak_session_bucket,midday_lull_120_240,-0.1762380357885976,0
2025.10.23 18:45:00,2025-10-23T18:45:00Z,oos,980,0,Tier A,tier_a_primary,Tier_A_full_context,c08_exclude_weak_session_bucket,midday_lull_120_240,-0.1762380357885976,0
2025.10.23 18:50:00,2025-10-23T18:50:00Z,oos,981,0,Tier A,tier_a_primary,Tier_A_full_context,c08_exclude_weak_session_bucket,midday_lull_120_240,-0.1762380357885976,0
2025.10.23 18:55:00,2025-10-23T18:55:00Z,oos,982,0,Tier A,tier_a_primary,Tier_A_full_context,c08_exclude_weak_session_bucket,midday_lull_120_240,-0.1762380357885976,0
2025.10.23 19:00:00,2025-10-23T19:00:00Z,oos,983,0,Tier A,tier_a_primary,Tier_A_full_context,c08_exclude_weak_session_bucket,midday_lull_120_240,-0.1762380357885976,0
2025.10.23 19:15:00,2025-10-23T19:15:00Z,oos,984,0,Tier A,tier_a_primary,Tier_A_full_context,c08_exclude_weak_session_bucket,midday_lull_120_240,-0.1762380357885976,0
2025.10.23 19:30:00,2025-10-23T19:30:00Z,oos,985,0,Tier A,tier_a_primary,Tier_A_full_context,c08_exclude_weak_session_bucket,midday_lull_120_240,-0.1762380357885976,0
2025.10.23 19:40:00,2025-10-23T19:40:00Z,oos,986,0,Tier A,tier_a_primary,Tier_A_full_context,c08_exclude_weak_session_bucket,midday_lull_120_240,-0.1762380357885976,0
2025.10.23 19:45:00,2025-10-23T19:45:00Z,oos,987,0,Tier A,tier_a_primary,Tier_A_full_context,c08_exclude_weak_session_bucket,midday_lull_120_240,-0.1762380357885976,0
2025.10.23 19:50:00,2025-10-23T19:50:00Z,oos,988,0,Tier A,tier_a_primary,Tier_A_full_context,c08_exclude_weak_session_bucket,midday_lull_120_240,-0.1762380357885976,0
2025.10.23 19:55:00,2025-10-23T19:55:00Z,oos,989,0,Tier A,tier_a_primary,Tier_A_full_context,c08_exclude_weak_session_bucket,midday_lull_120_240,-0.1762380357885976,0
2025.10.23 20:00:00,2025-10-23T20:00:00Z,oos,990,0,Tier A,tier_a_primary,Tier_A_full_context,c08_exclude_weak_session_bucket,midday_lull_120_240,-0.1762380357885976,0
2025.10.23 20:10:00,2025-10-23T20:10:00Z,oos,991,0,Tier A,tier_a_primary,Tier_A_full_context,c08_exclude_weak_session_bucket,midday_lull_120_240,-0.1762380357885976,0
2025.10.23 20:15:00,2025-10-23T20:15:00Z,oos,992,0,Tier A,tier_a_primary,Tier_A_full_context,c08_exclude_weak_session_bucket,midday_lull_120_240,-0.1762380357885976,0
2025.10.23 20:20:00,2025-10-23T20:20:00Z,oos,993,0,Tier A,tier_a_primary,Tier_A_full_context,c08_exclude_weak_session_bucket,midday_lull_120_240,-0.1762380357885976,0
2025.10.23 20:25:00,2025-10-23T20:25:00Z,oos,994,0,Tier A,tier_a_primary,Tier_A_full_context,c08_exclude_weak_session_bucket,midday_lull_120_240,-0.1762380357885976,0
2025.10.23 20:30:00,2025-10-23T20:30:00Z,oos,995,0,Tier A,tier_a_primary,Tier_A_full_context,c08_exclude_weak_session_bucket,midday_lull_120_240,-0.1762380357885976,0
2025.10.23 20:35:00,2025-10-23T20:35:00Z,oos,996,0,Tier A,tier_a_primary,Tier_A_full_context,c08_exclude_weak_session_bucket,late_cash_240_330,-0.17209668943772988,0
2025.10.23 20:40:00,2025-10-23T20:40:00Z,oos,997,0,Tier A,tier_a_primary,Tier_A_full_context,c08_exclude_weak_session_bucket,late_cash_240_330,-0.17209668943772988,0
2025.10.23 20:50:00,2025-10-23T20:50:00Z,oos,998,0,Tier A,tier_a_primary,Tier_A_full_context,c08_exclude_weak_session_bucket,late_cash_240_330,-0.17209668943772988,0
2025.10.23 21:00:00,2025-10-23T21:00:00Z,oos,999,0,Tier A,tier_a_primary,Tier_A_full_context,c08_exclude_weak_session_bucket,late_cash_240_330,-0.17209668943772988,0
2025.10.23 21:05:00,2025-10-23T21:05:00Z,oos,1000,0,Tier A,tier_a_primary,Tier_A_full_context,c08_exclude_weak_session_bucket,late_cash_240_330,-0.17209668943772988,0
2025.10.23 21:10:00,2025-10-23T21:10:00Z,oos,1001,0,Tier A,tier_a_primary,Tier_A_full_context,c08_exclude_weak_session_bucket,late_cash_240_330,-0.17209668943772988,0
2025.10.23 21:15:00,2025-10-23T21:15:00Z,oos,1002,0,Tier A,tier_a_primary,Tier_A_full_context,c08_exclude_weak_session_bucket,late_cash_240_330,-0.17209668943772988,0
2025.10.23 21:20:00,2025-10-23T21:20:00Z,oos,1003,0,Tier A,tier_a_primary,Tier_A_full_context,c08_exclude_weak_session_bucket,late_cash_240_330,-0.17209668943772988,0
2025.10.23 21:25:00,2025-10-23T21:25:00Z,oos,1004,0,Tier A,tier_a_primary,Tier_A_full_context,c08_exclude_weak_session_bucket,late_cash_240_330,-0.17209668943772988,0
2025.10.23 21:30:00,2025-10-23T21:30:00Z,oos,1005,0,Tier A,tier_a_primary,Tier_A_full_context,c08_exclude_weak_session_bucket,late_cash_240_330,-0.17209668943772988,0
2025.10.23 21:35:00,2025-10-23T21:35:00Z,oos,1006,0,Tier A,tier_a_primary,Tier_A_full_context,c08_exclude_weak_session_bucket,late_cash_240_330,-0.17209668943772988,0
2025.10.23 21:40:00,2025-10-23T21:40:00Z,oos,1007,0,Tier A,tier_a_primary,Tier_A_full_context,c08_exclude_weak_session_bucket,late_cash_240_330,-0.17209668943772988,0
2025.10.23 21:45:00,2025-10-23T21:45:00Z,oos,1008,0,Tier A,tier_a_primary,Tier_A_full_context,c08_exclude_weak_session_bucket,late_cash_240_330,-0.17209668943772988,0
2025.10.23 21:50:00,2025-10-23T21:50:00Z,oos,1009,0,Tier A,tier_a_primary,Tier_A_full_context,c08_exclude_weak_session_bucket,late_cash_240_330,-0.17209668943772988,0
2025.10.23 21:55:00,2025-10-23T21:55:00Z,oos,1010,0,Tier A,tier_a_primary,Tier_A_full_context,c08_exclude_weak_session_bucket,late_cash_240_330,-0.17209668943772988,0
2025.10.23 22:00:00,2025-10-23T22:00:00Z,oos,1011,0,Tier A,tier_a_primary,Tier_A_full_context,c08_exclude_weak_session_bucket,late_cash_240_330,-0.17209668943772988,0
2025.10.24 16:35:00,2025-10-24T16:35:00Z,oos,1012,0,Tier A,tier_a_primary,Tier_A_full_context,c08_exclude_weak_session_bucket,cash_open_0_30,-0.09635811836115327,0
2025.10.24 16:40:00,2025-10-24T16:40:00Z,oos,1013,0,Tier A,tier_a_primary,Tier_A_full_context,c08_exclude_weak_session_bucket,cash_open_0_30,-0.09635811836115327,0
2025.10.24 16:45:00,2025-10-24T16:45:00Z,oos,1014,0,Tier A,tier_a_primary,Tier_A_full_context,c08_exclude_weak_session_bucket,cash_open_0_30,-0.09635811836115327,0
2025.10.24 16:50:00,2025-10-24T16:50:00Z,oos,1015,-1,Tier A,tier_a_primary,Tier_A_full_context,c08_exclude_weak_session_bucket,cash_open_0_30,-0.09635811836115327,-1
2025.10.24 16:55:00,2025-10-24T16:55:00Z,oos,1016,0,Tier A,tier_a_primary,Tier_A_full_context,c08_exclude_weak_session_bucket,cash_open_0_30,-0.09635811836115327,0
2025.10.24 17:00:00,2025-10-24T17:00:00Z,oos,1017,0,Tier A,tier_a_primary,Tier_A_full_context,c08_exclude_weak_session_bucket,cash_open_0_30,-0.09635811836115327,0
2025.10.24 17:05:00,2025-10-24T17:05:00Z,oos,1018,0,Tier A,tier_a_primary,Tier_A_full_context,c08_exclude_weak_session_bucket,early_cash_30_60,-0.12775735294117646,0
2025.10.24 17:10:00,2025-10-24T17:10:00Z,oos,1019,0,Tier A,tier_a_primary,Tier_A_full_context,c08_exclude_weak_session_bucket,early_cash_30_60,-0.12775735294117646,0
2025.10.24 17:15:00,2025-10-24T17:15:00Z,oos,1020,0,Tier A,tier_a_primary,Tier_A_full_context,c08_exclude_weak_session_bucket,early_cash_30_60,-0.12775735294117646,0
2025.10.24 17:20:00,2025-10-24T17:20:00Z,oos,1021,0,Tier A,tier_a_primary,Tier_A_full_context,c08_exclude_weak_session_bucket,early_cash_30_60,-0.12775735294117646,0
2025.10.24 17:25:00,2025-10-24T17:25:00Z,oos,1022,-1,Tier A,tier_a_primary,Tier_A_full_context,c08_exclude_weak_session_bucket,early_cash_30_60,-0.12775735294117646,-1
2025.10.24 17:30:00,2025-10-24T17:30:00Z,oos,1023,-1,Tier A,tier_a_primary,Tier_A_full_context,c08_exclude_weak_session_bucket,early_cash_30_60,-0.12775735294117646,-1
2025.10.24 17:35:00,2025-10-24T17:35:00Z,oos,1024,0,Tier A,tier_a_primary,Tier_A_full_context,c08_exclude_weak_session_bucket,morning_60_120,-0.1698966408268734,0
2025.10.24 17:40:00,2025-10-24T17:40:00Z,oos,1025,0,Tier A,tier_a_primary,Tier_A_full_context,c08_exclude_weak_session_bucket,morning_60_120,-0.1698966408268734,0
2025.10.24 17:45:00,2025-10-24T17:45:00Z,oos,1026,1,Tier A,tier_a_primary,Tier_A_full_context,c08_exclude_weak_session_bucket,morning_60_120,-0.1698966408268734,1
2025.10.24 17:50:00,2025-10-24T17:50:00Z,oos,1027,-1,Tier A,tier_a_primary,Tier_A_full_context,c08_exclude_weak_session_bucket,morning_60_120,-0.1698966408268734,-1
2025.10.24 17:55:00,2025-10-24T17:55:00Z,oos,1028,0,Tier A,tier_a_primary,Tier_A_full_context,c08_exclude_weak_session_bucket,morning_60_120,-0.1698966408268734,0
2025.10.24 18:00:00,2025-10-24T18:00:00Z,oos,1029,0,Tier A,tier_a_primary,Tier_A_full_context,c08_exclude_weak_session_bucket,morning_60_120,-0.1698966408268734,0
2025.10.24 18:05:00,2025-10-24T18:05:00Z,oos,1030,0,Tier A,tier_a_primary,Tier_A_full_context,c08_exclude_weak_session_bucket,morning_60_120,-0.1698966408268734,0
2025.10.24 18:10:00,2025-10-24T18:10:00Z,oos,1031,0,Tier A,tier_a_primary,Tier_A_full_context,c08_exclude_weak_session_bucket,morning_60_120,-0.1698966408268734,0
2025.10.24 18:15:00,2025-10-24T18:15:00Z,oos,1032,0,Tier A,tier_a_primary,Tier_A_full_context,c08_exclude_weak_session_bucket,morning_60_120,-0.1698966408268734,0
2025.10.24 18:25:00,2025-10-24T18:25:00Z,oos,1033,0,Tier A,tier_a_primary,Tier_A_full_context,c08_exclude_weak_session_bucket,morning_60_120,-0.1698966408268734,0
2025.10.24 18:30:00,2025-10-24T18:30:00Z,oos,1034,0,Tier A,tier_a_primary,Tier_A_full_context,c08_exclude_weak_session_bucket,morning_60_120,-0.1698966408268734,0
2025.10.24 18:35:00,2025-10-24T18:35:00Z,oos,1035,0,Tier A,tier_a_primary,Tier_A_full_context,c08_exclude_weak_session_bucket,midday_lull_120_240,-0.1762380357885976,0
2025.10.24 18:40:00,2025-10-24T18:40:00Z,oos,1036,0,Tier A,tier_a_primary,Tier_A_full_context,c08_exclude_weak_session_bucket,midday_lull_120_240,-0.1762380357885976,0
2025.10.24 18:45:00,2025-10-24T18:45:00Z,oos,1037,0,Tier A,tier_a_primary,Tier_A_full_context,c08_exclude_weak_session_bucket,midday_lull_120_240,-0.1762380357885976,0
2025.10.24 18:55:00,2025-10-24T18:55:00Z,oos,1038,0,Tier A,tier_a_primary,Tier_A_full_context,c08_exclude_weak_session_bucket,midday_lull_120_240,-0.1762380357885976,0
2025.10.24 19:00:00,2025-10-24T19:00:00Z,oos,1039,0,Tier A,tier_a_primary,Tier_A_full_context,c08_exclude_weak_session_bucket,midday_lull_120_240,-0.1762380357885976,0
2025.10.24 19:10:00,2025-10-24T19:10:00Z,oos,1040,0,Tier A,tier_a_primary,Tier_A_full_context,c08_exclude_weak_session_bucket,midday_lull_120_240,-0.1762380357885976,0
2025.10.24 19:20:00,2025-10-24T19:20:00Z,oos,1041,0,Tier A,tier_a_primary,Tier_A_full_context,c08_exclude_weak_session_bucket,midday_lull_120_240,-0.1762380357885976,0
2025.10.24 19:25:00,2025-10-24T19:25:00Z,oos,1042,0,Tier A,tier_a_primary,Tier_A_full_context,c08_exclude_weak_session_bucket,midday_lull_120_240,-0.1762380357885976,0
2025.10.24 19:35:00,2025-10-24T19:35:00Z,oos,1043,0,Tier A,tier_a_primary,Tier_A_full_context,c08_exclude_weak_session_bucket,midday_lull_120_240,-0.1762380357885976,0
2025.10.24 19:40:00,2025-10-24T19:40:00Z,oos,1044,0,Tier A,tier_a_primary,Tier_A_full_context,c08_exclude_weak_session_bucket,midday_lull_120_240,-0.1762380357885976,0
2025.10.24 19:45:00,2025-10-24T19:45:00Z,oos,1045,0,Tier A,tier_a_primary,Tier_A_full_context,c08_exclude_weak_session_bucket,midday_lull_120_240,-0.1762380357885976,0
2025.10.24 19:50:00,2025-10-24T19:50:00Z,oos,1046,0,Tier A,tier_a_primary,Tier_A_full_context,c08_exclude_weak_session_bucket,midday_lull_120_240,-0.1762380357885976,0
2025.10.24 20:05:00,2025-10-24T20:05:00Z,oos,1047,0,Tier A,tier_a_primary,Tier_A_full_context,c08_exclude_weak_session_bucket,midday_lull_120_240,-0.1762380357885976,0
2025.10.24 20:10:00,2025-10-24T20:10:00Z,oos,1048,0,Tier A,tier_a_primary,Tier_A_full_context,c08_exclude_weak_session_bucket,midday_lull_120_240,-0.1762380357885976,0
2025.10.24 20:20:00,2025-10-24T20:20:00Z,oos,1049,0,Tier A,tier_a_primary,Tier_A_full_context,c08_exclude_weak_session_bucket,midday_lull_120_240,-0.1762380357885976,0
2025.10.24 20:25:00,2025-10-24T20:25:00Z,oos,1050,0,Tier A,tier_a_primary,Tier_A_full_context,c08_exclude_weak_session_bucket,midday_lull_120_240,-0.1762380357885976,0
2025.10.24 20:30:00,2025-10-24T20:30:00Z,oos,1051,0,Tier A,tier_a_primary,Tier_A_full_context,c08_exclude_weak_session_bucket,midday_lull_120_240,-0.1762380357885976,0
2025.10.24 20:35:00,2025-10-24T20:35:00Z,oos,1052,0,Tier A,tier_a_primary,Tier_A_full_context,c08_exclude_weak_session_bucket,late_cash_240_330,-0.17209668943772988,0
2025.10.24 20:40:00,2025-10-24T20:40:00Z,oos,1053,0,Tier A,tier_a_primary,Tier_A_full_context,c08_exclude_weak_session_bucket,late_cash_240_330,-0.17209668943772988,0
2025.10.24 20:45:00,2025-10-24T20:45:00Z,oos,1054,0,Tier A,tier_a_primary,Tier_A_full_context,c08_exclude_weak_session_bucket,late_cash_240_330,-0.17209668943772988,0
2025.10.24 20:55:00,2025-10-24T20:55:00Z,oos,1055,0,Tier A,tier_a_primary,Tier_A_full_context,c08_exclude_weak_session_bucket,late_cash_240_330,-0.17209668943772988,0
2025.10.24 21:00:00,2025-10-24T21:00:00Z,oos,1056,0,Tier A,tier_a_primary,Tier_A_full_context,c08_exclude_weak_session_bucket,late_cash_240_330,-0.17209668943772988,0
2025.10.24 21:20:00,2025-10-24T21:20:00Z,oos,1057,0,Tier A,tier_a_primary,Tier_A_full_context,c08_exclude_weak_session_bucket,late_cash_240_330,-0.17209668943772988,0
2025.10.24 21:25:00,2025-10-24T21:25:00Z,oos,1058,0,Tier A,tier_a_primary,Tier_A_full_context,c08_exclude_weak_session_bucket,late_cash_240_330,-0.17209668943772988,0
2025.10.24 21:30:00,2025-10-24T21:30:00Z,oos,1059,0,Tier A,tier_a_primary,Tier_A_full_context,c08_exclude_weak_session_bucket,late_cash_240_330,-0.17209668943772988,0
2025.10.24 21:35:00,2025-10-24T21:35:00Z,oos,1060,0,Tier A,tier_a_primary,Tier_A_full_context,c08_exclude_weak_session_bucket,late_cash_240_330,-0.17209668943772988,0
2025.10.24 21:45:00,2025-10-24T21:45:00Z,oos,1061,0,Tier A,tier_a_primary,Tier_A_full_context,c08_exclude_weak_session_bucket,late_cash_240_330,-0.17209668943772988,0
2025.10.24 21:50:00,2025-10-24T21:50:00Z,oos,1062,0,Tier A,tier_a_primary,Tier_A_full_context,c08_exclude_weak_session_bucket,late_cash_240_330,-0.17209668943772988,0
2025.10.24 21:55:00,2025-10-24T21:55:00Z,oos,1063,0,Tier A,tier_a_primary,Tier_A_full_context,c08_exclude_weak_session_bucket,late_cash_240_330,-0.17209668943772988,0
2025.10.24 22:00:00,2025-10-24T22:00:00Z,oos,1064,0,Tier A,tier_a_primary,Tier_A_full_context,c08_exclude_weak_session_bucket,late_cash_240_330,-0.17209668943772988,0
2025.10.27 16:35:00,2025-10-27T16:35:00Z,oos,1065,0,Tier A,tier_a_primary,Tier_A_full_context,c08_exclude_weak_session_bucket,morning_60_120,-0.1698966408268734,0
2025.10.27 16:40:00,2025-10-27T16:40:00Z,oos,1066,0,Tier A,tier_a_primary,Tier_A_full_context,c08_exclude_weak_session_bucket,morning_60_120,-0.1698966408268734,0
2025.10.27 16:45:00,2025-10-27T16:45:00Z,oos,1067,0,Tier A,tier_a_primary,Tier_A_full_context,c08_exclude_weak_session_bucket,morning_60_120,-0.1698966408268734,0
2025.10.27 16:50:00,2025-10-27T16:50:00Z,oos,1068,0,Tier A,tier_a_primary,Tier_A_full_context,c08_exclude_weak_session_bucket,morning_60_120,-0.1698966408268734,0
2025.10.27 16:55:00,2025-10-27T16:55:00Z,oos,1069,0,Tier A,tier_a_primary,Tier_A_full_context,c08_exclude_weak_session_bucket,morning_60_120,-0.1698966408268734,0
2025.10.27 17:00:00,2025-10-27T17:00:00Z,oos,1070,0,Tier A,tier_a_primary,Tier_A_full_context,c08_exclude_weak_session_bucket,morning_60_120,-0.1698966408268734,0
2025.10.27 17:05:00,2025-10-27T17:05:00Z,oos,1071,0,Tier A,tier_a_primary,Tier_A_full_context,c08_exclude_weak_session_bucket,morning_60_120,-0.1698966408268734,0
2025.10.27 17:10:00,2025-10-27T17:10:00Z,oos,1072,0,Tier A,tier_a_primary,Tier_A_full_context,c08_exclude_weak_session_bucket,morning_60_120,-0.1698966408268734,0
2025.10.27 17:15:00,2025-10-27T17:15:00Z,oos,1073,0,Tier A,tier_a_primary,Tier_A_full_context,c08_exclude_weak_session_bucket,morning_60_120,-0.1698966408268734,0
2025.10.27 17:20:00,2025-10-27T17:20:00Z,oos,1074,0,Tier A,tier_a_primary,Tier_A_full_context,c08_exclude_weak_session_bucket,morning_60_120,-0.1698966408268734,0
2025.10.27 17:25:00,2025-10-27T17:25:00Z,oos,1075,0,Tier A,tier_a_primary,Tier_A_full_context,c08_exclude_weak_session_bucket,morning_60_120,-0.1698966408268734,0
2025.10.27 17:30:00,2025-10-27T17:30:00Z,oos,1076,0,Tier A,tier_a_primary,Tier_A_full_context,c08_exclude_weak_session_bucket,morning_60_120,-0.1698966408268734,0
2025.10.27 17:35:00,2025-10-27T17:35:00Z,oos,1077,0,Tier A,tier_a_primary,Tier_A_full_context,c08_exclude_weak_session_bucket,midday_lull_120_240,-0.1762380357885976,0
2025.10.27 17:40:00,2025-10-27T17:40:00Z,oos,1078,0,Tier A,tier_a_primary,Tier_A_full_context,c08_exclude_weak_session_bucket,midday_lull_120_240,-0.1762380357885976,0
2025.10.27 17:45:00,2025-10-27T17:45:00Z,oos,1079,0,Tier A,tier_a_primary,Tier_A_full_context,c08_exclude_weak_session_bucket,midday_lull_120_240,-0.1762380357885976,0
2025.10.27 17:50:00,2025-10-27T17:50:00Z,oos,1080,0,Tier A,tier_a_primary,Tier_A_full_context,c08_exclude_weak_session_bucket,midday_lull_120_240,-0.1762380357885976,0
2025.10.27 17:55:00,2025-10-27T17:55:00Z,oos,1081,0,Tier A,tier_a_primary,Tier_A_full_context,c08_exclude_weak_session_bucket,midday_lull_120_240,-0.1762380357885976,0
2025.10.27 18:00:00,2025-10-27T18:00:00Z,oos,1082,0,Tier A,tier_a_primary,Tier_A_full_context,c08_exclude_weak_session_bucket,midday_lull_120_240,-0.1762380357885976,0
2025.10.27 18:05:00,2025-10-27T18:05:00Z,oos,1083,0,Tier A,tier_a_primary,Tier_A_full_context,c08_exclude_weak_session_bucket,midday_lull_120_240,-0.1762380357885976,0
2025.10.27 18:10:00,2025-10-27T18:10:00Z,oos,1084,0,Tier A,tier_a_primary,Tier_A_full_context,c08_exclude_weak_session_bucket,midday_lull_120_240,-0.1762380357885976,0
2025.10.27 18:15:00,2025-10-27T18:15:00Z,oos,1085,0,Tier A,tier_a_primary,Tier_A_full_context,c08_exclude_weak_session_bucket,midday_lull_120_240,-0.1762380357885976,0
2025.10.27 18:20:00,2025-10-27T18:20:00Z,oos,1086,0,Tier A,tier_a_primary,Tier_A_full_context,c08_exclude_weak_session_bucket,midday_lull_120_240,-0.1762380357885976,0
2025.10.27 18:25:00,2025-10-27T18:25:00Z,oos,1087,0,Tier A,tier_a_primary,Tier_A_full_context,c08_exclude_weak_session_bucket,midday_lull_120_240,-0.1762380357885976,0
2025.10.27 18:30:00,2025-10-27T18:30:00Z,oos,1088,0,Tier A,tier_a_primary,Tier_A_full_context,c08_exclude_weak_session_bucket,midday_lull_120_240,-0.1762380357885976,0
2025.10.27 18:35:00,2025-10-27T18:35:00Z,oos,1089,0,Tier A,tier_a_primary,Tier_A_full_context,c08_exclude_weak_session_bucket,midday_lull_120_240,-0.1762380357885976,0
2025.10.27 18:40:00,2025-10-27T18:40:00Z,oos,1090,0,Tier A,tier_a_primary,Tier_A_full_context,c08_exclude_weak_session_bucket,midday_lull_120_240,-0.1762380357885976,0
2025.10.27 18:45:00,2025-10-27T18:45:00Z,oos,1091,0,Tier A,tier_a_primary,Tier_A_full_context,c08_exclude_weak_session_bucket,midday_lull_120_240,-0.1762380357885976,0
2025.10.27 18:50:00,2025-10-27T18:50:00Z,oos,1092,0,Tier A,tier_a_primary,Tier_A_full_context,c08_exclude_weak_session_bucket,midday_lull_120_240,-0.1762380357885976,0
2025.10.27 18:55:00,2025-10-27T18:55:00Z,oos,1093,0,Tier A,tier_a_primary,Tier_A_full_context,c08_exclude_weak_session_bucket,midday_lull_120_240,-0.1762380357885976,0
2025.10.27 19:00:00,2025-10-27T19:00:00Z,oos,1094,0,Tier A,tier_a_primary,Tier_A_full_context,c08_exclude_weak_session_bucket,midday_lull_120_240,-0.1762380357885976,0
2025.10.27 19:05:00,2025-10-27T19:05:00Z,oos,1095,0,Tier A,tier_a_primary,Tier_A_full_context,c08_exclude_weak_session_bucket,midday_lull_120_240,-0.1762380357885976,0
2025.10.27 19:10:00,2025-10-27T19:10:00Z,oos,1096,0,Tier A,tier_a_primary,Tier_A_full_context,c08_exclude_weak_session_bucket,midday_lull_120_240,-0.1762380357885976,0
2025.10.27 19:15:00,2025-10-27T19:15:00Z,oos,1097,0,Tier A,tier_a_primary,Tier_A_full_context,c08_exclude_weak_session_bucket,midday_lull_120_240,-0.1762380357885976,0
2025.10.27 19:20:00,2025-10-27T19:20:00Z,oos,1098,0,Tier A,tier_a_primary,Tier_A_full_context,c08_exclude_weak_session_bucket,midday_lull_120_240,-0.1762380357885976,0
2025.10.27 19:35:00,2025-10-27T19:35:00Z,oos,1099,0,Tier A,tier_a_primary,Tier_A_full_context,c08_exclude_weak_session_bucket,late_cash_240_330,-0.17209668943772988,0
2025.10.27 19:40:00,2025-10-27T19:40:00Z,oos,1100,0,Tier A,tier_a_primary,Tier_A_full_context,c08_exclude_weak_session_bucket,late_cash_240_330,-0.17209668943772988,0
2025.10.27 19:45:00,2025-10-27T19:45:00Z,oos,1101,0,Tier A,tier_a_primary,Tier_A_full_context,c08_exclude_weak_session_bucket,late_cash_240_330,-0.17209668943772988,0
2025.10.27 19:55:00,2025-10-27T19:55:00Z,oos,1102,0,Tier A,tier_a_primary,Tier_A_full_context,c08_exclude_weak_session_bucket,late_cash_240_330,-0.17209668943772988,0
2025.10.27 20:00:00,2025-10-27T20:00:00Z,oos,1103,0,Tier A,tier_a_primary,Tier_A_full_context,c08_exclude_weak_session_bucket,late_cash_240_330,-0.17209668943772988,0
2025.10.27 20:05:00,2025-10-27T20:05:00Z,oos,1104,0,Tier A,tier_a_primary,Tier_A_full_context,c08_exclude_weak_session_bucket,late_cash_240_330,-0.17209668943772988,0
2025.10.27 20:10:00,2025-10-27T20:10:00Z,oos,1105,0,Tier A,tier_a_primary,Tier_A_full_context,c08_exclude_weak_session_bucket,late_cash_240_330,-0.17209668943772988,0
2025.10.27 20:20:00,2025-10-27T20:20:00Z,oos,1106,0,Tier A,tier_a_primary,Tier_A_full_context,c08_exclude_weak_session_bucket,late_cash_240_330,-0.17209668943772988,0
2025.10.27 20:25:00,2025-10-27T20:25:00Z,oos,1107,0,Tier A,tier_a_primary,Tier_A_full_context,c08_exclude_weak_session_bucket,late_cash_240_330,-0.17209668943772988,0
2025.10.27 20:30:00,2025-10-27T20:30:00Z,oos,1108,0,Tier A,tier_a_primary,Tier_A_full_context,c08_exclude_weak_session_bucket,late_cash_240_330,-0.17209668943772988,0
2025.10.27 20:35:00,2025-10-27T20:35:00Z,oos,1109,0,Tier A,tier_a_primary,Tier_A_full_context,c08_exclude_weak_session_bucket,late_cash_240_330,-0.17209668943772988,0
2025.10.27 20:50:00,2025-10-27T20:50:00Z,oos,1110,0,Tier A,tier_a_primary,Tier_A_full_context,c08_exclude_weak_session_bucket,late_cash_240_330,-0.17209668943772988,0
2025.10.27 20:55:00,2025-10-27T20:55:00Z,oos,1111,0,Tier A,tier_a_primary,Tier_A_full_context,c08_exclude_weak_session_bucket,late_cash_240_330,-0.17209668943772988,0
2025.10.27 21:00:00,2025-10-27T21:00:00Z,oos,1112,0,Tier A,tier_a_primary,Tier_A_full_context,c08_exclude_weak_session_bucket,late_cash_240_330,-0.17209668943772988,0
2025.10.28 16:35:00,2025-10-28T16:35:00Z,oos,1113,1,Tier A,tier_a_primary,Tier_A_full_context,c08_exclude_weak_session_bucket,morning_60_120,-0.1698966408268734,1
2025.10.28 16:40:00,2025-10-28T16:40:00Z,oos,1114,-1,Tier A,tier_a_primary,Tier_A_full_context,c08_exclude_weak_session_bucket,morning_60_120,-0.1698966408268734,-1
2025.10.28 16:45:00,2025-10-28T16:45:00Z,oos,1115,1,Tier A,tier_a_primary,Tier_A_full_context,c08_exclude_weak_session_bucket,morning_60_120,-0.1698966408268734,1
2025.10.28 16:50:00,2025-10-28T16:50:00Z,oos,1116,-1,Tier A,tier_a_primary,Tier_A_full_context,c08_exclude_weak_session_bucket,morning_60_120,-0.1698966408268734,-1
2025.10.28 16:55:00,2025-10-28T16:55:00Z,oos,1117,-1,Tier A,tier_a_primary,Tier_A_full_context,c08_exclude_weak_session_bucket,morning_60_120,-0.1698966408268734,-1
2025.10.28 17:00:00,2025-10-28T17:00:00Z,oos,1118,1,Tier A,tier_a_primary,Tier_A_full_context,c08_exclude_weak_session_bucket,morning_60_120,-0.1698966408268734,1
2025.10.28 17:05:00,2025-10-28T17:05:00Z,oos,1119,0,Tier A,tier_a_primary,Tier_A_full_context,c08_exclude_weak_session_bucket,morning_60_120,-0.1698966408268734,0
2025.10.28 17:10:00,2025-10-28T17:10:00Z,oos,1120,0,Tier A,tier_a_primary,Tier_A_full_context,c08_exclude_weak_session_bucket,morning_60_120,-0.1698966408268734,0
2025.10.28 17:15:00,2025-10-28T17:15:00Z,oos,1121,0,Tier A,tier_a_primary,Tier_A_full_context,c08_exclude_weak_session_bucket,morning_60_120,-0.1698966408268734,0
2025.10.28 17:20:00,2025-10-28T17:20:00Z,oos,1122,-1,Tier A,tier_a_primary,Tier_A_full_context,c08_exclude_weak_session_bucket,morning_60_120,-0.1698966408268734,-1
2025.10.28 17:25:00,2025-10-28T17:25:00Z,oos,1123,0,Tier A,tier_a_primary,Tier_A_full_context,c08_exclude_weak_session_bucket,morning_60_120,-0.1698966408268734,0
2025.10.28 17:30:00,2025-10-28T17:30:00Z,oos,1124,0,Tier A,tier_a_primary,Tier_A_full_context,c08_exclude_weak_session_bucket,morning_60_120,-0.1698966408268734,0
2025.10.28 17:35:00,2025-10-28T17:35:00Z,oos,1125,0,Tier A,tier_a_primary,Tier_A_full_context,c08_exclude_weak_session_bucket,midday_lull_120_240,-0.1762380357885976,0
2025.10.28 17:40:00,2025-10-28T17:40:00Z,oos,1126,0,Tier A,tier_a_primary,Tier_A_full_context,c08_exclude_weak_session_bucket,midday_lull_120_240,-0.1762380357885976,0
2025.10.28 17:45:00,2025-10-28T17:45:00Z,oos,1127,0,Tier A,tier_a_primary,Tier_A_full_context,c08_exclude_weak_session_bucket,midday_lull_120_240,-0.1762380357885976,0
2025.10.28 17:50:00,2025-10-28T17:50:00Z,oos,1128,0,Tier A,tier_a_primary,Tier_A_full_context,c08_exclude_weak_session_bucket,midday_lull_120_240,-0.1762380357885976,0
2025.10.28 17:55:00,2025-10-28T17:55:00Z,oos,1129,0,Tier A,tier_a_primary,Tier_A_full_context,c08_exclude_weak_session_bucket,midday_lull_120_240,-0.1762380357885976,0
2025.10.28 18:00:00,2025-10-28T18:00:00Z,oos,1130,0,Tier A,tier_a_primary,Tier_A_full_context,c08_exclude_weak_session_bucket,midday_lull_120_240,-0.1762380357885976,0
2025.10.28 18:05:00,2025-10-28T18:05:00Z,oos,1131,0,Tier A,tier_a_primary,Tier_A_full_context,c08_exclude_weak_session_bucket,midday_lull_120_240,-0.1762380357885976,0
2025.10.28 18:10:00,2025-10-28T18:10:00Z,oos,1132,0,Tier A,tier_a_primary,Tier_A_full_context,c08_exclude_weak_session_bucket,midday_lull_120_240,-0.1762380357885976,0
2025.10.28 18:15:00,2025-10-28T18:15:00Z,oos,1133,0,Tier A,tier_a_primary,Tier_A_full_context,c08_exclude_weak_session_bucket,midday_lull_120_240,-0.1762380357885976,0
2025.10.28 18:20:00,2025-10-28T18:20:00Z,oos,1134,0,Tier A,tier_a_primary,Tier_A_full_context,c08_exclude_weak_session_bucket,midday_lull_120_240,-0.1762380357885976,0
2025.10.28 18:25:00,2025-10-28T18:25:00Z,oos,1135,0,Tier A,tier_a_primary,Tier_A_full_context,c08_exclude_weak_session_bucket,midday_lull_120_240,-0.1762380357885976,0
2025.10.28 18:30:00,2025-10-28T18:30:00Z,oos,1136,0,Tier A,tier_a_primary,Tier_A_full_context,c08_exclude_weak_session_bucket,midday_lull_120_240,-0.1762380357885976,0
2025.10.28 18:35:00,2025-10-28T18:35:00Z,oos,1137,0,Tier A,tier_a_primary,Tier_A_full_context,c08_exclude_weak_session_bucket,midday_lull_120_240,-0.1762380357885976,0
2025.10.28 18:40:00,2025-10-28T18:40:00Z,oos,1138,0,Tier A,tier_a_primary,Tier_A_full_context,c08_exclude_weak_session_bucket,midday_lull_120_240,-0.1762380357885976,0
2025.10.28 18:45:00,2025-10-28T18:45:00Z,oos,1139,0,Tier A,tier_a_primary,Tier_A_full_context,c08_exclude_weak_session_bucket,midday_lull_120_240,-0.1762380357885976,0
2025.10.28 18:50:00,2025-10-28T18:50:00Z,oos,1140,0,Tier A,tier_a_primary,Tier_A_full_context,c08_exclude_weak_session_bucket,midday_lull_120_240,-0.1762380357885976,0
2025.10.28 18:55:00,2025-10-28T18:55:00Z,oos,1141,0,Tier A,tier_a_primary,Tier_A_full_context,c08_exclude_weak_session_bucket,midday_lull_120_240,-0.1762380357885976,0
2025.10.28 19:00:00,2025-10-28T19:00:00Z,oos,1142,0,Tier A,tier_a_primary,Tier_A_full_context,c08_exclude_weak_session_bucket,midday_lull_120_240,-0.1762380357885976,0
2025.10.28 19:10:00,2025-10-28T19:10:00Z,oos,1143,0,Tier A,tier_a_primary,Tier_A_full_context,c08_exclude_weak_session_bucket,midday_lull_120_240,-0.1762380357885976,0
2025.10.28 19:15:00,2025-10-28T19:15:00Z,oos,1144,0,Tier A,tier_a_primary,Tier_A_full_context,c08_exclude_weak_session_bucket,midday_lull_120_240,-0.1762380357885976,0
2025.10.28 19:20:00,2025-10-28T19:20:00Z,oos,1145,0,Tier A,tier_a_primary,Tier_A_full_context,c08_exclude_weak_session_bucket,midday_lull_120_240,-0.1762380357885976,0
2025.10.28 19:25:00,2025-10-28T19:25:00Z,oos,1146,0,Tier A,tier_a_primary,Tier_A_full_context,c08_exclude_weak_session_bucket,midday_lull_120_240,-0.1762380357885976,0
2025.10.28 19:30:00,2025-10-28T19:30:00Z,oos,1147,0,Tier A,tier_a_primary,Tier_A_full_context,c08_exclude_weak_session_bucket,midday_lull_120_240,-0.1762380357885976,0
2025.10.28 19:35:00,2025-10-28T19:35:00Z,oos,1148,0,Tier A,tier_a_primary,Tier_A_full_context,c08_exclude_weak_session_bucket,late_cash_240_330,-0.17209668943772988,0
2025.10.28 19:40:00,2025-10-28T19:40:00Z,oos,1149,0,Tier A,tier_a_primary,Tier_A_full_context,c08_exclude_weak_session_bucket,late_cash_240_330,-0.17209668943772988,0
2025.10.28 19:45:00,2025-10-28T19:45:00Z,oos,1150,1,Tier A,tier_a_primary,Tier_A_full_context,c08_exclude_weak_session_bucket,late_cash_240_330,-0.17209668943772988,1
2025.10.28 19:50:00,2025-10-28T19:50:00Z,oos,1151,0,Tier A,tier_a_primary,Tier_A_full_context,c08_exclude_weak_session_bucket,late_cash_240_330,-0.17209668943772988,0
2025.10.28 19:55:00,2025-10-28T19:55:00Z,oos,1152,0,Tier A,tier_a_primary,Tier_A_full_context,c08_exclude_weak_session_bucket,late_cash_240_330,-0.17209668943772988,0
2025.10.28 20:10:00,2025-10-28T20:10:00Z,oos,1153,-1,Tier A,tier_a_primary,Tier_A_full_context,c08_exclude_weak_session_bucket,late_cash_240_330,-0.17209668943772988,-1
2025.10.28 20:15:00,2025-10-28T20:15:00Z,oos,1154,1,Tier A,tier_a_primary,Tier_A_full_context,c08_exclude_weak_session_bucket,late_cash_240_330,-0.17209668943772988,1
2025.10.28 20:20:00,2025-10-28T20:20:00Z,oos,1155,0,Tier A,tier_a_primary,Tier_A_full_context,c08_exclude_weak_session_bucket,late_cash_240_330,-0.17209668943772988,0
2025.10.28 20:30:00,2025-10-28T20:30:00Z,oos,1156,-1,Tier A,tier_a_primary,Tier_A_full_context,c08_exclude_weak_session_bucket,late_cash_240_330,-0.17209668943772988,-1
2025.10.28 20:50:00,2025-10-28T20:50:00Z,oos,1157,0,Tier A,tier_a_primary,Tier_A_full_context,c08_exclude_weak_session_bucket,late_cash_240_330,-0.17209668943772988,0
2025.10.28 21:00:00,2025-10-28T21:00:00Z,oos,1158,0,Tier A,tier_a_primary,Tier_A_full_context,c08_exclude_weak_session_bucket,late_cash_240_330,-0.17209668943772988,0
2025.10.29 16:40:00,2025-10-29T16:40:00Z,oos,1159,0,Tier A,tier_a_primary,Tier_A_full_context,c08_exclude_weak_session_bucket,morning_60_120,-0.1698966408268734,0
2025.10.29 16:45:00,2025-10-29T16:45:00Z,oos,1160,0,Tier A,tier_a_primary,Tier_A_full_context,c08_exclude_weak_session_bucket,morning_60_120,-0.1698966408268734,0
2025.10.29 16:50:00,2025-10-29T16:50:00Z,oos,1161,0,Tier A,tier_a_primary,Tier_A_full_context,c08_exclude_weak_session_bucket,morning_60_120,-0.1698966408268734,0
2025.10.29 16:55:00,2025-10-29T16:55:00Z,oos,1162,0,Tier A,tier_a_primary,Tier_A_full_context,c08_exclude_weak_session_bucket,morning_60_120,-0.1698966408268734,0
2025.10.29 17:00:00,2025-10-29T17:00:00Z,oos,1163,0,Tier A,tier_a_primary,Tier_A_full_context,c08_exclude_weak_session_bucket,morning_60_120,-0.1698966408268734,0
2025.10.29 17:05:00,2025-10-29T17:05:00Z,oos,1164,0,Tier A,tier_a_primary,Tier_A_full_context,c08_exclude_weak_session_bucket,morning_60_120,-0.1698966408268734,0
2025.10.29 17:10:00,2025-10-29T17:10:00Z,oos,1165,0,Tier A,tier_a_primary,Tier_A_full_context,c08_exclude_weak_session_bucket,morning_60_120,-0.1698966408268734,0
2025.10.29 17:15:00,2025-10-29T17:15:00Z,oos,1166,0,Tier A,tier_a_primary,Tier_A_full_context,c08_exclude_weak_session_bucket,morning_60_120,-0.1698966408268734,0
2025.10.29 17:20:00,2025-10-29T17:20:00Z,oos,1167,0,Tier A,tier_a_primary,Tier_A_full_context,c08_exclude_weak_session_bucket,morning_60_120,-0.1698966408268734,0
2025.10.29 17:25:00,2025-10-29T17:25:00Z,oos,1168,0,Tier A,tier_a_primary,Tier_A_full_context,c08_exclude_weak_session_bucket,morning_60_120,-0.1698966408268734,0
2025.10.29 17:35:00,2025-10-29T17:35:00Z,oos,1169,0,Tier A,tier_a_primary,Tier_A_full_context,c08_exclude_weak_session_bucket,midday_lull_120_240,-0.1762380357885976,0
2025.10.29 17:40:00,2025-10-29T17:40:00Z,oos,1170,0,Tier A,tier_a_primary,Tier_A_full_context,c08_exclude_weak_session_bucket,midday_lull_120_240,-0.1762380357885976,0
2025.10.29 17:45:00,2025-10-29T17:45:00Z,oos,1171,0,Tier A,tier_a_primary,Tier_A_full_context,c08_exclude_weak_session_bucket,midday_lull_120_240,-0.1762380357885976,0
2025.10.29 17:50:00,2025-10-29T17:50:00Z,oos,1172,0,Tier A,tier_a_primary,Tier_A_full_context,c08_exclude_weak_session_bucket,midday_lull_120_240,-0.1762380357885976,0
2025.10.29 17:55:00,2025-10-29T17:55:00Z,oos,1173,0,Tier A,tier_a_primary,Tier_A_full_context,c08_exclude_weak_session_bucket,midday_lull_120_240,-0.1762380357885976,0
2025.10.29 18:00:00,2025-10-29T18:00:00Z,oos,1174,0,Tier A,tier_a_primary,Tier_A_full_context,c08_exclude_weak_session_bucket,midday_lull_120_240,-0.1762380357885976,0
2025.10.29 18:05:00,2025-10-29T18:05:00Z,oos,1175,0,Tier A,tier_a_primary,Tier_A_full_context,c08_exclude_weak_session_bucket,midday_lull_120_240,-0.1762380357885976,0
2025.10.29 18:10:00,2025-10-29T18:10:00Z,oos,1176,0,Tier A,tier_a_primary,Tier_A_full_context,c08_exclude_weak_session_bucket,midday_lull_120_240,-0.1762380357885976,0
2025.10.29 18:15:00,2025-10-29T18:15:00Z,oos,1177,0,Tier A,tier_a_primary,Tier_A_full_context,c08_exclude_weak_session_bucket,midday_lull_120_240,-0.1762380357885976,0
2025.10.29 18:20:00,2025-10-29T18:20:00Z,oos,1178,0,Tier A,tier_a_primary,Tier_A_full_context,c08_exclude_weak_session_bucket,midday_lull_120_240,-0.1762380357885976,0
2025.10.29 18:25:00,2025-10-29T18:25:00Z,oos,1179,0,Tier A,tier_a_primary,Tier_A_full_context,c08_exclude_weak_session_bucket,midday_lull_120_240,-0.1762380357885976,0
2025.10.29 18:35:00,2025-10-29T18:35:00Z,oos,1180,0,Tier A,tier_a_primary,Tier_A_full_context,c08_exclude_weak_session_bucket,midday_lull_120_240,-0.1762380357885976,0
2025.10.29 18:40:00,2025-10-29T18:40:00Z,oos,1181,0,Tier A,tier_a_primary,Tier_A_full_context,c08_exclude_weak_session_bucket,midday_lull_120_240,-0.1762380357885976,0
2025.10.29 18:45:00,2025-10-29T18:45:00Z,oos,1182,0,Tier A,tier_a_primary,Tier_A_full_context,c08_exclude_weak_session_bucket,midday_lull_120_240,-0.1762380357885976,0
2025.10.29 18:50:00,2025-10-29T18:50:00Z,oos,1183,0,Tier A,tier_a_primary,Tier_A_full_context,c08_exclude_weak_session_bucket,midday_lull_120_240,-0.1762380357885976,0
2025.10.29 19:00:00,2025-10-29T19:00:00Z,oos,1184,0,Tier A,tier_a_primary,Tier_A_full_context,c08_exclude_weak_session_bucket,midday_lull_120_240,-0.1762380357885976,0
2025.10.29 19:05:00,2025-10-29T19:05:00Z,oos,1185,0,Tier A,tier_a_primary,Tier_A_full_context,c08_exclude_weak_session_bucket,midday_lull_120_240,-0.1762380357885976,0
2025.10.29 19:10:00,2025-10-29T19:10:00Z,oos,1186,0,Tier A,tier_a_primary,Tier_A_full_context,c08_exclude_weak_session_bucket,midday_lull_120_240,-0.1762380357885976,0
2025.10.29 19:15:00,2025-10-29T19:15:00Z,oos,1187,0,Tier A,tier_a_primary,Tier_A_full_context,c08_exclude_weak_session_bucket,midday_lull_120_240,-0.1762380357885976,0
2025.10.29 19:45:00,2025-10-29T19:45:00Z,oos,1188,0,Tier A,tier_a_primary,Tier_A_full_context,c08_exclude_weak_session_bucket,late_cash_240_330,-0.17209668943772988,0
2025.10.29 19:50:00,2025-10-29T19:50:00Z,oos,1189,0,Tier A,tier_a_primary,Tier_A_full_context,c08_exclude_weak_session_bucket,late_cash_240_330,-0.17209668943772988,0
2025.10.29 19:55:00,2025-10-29T19:55:00Z,oos,1190,1,Tier A,tier_a_primary,Tier_A_full_context,c08_exclude_weak_session_bucket,late_cash_240_330,-0.17209668943772988,1
2025.10.29 20:20:00,2025-10-29T20:20:00Z,oos,1191,0,Tier A,tier_a_primary,Tier_A_full_context,c08_exclude_weak_session_bucket,late_cash_240_330,-0.17209668943772988,0
2025.10.29 20:30:00,2025-10-29T20:30:00Z,oos,1192,0,Tier A,tier_a_primary,Tier_A_full_context,c08_exclude_weak_session_bucket,late_cash_240_330,-0.17209668943772988,0
2025.10.29 20:35:00,2025-10-29T20:35:00Z,oos,1193,0,Tier A,tier_a_primary,Tier_A_full_context,c08_exclude_weak_session_bucket,late_cash_240_330,-0.17209668943772988,0
2025.10.29 20:50:00,2025-10-29T20:50:00Z,oos,1194,0,Tier A,tier_a_primary,Tier_A_full_context,c08_exclude_weak_session_bucket,late_cash_240_330,-0.17209668943772988,0
2025.10.29 20:55:00,2025-10-29T20:55:00Z,oos,1195,0,Tier A,tier_a_primary,Tier_A_full_context,c08_exclude_weak_session_bucket,late_cash_240_330,-0.17209668943772988,0
2025.10.29 21:00:00,2025-10-29T21:00:00Z,oos,1196,0,Tier A,tier_a_primary,Tier_A_full_context,c08_exclude_weak_session_bucket,late_cash_240_330,-0.17209668943772988,0
2025.10.30 16:35:00,2025-10-30T16:35:00Z,oos,1197,-1,Tier A,tier_a_primary,Tier_A_full_context,c08_exclude_weak_session_bucket,morning_60_120,-0.1698966408268734,-1
2025.10.30 16:40:00,2025-10-30T16:40:00Z,oos,1198,-1,Tier A,tier_a_primary,Tier_A_full_context,c08_exclude_weak_session_bucket,morning_60_120,-0.1698966408268734,-1
2025.10.30 16:45:00,2025-10-30T16:45:00Z,oos,1199,1,Tier A,tier_a_primary,Tier_A_full_context,c08_exclude_weak_session_bucket,morning_60_120,-0.1698966408268734,1
2025.10.30 16:50:00,2025-10-30T16:50:00Z,oos,1200,1,Tier A,tier_a_primary,Tier_A_full_context,c08_exclude_weak_session_bucket,morning_60_120,-0.1698966408268734,1
2025.10.30 16:55:00,2025-10-30T16:55:00Z,oos,1201,1,Tier A,tier_a_primary,Tier_A_full_context,c08_exclude_weak_session_bucket,morning_60_120,-0.1698966408268734,1
2025.10.30 17:00:00,2025-10-30T17:00:00Z,oos,1202,0,Tier A,tier_a_primary,Tier_A_full_context,c08_exclude_weak_session_bucket,morning_60_120,-0.1698966408268734,0
2025.10.30 17:05:00,2025-10-30T17:05:00Z,oos,1203,0,Tier A,tier_a_primary,Tier_A_full_context,c08_exclude_weak_session_bucket,morning_60_120,-0.1698966408268734,0
2025.10.30 17:10:00,2025-10-30T17:10:00Z,oos,1204,0,Tier A,tier_a_primary,Tier_A_full_context,c08_exclude_weak_session_bucket,morning_60_120,-0.1698966408268734,0
2025.10.30 17:15:00,2025-10-30T17:15:00Z,oos,1205,0,Tier A,tier_a_primary,Tier_A_full_context,c08_exclude_weak_session_bucket,morning_60_120,-0.1698966408268734,0
2025.10.30 17:20:00,2025-10-30T17:20:00Z,oos,1206,-1,Tier A,tier_a_primary,Tier_A_full_context,c08_exclude_weak_session_bucket,morning_60_120,-0.1698966408268734,-1
2025.10.30 17:25:00,2025-10-30T17:25:00Z,oos,1207,0,Tier A,tier_a_primary,Tier_A_full_context,c08_exclude_weak_session_bucket,morning_60_120,-0.1698966408268734,0
2025.10.30 17:30:00,2025-10-30T17:30:00Z,oos,1208,0,Tier A,tier_a_primary,Tier_A_full_context,c08_exclude_weak_session_bucket,morning_60_120,-0.1698966408268734,0
2025.10.30 17:35:00,2025-10-30T17:35:00Z,oos,1209,0,Tier A,tier_a_primary,Tier_A_full_context,c08_exclude_weak_session_bucket,midday_lull_120_240,-0.1762380357885976,0
2025.10.30 17:40:00,2025-10-30T17:40:00Z,oos,1210,0,Tier A,tier_a_primary,Tier_A_full_context,c08_exclude_weak_session_bucket,midday_lull_120_240,-0.1762380357885976,0
2025.10.30 17:45:00,2025-10-30T17:45:00Z,oos,1211,0,Tier A,tier_a_primary,Tier_A_full_context,c08_exclude_weak_session_bucket,midday_lull_120_240,-0.1762380357885976,0
2025.10.30 17:50:00,2025-10-30T17:50:00Z,oos,1212,0,Tier A,tier_a_primary,Tier_A_full_context,c08_exclude_weak_session_bucket,midday_lull_120_240,-0.1762380357885976,0
2025.10.30 17:55:00,2025-10-30T17:55:00Z,oos,1213,0,Tier A,tier_a_primary,Tier_A_full_context,c08_exclude_weak_session_bucket,midday_lull_120_240,-0.1762380357885976,0
2025.10.30 18:00:00,2025-10-30T18:00:00Z,oos,1214,0,Tier A,tier_a_primary,Tier_A_full_context,c08_exclude_weak_session_bucket,midday_lull_120_240,-0.1762380357885976,0
2025.10.30 18:05:00,2025-10-30T18:05:00Z,oos,1215,0,Tier A,tier_a_primary,Tier_A_full_context,c08_exclude_weak_session_bucket,midday_lull_120_240,-0.1762380357885976,0
2025.10.30 18:10:00,2025-10-30T18:10:00Z,oos,1216,0,Tier A,tier_a_primary,Tier_A_full_context,c08_exclude_weak_session_bucket,midday_lull_120_240,-0.1762380357885976,0
2025.10.30 18:15:00,2025-10-30T18:15:00Z,oos,1217,0,Tier A,tier_a_primary,Tier_A_full_context,c08_exclude_weak_session_bucket,midday_lull_120_240,-0.1762380357885976,0
2025.10.30 18:20:00,2025-10-30T18:20:00Z,oos,1218,0,Tier A,tier_a_primary,Tier_A_full_context,c08_exclude_weak_session_bucket,midday_lull_120_240,-0.1762380357885976,0
2025.10.30 18:25:00,2025-10-30T18:25:00Z,oos,1219,0,Tier A,tier_a_primary,Tier_A_full_context,c08_exclude_weak_session_bucket,midday_lull_120_240,-0.1762380357885976,0
2025.10.30 18:30:00,2025-10-30T18:30:00Z,oos,1220,0,Tier A,tier_a_primary,Tier_A_full_context,c08_exclude_weak_session_bucket,midday_lull_120_240,-0.1762380357885976,0
2025.10.30 18:35:00,2025-10-30T18:35:00Z,oos,1221,0,Tier A,tier_a_primary,Tier_A_full_context,c08_exclude_weak_session_bucket,midday_lull_120_240,-0.1762380357885976,0
2025.10.30 18:40:00,2025-10-30T18:40:00Z,oos,1222,0,Tier A,tier_a_primary,Tier_A_full_context,c08_exclude_weak_session_bucket,midday_lull_120_240,-0.1762380357885976,0
2025.10.30 18:45:00,2025-10-30T18:45:00Z,oos,1223,0,Tier A,tier_a_primary,Tier_A_full_context,c08_exclude_weak_session_bucket,midday_lull_120_240,-0.1762380357885976,0
2025.10.30 18:50:00,2025-10-30T18:50:00Z,oos,1224,0,Tier A,tier_a_primary,Tier_A_full_context,c08_exclude_weak_session_bucket,midday_lull_120_240,-0.1762380357885976,0
2025.10.30 18:55:00,2025-10-30T18:55:00Z,oos,1225,0,Tier A,tier_a_primary,Tier_A_full_context,c08_exclude_weak_session_bucket,midday_lull_120_240,-0.1762380357885976,0
2025.10.30 19:00:00,2025-10-30T19:00:00Z,oos,1226,0,Tier A,tier_a_primary,Tier_A_full_context,c08_exclude_weak_session_bucket,midday_lull_120_240,-0.1762380357885976,0
2025.10.30 19:05:00,2025-10-30T19:05:00Z,oos,1227,0,Tier A,tier_a_primary,Tier_A_full_context,c08_exclude_weak_session_bucket,midday_lull_120_240,-0.1762380357885976,0
2025.10.30 19:10:00,2025-10-30T19:10:00Z,oos,1228,0,Tier A,tier_a_primary,Tier_A_full_context,c08_exclude_weak_session_bucket,midday_lull_120_240,-0.1762380357885976,0
2025.10.30 19:15:00,2025-10-30T19:15:00Z,oos,1229,0,Tier A,tier_a_primary,Tier_A_full_context,c08_exclude_weak_session_bucket,midday_lull_120_240,-0.1762380357885976,0
2025.10.30 19:20:00,2025-10-30T19:20:00Z,oos,1230,0,Tier A,tier_a_primary,Tier_A_full_context,c08_exclude_weak_session_bucket,midday_lull_120_240,-0.1762380357885976,0
2025.10.30 19:25:00,2025-10-30T19:25:00Z,oos,1231,0,Tier A,tier_a_primary,Tier_A_full_context,c08_exclude_weak_session_bucket,midday_lull_120_240,-0.1762380357885976,0
2025.10.30 19:30:00,2025-10-30T19:30:00Z,oos,1232,0,Tier A,tier_a_primary,Tier_A_full_context,c08_exclude_weak_session_bucket,midday_lull_120_240,-0.1762380357885976,0
2025.10.30 19:35:00,2025-10-30T19:35:00Z,oos,1233,0,Tier A,tier_a_primary,Tier_A_full_context,c08_exclude_weak_session_bucket,late_cash_240_330,-0.17209668943772988,0
2025.10.30 19:40:00,2025-10-30T19:40:00Z,oos,1234,0,Tier A,tier_a_primary,Tier_A_full_context,c08_exclude_weak_session_bucket,late_cash_240_330,-0.17209668943772988,0
2025.10.30 19:45:00,2025-10-30T19:45:00Z,oos,1235,0,Tier A,tier_a_primary,Tier_A_full_context,c08_exclude_weak_session_bucket,late_cash_240_330,-0.17209668943772988,0
2025.10.30 19:50:00,2025-10-30T19:50:00Z,oos,1236,0,Tier A,tier_a_primary,Tier_A_full_context,c08_exclude_weak_session_bucket,late_cash_240_330,-0.17209668943772988,0
2025.10.30 19:55:00,2025-10-30T19:55:00Z,oos,1237,0,Tier A,tier_a_primary,Tier_A_full_context,c08_exclude_weak_session_bucket,late_cash_240_330,-0.17209668943772988,0
2025.10.30 20:00:00,2025-10-30T20:00:00Z,oos,1238,0,Tier A,tier_a_primary,Tier_A_full_context,c08_exclude_weak_session_bucket,late_cash_240_330,-0.17209668943772988,0
2025.10.30 20:05:00,2025-10-30T20:05:00Z,oos,1239,0,Tier A,tier_a_primary,Tier_A_full_context,c08_exclude_weak_session_bucket,late_cash_240_330,-0.17209668943772988,0
2025.10.30 20:20:00,2025-10-30T20:20:00Z,oos,1240,0,Tier A,tier_a_primary,Tier_A_full_context,c08_exclude_weak_session_bucket,late_cash_240_330,-0.17209668943772988,0
2025.10.30 20:25:00,2025-10-30T20:25:00Z,oos,1241,0,Tier A,tier_a_primary,Tier_A_full_context,c08_exclude_weak_session_bucket,late_cash_240_330,-0.17209668943772988,0
2025.10.30 20:30:00,2025-10-30T20:30:00Z,oos,1242,0,Tier A,tier_a_primary,Tier_A_full_context,c08_exclude_weak_session_bucket,late_cash_240_330,-0.17209668943772988,0
2025.10.30 20:35:00,2025-10-30T20:35:00Z,oos,1243,0,Tier A,tier_a_primary,Tier_A_full_context,c08_exclude_weak_session_bucket,late_cash_240_330,-0.17209668943772988,0
2025.10.30 20:40:00,2025-10-30T20:40:00Z,oos,1244,0,Tier A,tier_a_primary,Tier_A_full_context,c08_exclude_weak_session_bucket,late_cash_240_330,-0.17209668943772988,0
2025.10.30 20:45:00,2025-10-30T20:45:00Z,oos,1245,0,Tier A,tier_a_primary,Tier_A_full_context,c08_exclude_weak_session_bucket,late_cash_240_330,-0.17209668943772988,0
2025.10.30 20:55:00,2025-10-30T20:55:00Z,oos,1246,0,Tier A,tier_a_primary,Tier_A_full_context,c08_exclude_weak_session_bucket,late_cash_240_330,-0.17209668943772988,0
2025.10.30 21:00:00,2025-10-30T21:00:00Z,oos,1247,0,Tier A,tier_a_primary,Tier_A_full_context,c08_exclude_weak_session_bucket,late_cash_240_330,-0.17209668943772988,0
2025.10.31 16:35:00,2025-10-31T16:35:00Z,oos,1248,-1,Tier A,tier_a_primary,Tier_A_full_context,c08_exclude_weak_session_bucket,morning_60_120,-0.1698966408268734,-1
2025.10.31 16:40:00,2025-10-31T16:40:00Z,oos,1249,0,Tier A,tier_a_primary,Tier_A_full_context,c08_exclude_weak_session_bucket,morning_60_120,-0.1698966408268734,0
2025.10.31 16:45:00,2025-10-31T16:45:00Z,oos,1250,-1,Tier A,tier_a_primary,Tier_A_full_context,c08_exclude_weak_session_bucket,morning_60_120,-0.1698966408268734,-1
2025.10.31 16:50:00,2025-10-31T16:50:00Z,oos,1251,0,Tier A,tier_a_primary,Tier_A_full_context,c08_exclude_weak_session_bucket,morning_60_120,-0.1698966408268734,0
2025.10.31 16:55:00,2025-10-31T16:55:00Z,oos,1252,0,Tier A,tier_a_primary,Tier_A_full_context,c08_exclude_weak_session_bucket,morning_60_120,-0.1698966408268734,0
2025.10.31 17:00:00,2025-10-31T17:00:00Z,oos,1253,0,Tier A,tier_a_primary,Tier_A_full_context,c08_exclude_weak_session_bucket,morning_60_120,-0.1698966408268734,0
2025.10.31 17:05:00,2025-10-31T17:05:00Z,oos,1254,-1,Tier A,tier_a_primary,Tier_A_full_context,c08_exclude_weak_session_bucket,morning_60_120,-0.1698966408268734,-1
2025.10.31 17:10:00,2025-10-31T17:10:00Z,oos,1255,1,Tier A,tier_a_primary,Tier_A_full_context,c08_exclude_weak_session_bucket,morning_60_120,-0.1698966408268734,1
2025.10.31 17:15:00,2025-10-31T17:15:00Z,oos,1256,0,Tier A,tier_a_primary,Tier_A_full_context,c08_exclude_weak_session_bucket,morning_60_120,-0.1698966408268734,0
2025.10.31 17:20:00,2025-10-31T17:20:00Z,oos,1257,1,Tier A,tier_a_primary,Tier_A_full_context,c08_exclude_weak_session_bucket,morning_60_120,-0.1698966408268734,1
2025.10.31 17:25:00,2025-10-31T17:25:00Z,oos,1258,0,Tier A,tier_a_primary,Tier_A_full_context,c08_exclude_weak_session_bucket,morning_60_120,-0.1698966408268734,0
2025.10.31 17:30:00,2025-10-31T17:30:00Z,oos,1259,0,Tier A,tier_a_primary,Tier_A_full_context,c08_exclude_weak_session_bucket,morning_60_120,-0.1698966408268734,0
2025.10.31 17:35:00,2025-10-31T17:35:00Z,oos,1260,0,Tier A,tier_a_primary,Tier_A_full_context,c08_exclude_weak_session_bucket,midday_lull_120_240,-0.1762380357885976,0
2025.10.31 17:40:00,2025-10-31T17:40:00Z,oos,1261,0,Tier A,tier_a_primary,Tier_A_full_context,c08_exclude_weak_session_bucket,midday_lull_120_240,-0.1762380357885976,0
2025.10.31 17:45:00,2025-10-31T17:45:00Z,oos,1262,0,Tier A,tier_a_primary,Tier_A_full_context,c08_exclude_weak_session_bucket,midday_lull_120_240,-0.1762380357885976,0
2025.10.31 17:50:00,2025-10-31T17:50:00Z,oos,1263,0,Tier A,tier_a_primary,Tier_A_full_context,c08_exclude_weak_session_bucket,midday_lull_120_240,-0.1762380357885976,0
2025.10.31 17:55:00,2025-10-31T17:55:00Z,oos,1264,0,Tier A,tier_a_primary,Tier_A_full_context,c08_exclude_weak_session_bucket,midday_lull_120_240,-0.1762380357885976,0
2025.10.31 18:00:00,2025-10-31T18:00:00Z,oos,1265,0,Tier A,tier_a_primary,Tier_A_full_context,c08_exclude_weak_session_bucket,midday_lull_120_240,-0.1762380357885976,0
2025.10.31 18:05:00,2025-10-31T18:05:00Z,oos,1266,0,Tier A,tier_a_primary,Tier_A_full_context,c08_exclude_weak_session_bucket,midday_lull_120_240,-0.1762380357885976,0
2025.10.31 18:10:00,2025-10-31T18:10:00Z,oos,1267,0,Tier A,tier_a_primary,Tier_A_full_context,c08_exclude_weak_session_bucket,midday_lull_120_240,-0.1762380357885976,0
2025.10.31 18:15:00,2025-10-31T18:15:00Z,oos,1268,0,Tier A,tier_a_primary,Tier_A_full_context,c08_exclude_weak_session_bucket,midday_lull_120_240,-0.1762380357885976,0
2025.10.31 18:20:00,2025-10-31T18:20:00Z,oos,1269,0,Tier A,tier_a_primary,Tier_A_full_context,c08_exclude_weak_session_bucket,midday_lull_120_240,-0.1762380357885976,0
2025.10.31 18:25:00,2025-10-31T18:25:00Z,oos,1270,0,Tier A,tier_a_primary,Tier_A_full_context,c08_exclude_weak_session_bucket,midday_lull_120_240,-0.1762380357885976,0
2025.10.31 18:30:00,2025-10-31T18:30:00Z,oos,1271,0,Tier A,tier_a_primary,Tier_A_full_context,c08_exclude_weak_session_bucket,midday_lull_120_240,-0.1762380357885976,0
2025.10.31 18:35:00,2025-10-31T18:35:00Z,oos,1272,0,Tier A,tier_a_primary,Tier_A_full_context,c08_exclude_weak_session_bucket,midday_lull_120_240,-0.1762380357885976,0
2025.10.31 18:40:00,2025-10-31T18:40:00Z,oos,1273,0,Tier A,tier_a_primary,Tier_A_full_context,c08_exclude_weak_session_bucket,midday_lull_120_240,-0.1762380357885976,0
2025.10.31 18:45:00,2025-10-31T18:45:00Z,oos,1274,0,Tier A,tier_a_primary,Tier_A_full_context,c08_exclude_weak_session_bucket,midday_lull_120_240,-0.1762380357885976,0
2025.10.31 18:50:00,2025-10-31T18:50:00Z,oos,1275,0,Tier A,tier_a_primary,Tier_A_full_context,c08_exclude_weak_session_bucket,midday_lull_120_240,-0.1762380357885976,0
2025.10.31 18:55:00,2025-10-31T18:55:00Z,oos,1276,0,Tier A,tier_a_primary,Tier_A_full_context,c08_exclude_weak_session_bucket,midday_lull_120_240,-0.1762380357885976,0
2025.10.31 19:00:00,2025-10-31T19:00:00Z,oos,1277,0,Tier A,tier_a_primary,Tier_A_full_context,c08_exclude_weak_session_bucket,midday_lull_120_240,-0.1762380357885976,0
2025.10.31 19:05:00,2025-10-31T19:05:00Z,oos,1278,0,Tier A,tier_a_primary,Tier_A_full_context,c08_exclude_weak_session_bucket,midday_lull_120_240,-0.1762380357885976,0
2025.10.31 19:10:00,2025-10-31T19:10:00Z,oos,1279,0,Tier A,tier_a_primary,Tier_A_full_context,c08_exclude_weak_session_bucket,midday_lull_120_240,-0.1762380357885976,0
2025.10.31 19:15:00,2025-10-31T19:15:00Z,oos,1280,0,Tier A,tier_a_primary,Tier_A_full_context,c08_exclude_weak_session_bucket,midday_lull_120_240,-0.1762380357885976,0
2025.10.31 19:20:00,2025-10-31T19:20:00Z,oos,1281,0,Tier A,tier_a_primary,Tier_A_full_context,c08_exclude_weak_session_bucket,midday_lull_120_240,-0.1762380357885976,0
2025.10.31 19:25:00,2025-10-31T19:25:00Z,oos,1282,0,Tier A,tier_a_primary,Tier_A_full_context,c08_exclude_weak_session_bucket,midday_lull_120_240,-0.1762380357885976,0
2025.10.31 19:30:00,2025-10-31T19:30:00Z,oos,1283,0,Tier A,tier_a_primary,Tier_A_full_context,c08_exclude_weak_session_bucket,midday_lull_120_240,-0.1762380357885976,0
2025.10.31 19:35:00,2025-10-31T19:35:00Z,oos,1284,1,Tier A,tier_a_primary,Tier_A_full_context,c08_exclude_weak_session_bucket,late_cash_240_330,-0.17209668943772988,1
2025.10.31 19:40:00,2025-10-31T19:40:00Z,oos,1285,0,Tier A,tier_a_primary,Tier_A_full_context,c08_exclude_weak_session_bucket,late_cash_240_330,-0.17209668943772988,0
2025.10.31 19:45:00,2025-10-31T19:45:00Z,oos,1286,-1,Tier A,tier_a_primary,Tier_A_full_context,c08_exclude_weak_session_bucket,late_cash_240_330,-0.17209668943772988,-1
2025.10.31 19:50:00,2025-10-31T19:50:00Z,oos,1287,0,Tier A,tier_a_primary,Tier_A_full_context,c08_exclude_weak_session_bucket,late_cash_240_330,-0.17209668943772988,0
2025.10.31 19:55:00,2025-10-31T19:55:00Z,oos,1288,-1,Tier A,tier_a_primary,Tier_A_full_context,c08_exclude_weak_session_bucket,late_cash_240_330,-0.17209668943772988,-1
2025.10.31 20:00:00,2025-10-31T20:00:00Z,oos,1289,0,Tier A,tier_a_primary,Tier_A_full_context,c08_exclude_weak_session_bucket,late_cash_240_330,-0.17209668943772988,0
2025.10.31 20:05:00,2025-10-31T20:05:00Z,oos,1290,0,Tier A,tier_a_primary,Tier_A_full_context,c08_exclude_weak_session_bucket,late_cash_240_330,-0.17209668943772988,0
2025.10.31 20:10:00,2025-10-31T20:10:00Z,oos,1291,1,Tier A,tier_a_primary,Tier_A_full_context,c08_exclude_weak_session_bucket,late_cash_240_330,-0.17209668943772988,1
2025.10.31 20:15:00,2025-10-31T20:15:00Z,oos,1292,0,Tier A,tier_a_primary,Tier_A_full_context,c08_exclude_weak_session_bucket,late_cash_240_330,-0.17209668943772988,0
2025.10.31 20:20:00,2025-10-31T20:20:00Z,oos,1293,0,Tier A,tier_a_primary,Tier_A_full_context,c08_exclude_weak_session_bucket,late_cash_240_330,-0.17209668943772988,0
2025.10.31 20:25:00,2025-10-31T20:25:00Z,oos,1294,1,Tier A,tier_a_primary,Tier_A_full_context,c08_exclude_weak_session_bucket,late_cash_240_330,-0.17209668943772988,1
2025.10.31 20:30:00,2025-10-31T20:30:00Z,oos,1295,0,Tier A,tier_a_primary,Tier_A_full_context,c08_exclude_weak_session_bucket,late_cash_240_330,-0.17209668943772988,0
2025.10.31 20:35:00,2025-10-31T20:35:00Z,oos,1296,0,Tier A,tier_a_primary,Tier_A_full_context,c08_exclude_weak_session_bucket,late_cash_240_330,-0.17209668943772988,0
2025.10.31 20:40:00,2025-10-31T20:40:00Z,oos,1297,0,Tier A,tier_a_primary,Tier_A_full_context,c08_exclude_weak_session_bucket,late_cash_240_330,-0.17209668943772988,0
2025.10.31 20:45:00,2025-10-31T20:45:00Z,oos,1298,1,Tier A,tier_a_primary,Tier_A_full_context,c08_exclude_weak_session_bucket,late_cash_240_330,-0.17209668943772988,1
2025.10.31 20:50:00,2025-10-31T20:50:00Z,oos,1299,1,Tier A,tier_a_primary,Tier_A_full_context,c08_exclude_weak_session_bucket,late_cash_240_330,-0.17209668943772988,1
2025.10.31 21:00:00,2025-10-31T21:00:00Z,oos,1300,0,Tier A,tier_a_primary,Tier_A_full_context,c08_exclude_weak_session_bucket,late_cash_240_330,-0.17209668943772988,0
2025.11.03 17:40:00,2025-11-03T17:40:00Z,oos,1301,1,Tier A,tier_a_primary,Tier_A_full_context,c08_exclude_weak_session_bucket,morning_60_120,-0.1698966408268734,1
2025.11.03 17:45:00,2025-11-03T17:45:00Z,oos,1302,1,Tier A,tier_a_primary,Tier_A_full_context,c08_exclude_weak_session_bucket,morning_60_120,-0.1698966408268734,1
2025.11.03 17:50:00,2025-11-03T17:50:00Z,oos,1303,-1,Tier A,tier_a_primary,Tier_A_full_context,c08_exclude_weak_session_bucket,morning_60_120,-0.1698966408268734,-1
2025.11.03 17:55:00,2025-11-03T17:55:00Z,oos,1304,1,Tier A,tier_a_primary,Tier_A_full_context,c08_exclude_weak_session_bucket,morning_60_120,-0.1698966408268734,1
2025.11.03 18:00:00,2025-11-03T18:00:00Z,oos,1305,1,Tier A,tier_a_primary,Tier_A_full_context,c08_exclude_weak_session_bucket,morning_60_120,-0.1698966408268734,1
2025.11.03 18:05:00,2025-11-03T18:05:00Z,oos,1306,0,Tier A,tier_a_primary,Tier_A_full_context,c08_exclude_weak_session_bucket,morning_60_120,-0.1698966408268734,0
2025.11.03 18:10:00,2025-11-03T18:10:00Z,oos,1307,0,Tier A,tier_a_primary,Tier_A_full_context,c08_exclude_weak_session_bucket,morning_60_120,-0.1698966408268734,0
2025.11.03 18:15:00,2025-11-03T18:15:00Z,oos,1308,0,Tier A,tier_a_primary,Tier_A_full_context,c08_exclude_weak_session_bucket,morning_60_120,-0.1698966408268734,0
2025.11.03 18:20:00,2025-11-03T18:20:00Z,oos,1309,0,Tier A,tier_a_primary,Tier_A_full_context,c08_exclude_weak_session_bucket,morning_60_120,-0.1698966408268734,0
2025.11.03 18:25:00,2025-11-03T18:25:00Z,oos,1310,0,Tier A,tier_a_primary,Tier_A_full_context,c08_exclude_weak_session_bucket,morning_60_120,-0.1698966408268734,0
2025.11.03 18:30:00,2025-11-03T18:30:00Z,oos,1311,0,Tier A,tier_a_primary,Tier_A_full_context,c08_exclude_weak_session_bucket,morning_60_120,-0.1698966408268734,0
2025.11.03 18:35:00,2025-11-03T18:35:00Z,oos,1312,0,Tier A,tier_a_primary,Tier_A_full_context,c08_exclude_weak_session_bucket,midday_lull_120_240,-0.1762380357885976,0
2025.11.03 18:40:00,2025-11-03T18:40:00Z,oos,1313,0,Tier A,tier_a_primary,Tier_A_full_context,c08_exclude_weak_session_bucket,midday_lull_120_240,-0.1762380357885976,0
2025.11.03 18:45:00,2025-11-03T18:45:00Z,oos,1314,0,Tier A,tier_a_primary,Tier_A_full_context,c08_exclude_weak_session_bucket,midday_lull_120_240,-0.1762380357885976,0
2025.11.03 18:50:00,2025-11-03T18:50:00Z,oos,1315,0,Tier A,tier_a_primary,Tier_A_full_context,c08_exclude_weak_session_bucket,midday_lull_120_240,-0.1762380357885976,0
2025.11.03 19:00:00,2025-11-03T19:00:00Z,oos,1316,0,Tier A,tier_a_primary,Tier_A_full_context,c08_exclude_weak_session_bucket,midday_lull_120_240,-0.1762380357885976,0
2025.11.03 19:05:00,2025-11-03T19:05:00Z,oos,1317,0,Tier A,tier_a_primary,Tier_A_full_context,c08_exclude_weak_session_bucket,midday_lull_120_240,-0.1762380357885976,0
2025.11.03 19:10:00,2025-11-03T19:10:00Z,oos,1318,0,Tier A,tier_a_primary,Tier_A_full_context,c08_exclude_weak_session_bucket,midday_lull_120_240,-0.1762380357885976,0
2025.11.03 19:15:00,2025-11-03T19:15:00Z,oos,1319,0,Tier A,tier_a_primary,Tier_A_full_context,c08_exclude_weak_session_bucket,midday_lull_120_240,-0.1762380357885976,0
2025.11.03 19:30:00,2025-11-03T19:30:00Z,oos,1320,0,Tier A,tier_a_primary,Tier_A_full_context,c08_exclude_weak_session_bucket,midday_lull_120_240,-0.1762380357885976,0
2025.11.03 19:45:00,2025-11-03T19:45:00Z,oos,1321,0,Tier A,tier_a_primary,Tier_A_full_context,c08_exclude_weak_session_bucket,midday_lull_120_240,-0.1762380357885976,0
2025.11.03 19:50:00,2025-11-03T19:50:00Z,oos,1322,0,Tier A,tier_a_primary,Tier_A_full_context,c08_exclude_weak_session_bucket,midday_lull_120_240,-0.1762380357885976,0
2025.11.03 20:00:00,2025-11-03T20:00:00Z,oos,1323,0,Tier A,tier_a_primary,Tier_A_full_context,c08_exclude_weak_session_bucket,midday_lull_120_240,-0.1762380357885976,0
2025.11.03 20:05:00,2025-11-03T20:05:00Z,oos,1324,0,Tier A,tier_a_primary,Tier_A_full_context,c08_exclude_weak_session_bucket,midday_lull_120_240,-0.1762380357885976,0
2025.11.03 20:10:00,2025-11-03T20:10:00Z,oos,1325,0,Tier A,tier_a_primary,Tier_A_full_context,c08_exclude_weak_session_bucket,midday_lull_120_240,-0.1762380357885976,0
2025.11.03 20:15:00,2025-11-03T20:15:00Z,oos,1326,0,Tier A,tier_a_primary,Tier_A_full_context,c08_exclude_weak_session_bucket,midday_lull_120_240,-0.1762380357885976,0
2025.11.03 20:20:00,2025-11-03T20:20:00Z,oos,1327,0,Tier A,tier_a_primary,Tier_A_full_context,c08_exclude_weak_session_bucket,midday_lull_120_240,-0.1762380357885976,0
2025.11.03 20:35:00,2025-11-03T20:35:00Z,oos,1328,0,Tier A,tier_a_primary,Tier_A_full_context,c08_exclude_weak_session_bucket,late_cash_240_330,-0.17209668943772988,0
2025.11.03 20:50:00,2025-11-03T20:50:00Z,oos,1329,0,Tier A,tier_a_primary,Tier_A_full_context,c08_exclude_weak_session_bucket,late_cash_240_330,-0.17209668943772988,0
2025.11.03 20:55:00,2025-11-03T20:55:00Z,oos,1330,0,Tier A,tier_a_primary,Tier_A_full_context,c08_exclude_weak_session_bucket,late_cash_240_330,-0.17209668943772988,0
2025.11.03 21:05:00,2025-11-03T21:05:00Z,oos,1331,0,Tier A,tier_a_primary,Tier_A_full_context,c08_exclude_weak_session_bucket,late_cash_240_330,-0.17209668943772988,0
2025.11.03 21:10:00,2025-11-03T21:10:00Z,oos,1332,0,Tier A,tier_a_primary,Tier_A_full_context,c08_exclude_weak_session_bucket,late_cash_240_330,-0.17209668943772988,0
2025.11.03 21:15:00,2025-11-03T21:15:00Z,oos,1333,0,Tier A,tier_a_primary,Tier_A_full_context,c08_exclude_weak_session_bucket,late_cash_240_330,-0.17209668943772988,0
2025.11.03 21:20:00,2025-11-03T21:20:00Z,oos,1334,0,Tier A,tier_a_primary,Tier_A_full_context,c08_exclude_weak_session_bucket,late_cash_240_330,-0.17209668943772988,0
2025.11.03 21:25:00,2025-11-03T21:25:00Z,oos,1335,0,Tier A,tier_a_primary,Tier_A_full_context,c08_exclude_weak_session_bucket,late_cash_240_330,-0.17209668943772988,0
2025.11.03 21:30:00,2025-11-03T21:30:00Z,oos,1336,0,Tier A,tier_a_primary,Tier_A_full_context,c08_exclude_weak_session_bucket,late_cash_240_330,-0.17209668943772988,0
2025.11.03 21:40:00,2025-11-03T21:40:00Z,oos,1337,0,Tier A,tier_a_primary,Tier_A_full_context,c08_exclude_weak_session_bucket,late_cash_240_330,-0.17209668943772988,0
2025.11.03 21:45:00,2025-11-03T21:45:00Z,oos,1338,0,Tier A,tier_a_primary,Tier_A_full_context,c08_exclude_weak_session_bucket,late_cash_240_330,-0.17209668943772988,0
2025.11.03 21:50:00,2025-11-03T21:50:00Z,oos,1339,1,Tier A,tier_a_primary,Tier_A_full_context,c08_exclude_weak_session_bucket,late_cash_240_330,-0.17209668943772988,1
2025.11.03 21:55:00,2025-11-03T21:55:00Z,oos,1340,1,Tier A,tier_a_primary,Tier_A_full_context,c08_exclude_weak_session_bucket,late_cash_240_330,-0.17209668943772988,1
2025.11.03 22:00:00,2025-11-03T22:00:00Z,oos,1341,0,Tier A,tier_a_primary,Tier_A_full_context,c08_exclude_weak_session_bucket,late_cash_240_330,-0.17209668943772988,0
2025.11.04 16:35:00,2025-11-04T16:35:00Z,oos,1342,0,Tier A,tier_a_primary,Tier_A_full_context,c08_exclude_weak_session_bucket,cash_open_0_30,-0.09635811836115327,0
2025.11.04 16:40:00,2025-11-04T16:40:00Z,oos,1343,0,Tier A,tier_a_primary,Tier_A_full_context,c08_exclude_weak_session_bucket,cash_open_0_30,-0.09635811836115327,0
2025.11.04 16:45:00,2025-11-04T16:45:00Z,oos,1344,0,Tier A,tier_a_primary,Tier_A_full_context,c08_exclude_weak_session_bucket,cash_open_0_30,-0.09635811836115327,0
2025.11.04 16:50:00,2025-11-04T16:50:00Z,oos,1345,0,Tier A,tier_a_primary,Tier_A_full_context,c08_exclude_weak_session_bucket,cash_open_0_30,-0.09635811836115327,0
2025.11.04 16:55:00,2025-11-04T16:55:00Z,oos,1346,0,Tier A,tier_a_primary,Tier_A_full_context,c08_exclude_weak_session_bucket,cash_open_0_30,-0.09635811836115327,0
2025.11.04 17:00:00,2025-11-04T17:00:00Z,oos,1347,0,Tier A,tier_a_primary,Tier_A_full_context,c08_exclude_weak_session_bucket,cash_open_0_30,-0.09635811836115327,0
2025.11.04 17:05:00,2025-11-04T17:05:00Z,oos,1348,0,Tier A,tier_a_primary,Tier_A_full_context,c08_exclude_weak_session_bucket,early_cash_30_60,-0.12775735294117646,0
2025.11.04 17:10:00,2025-11-04T17:10:00Z,oos,1349,0,Tier A,tier_a_primary,Tier_A_full_context,c08_exclude_weak_session_bucket,early_cash_30_60,-0.12775735294117646,0
2025.11.04 17:15:00,2025-11-04T17:15:00Z,oos,1350,0,Tier A,tier_a_primary,Tier_A_full_context,c08_exclude_weak_session_bucket,early_cash_30_60,-0.12775735294117646,0
2025.11.04 17:20:00,2025-11-04T17:20:00Z,oos,1351,0,Tier A,tier_a_primary,Tier_A_full_context,c08_exclude_weak_session_bucket,early_cash_30_60,-0.12775735294117646,0
2025.11.04 17:25:00,2025-11-04T17:25:00Z,oos,1352,0,Tier A,tier_a_primary,Tier_A_full_context,c08_exclude_weak_session_bucket,early_cash_30_60,-0.12775735294117646,0
2025.11.04 17:30:00,2025-11-04T17:30:00Z,oos,1353,0,Tier A,tier_a_primary,Tier_A_full_context,c08_exclude_weak_session_bucket,early_cash_30_60,-0.12775735294117646,0
2025.11.04 17:35:00,2025-11-04T17:35:00Z,oos,1354,0,Tier A,tier_a_primary,Tier_A_full_context,c08_exclude_weak_session_bucket,morning_60_120,-0.1698966408268734,0
2025.11.04 17:40:00,2025-11-04T17:40:00Z,oos,1355,0,Tier A,tier_a_primary,Tier_A_full_context,c08_exclude_weak_session_bucket,morning_60_120,-0.1698966408268734,0
2025.11.04 17:45:00,2025-11-04T17:45:00Z,oos,1356,0,Tier A,tier_a_primary,Tier_A_full_context,c08_exclude_weak_session_bucket,morning_60_120,-0.1698966408268734,0
2025.11.04 17:50:00,2025-11-04T17:50:00Z,oos,1357,0,Tier A,tier_a_primary,Tier_A_full_context,c08_exclude_weak_session_bucket,morning_60_120,-0.1698966408268734,0
2025.11.04 17:55:00,2025-11-04T17:55:00Z,oos,1358,0,Tier A,tier_a_primary,Tier_A_full_context,c08_exclude_weak_session_bucket,morning_60_120,-0.1698966408268734,0
2025.11.04 18:00:00,2025-11-04T18:00:00Z,oos,1359,0,Tier A,tier_a_primary,Tier_A_full_context,c08_exclude_weak_session_bucket,morning_60_120,-0.1698966408268734,0
2025.11.04 18:05:00,2025-11-04T18:05:00Z,oos,1360,0,Tier A,tier_a_primary,Tier_A_full_context,c08_exclude_weak_session_bucket,morning_60_120,-0.1698966408268734,0
2025.11.04 18:10:00,2025-11-04T18:10:00Z,oos,1361,0,Tier A,tier_a_primary,Tier_A_full_context,c08_exclude_weak_session_bucket,morning_60_120,-0.1698966408268734,0
2025.11.04 18:15:00,2025-11-04T18:15:00Z,oos,1362,0,Tier A,tier_a_primary,Tier_A_full_context,c08_exclude_weak_session_bucket,morning_60_120,-0.1698966408268734,0
2025.11.04 18:20:00,2025-11-04T18:20:00Z,oos,1363,0,Tier A,tier_a_primary,Tier_A_full_context,c08_exclude_weak_session_bucket,morning_60_120,-0.1698966408268734,0
2025.11.04 18:25:00,2025-11-04T18:25:00Z,oos,1364,0,Tier A,tier_a_primary,Tier_A_full_context,c08_exclude_weak_session_bucket,morning_60_120,-0.1698966408268734,0
2025.11.04 18:30:00,2025-11-04T18:30:00Z,oos,1365,0,Tier A,tier_a_primary,Tier_A_full_context,c08_exclude_weak_session_bucket,morning_60_120,-0.1698966408268734,0
2025.11.04 18:35:00,2025-11-04T18:35:00Z,oos,1366,0,Tier A,tier_a_primary,Tier_A_full_context,c08_exclude_weak_session_bucket,midday_lull_120_240,-0.1762380357885976,0
2025.11.04 18:40:00,2025-11-04T18:40:00Z,oos,1367,0,Tier A,tier_a_primary,Tier_A_full_context,c08_exclude_weak_session_bucket,midday_lull_120_240,-0.1762380357885976,0
2025.11.04 18:45:00,2025-11-04T18:45:00Z,oos,1368,0,Tier A,tier_a_primary,Tier_A_full_context,c08_exclude_weak_session_bucket,midday_lull_120_240,-0.1762380357885976,0
2025.11.04 18:50:00,2025-11-04T18:50:00Z,oos,1369,0,Tier A,tier_a_primary,Tier_A_full_context,c08_exclude_weak_session_bucket,midday_lull_120_240,-0.1762380357885976,0
2025.11.04 18:55:00,2025-11-04T18:55:00Z,oos,1370,0,Tier A,tier_a_primary,Tier_A_full_context,c08_exclude_weak_session_bucket,midday_lull_120_240,-0.1762380357885976,0
2025.11.04 19:00:00,2025-11-04T19:00:00Z,oos,1371,0,Tier A,tier_a_primary,Tier_A_full_context,c08_exclude_weak_session_bucket,midday_lull_120_240,-0.1762380357885976,0
2025.11.04 19:05:00,2025-11-04T19:05:00Z,oos,1372,0,Tier A,tier_a_primary,Tier_A_full_context,c08_exclude_weak_session_bucket,midday_lull_120_240,-0.1762380357885976,0
2025.11.04 19:15:00,2025-11-04T19:15:00Z,oos,1373,0,Tier A,tier_a_primary,Tier_A_full_context,c08_exclude_weak_session_bucket,midday_lull_120_240,-0.1762380357885976,0
2025.11.04 19:20:00,2025-11-04T19:20:00Z,oos,1374,0,Tier A,tier_a_primary,Tier_A_full_context,c08_exclude_weak_session_bucket,midday_lull_120_240,-0.1762380357885976,0
2025.11.04 19:25:00,2025-11-04T19:25:00Z,oos,1375,0,Tier A,tier_a_primary,Tier_A_full_context,c08_exclude_weak_session_bucket,midday_lull_120_240,-0.1762380357885976,0
2025.11.04 19:35:00,2025-11-04T19:35:00Z,oos,1376,0,Tier A,tier_a_primary,Tier_A_full_context,c08_exclude_weak_session_bucket,midday_lull_120_240,-0.1762380357885976,0
2025.11.04 19:45:00,2025-11-04T19:45:00Z,oos,1377,0,Tier A,tier_a_primary,Tier_A_full_context,c08_exclude_weak_session_bucket,midday_lull_120_240,-0.1762380357885976,0
2025.11.04 19:50:00,2025-11-04T19:50:00Z,oos,1378,0,Tier A,tier_a_primary,Tier_A_full_context,c08_exclude_weak_session_bucket,midday_lull_120_240,-0.1762380357885976,0
2025.11.04 19:55:00,2025-11-04T19:55:00Z,oos,1379,0,Tier A,tier_a_primary,Tier_A_full_context,c08_exclude_weak_session_bucket,midday_lull_120_240,-0.1762380357885976,0
2025.11.04 20:05:00,2025-11-04T20:05:00Z,oos,1380,0,Tier A,tier_a_primary,Tier_A_full_context,c08_exclude_weak_session_bucket,midday_lull_120_240,-0.1762380357885976,0
2025.11.04 20:10:00,2025-11-04T20:10:00Z,oos,1381,0,Tier A,tier_a_primary,Tier_A_full_context,c08_exclude_weak_session_bucket,midday_lull_120_240,-0.1762380357885976,0
2025.11.04 20:15:00,2025-11-04T20:15:00Z,oos,1382,0,Tier A,tier_a_primary,Tier_A_full_context,c08_exclude_weak_session_bucket,midday_lull_120_240,-0.1762380357885976,0
2025.11.04 20:20:00,2025-11-04T20:20:00Z,oos,1383,0,Tier A,tier_a_primary,Tier_A_full_context,c08_exclude_weak_session_bucket,midday_lull_120_240,-0.1762380357885976,0
2025.11.04 20:25:00,2025-11-04T20:25:00Z,oos,1384,0,Tier A,tier_a_primary,Tier_A_full_context,c08_exclude_weak_session_bucket,midday_lull_120_240,-0.1762380357885976,0
2025.11.04 20:30:00,2025-11-04T20:30:00Z,oos,1385,0,Tier A,tier_a_primary,Tier_A_full_context,c08_exclude_weak_session_bucket,midday_lull_120_240,-0.1762380357885976,0
2025.11.04 20:35:00,2025-11-04T20:35:00Z,oos,1386,0,Tier A,tier_a_primary,Tier_A_full_context,c08_exclude_weak_session_bucket,late_cash_240_330,-0.17209668943772988,0
2025.11.04 20:40:00,2025-11-04T20:40:00Z,oos,1387,0,Tier A,tier_a_primary,Tier_A_full_context,c08_exclude_weak_session_bucket,late_cash_240_330,-0.17209668943772988,0
2025.11.04 20:45:00,2025-11-04T20:45:00Z,oos,1388,1,Tier A,tier_a_primary,Tier_A_full_context,c08_exclude_weak_session_bucket,late_cash_240_330,-0.17209668943772988,1
2025.11.04 20:55:00,2025-11-04T20:55:00Z,oos,1389,1,Tier A,tier_a_primary,Tier_A_full_context,c08_exclude_weak_session_bucket,late_cash_240_330,-0.17209668943772988,1
2025.11.04 21:00:00,2025-11-04T21:00:00Z,oos,1390,0,Tier A,tier_a_primary,Tier_A_full_context,c08_exclude_weak_session_bucket,late_cash_240_330,-0.17209668943772988,0
2025.11.04 21:05:00,2025-11-04T21:05:00Z,oos,1391,0,Tier A,tier_a_primary,Tier_A_full_context,c08_exclude_weak_session_bucket,late_cash_240_330,-0.17209668943772988,0
2025.11.04 21:10:00,2025-11-04T21:10:00Z,oos,1392,-1,Tier A,tier_a_primary,Tier_A_full_context,c08_exclude_weak_session_bucket,late_cash_240_330,-0.17209668943772988,-1
2025.11.04 21:15:00,2025-11-04T21:15:00Z,oos,1393,0,Tier A,tier_a_primary,Tier_A_full_context,c08_exclude_weak_session_bucket,late_cash_240_330,-0.17209668943772988,0
2025.11.04 21:20:00,2025-11-04T21:20:00Z,oos,1394,0,Tier A,tier_a_primary,Tier_A_full_context,c08_exclude_weak_session_bucket,late_cash_240_330,-0.17209668943772988,0
2025.11.04 21:25:00,2025-11-04T21:25:00Z,oos,1395,0,Tier A,tier_a_primary,Tier_A_full_context,c08_exclude_weak_session_bucket,late_cash_240_330,-0.17209668943772988,0
2025.11.04 21:35:00,2025-11-04T21:35:00Z,oos,1396,0,Tier A,tier_a_primary,Tier_A_full_context,c08_exclude_weak_session_bucket,late_cash_240_330,-0.17209668943772988,0
2025.11.04 21:40:00,2025-11-04T21:40:00Z,oos,1397,-1,Tier A,tier_a_primary,Tier_A_full_context,c08_exclude_weak_session_bucket,late_cash_240_330,-0.17209668943772988,-1
2025.11.04 21:45:00,2025-11-04T21:45:00Z,oos,1398,0,Tier A,tier_a_primary,Tier_A_full_context,c08_exclude_weak_session_bucket,late_cash_240_330,-0.17209668943772988,0
2025.11.04 22:00:00,2025-11-04T22:00:00Z,oos,1399,1,Tier A,tier_a_primary,Tier_A_full_context,c08_exclude_weak_session_bucket,late_cash_240_330,-0.17209668943772988,1
2025.11.05 16:35:00,2025-11-05T16:35:00Z,oos,1400,-1,Tier A,tier_a_primary,Tier_A_full_context,c08_exclude_weak_session_bucket,cash_open_0_30,-0.09635811836115327,-1
2025.11.05 16:40:00,2025-11-05T16:40:00Z,oos,1401,1,Tier A,tier_a_primary,Tier_A_full_context,c08_exclude_weak_session_bucket,cash_open_0_30,-0.09635811836115327,1
2025.11.05 16:45:00,2025-11-05T16:45:00Z,oos,1402,-1,Tier A,tier_a_primary,Tier_A_full_context,c08_exclude_weak_session_bucket,cash_open_0_30,-0.09635811836115327,-1
2025.11.05 16:50:00,2025-11-05T16:50:00Z,oos,1403,1,Tier A,tier_a_primary,Tier_A_full_context,c08_exclude_weak_session_bucket,cash_open_0_30,-0.09635811836115327,1
2025.11.05 16:55:00,2025-11-05T16:55:00Z,oos,1404,1,Tier A,tier_a_primary,Tier_A_full_context,c08_exclude_weak_session_bucket,cash_open_0_30,-0.09635811836115327,1
2025.11.05 17:00:00,2025-11-05T17:00:00Z,oos,1405,0,Tier A,tier_a_primary,Tier_A_full_context,c08_exclude_weak_session_bucket,cash_open_0_30,-0.09635811836115327,0
2025.11.05 17:05:00,2025-11-05T17:05:00Z,oos,1406,-1,Tier A,tier_a_primary,Tier_A_full_context,c08_exclude_weak_session_bucket,early_cash_30_60,-0.12775735294117646,-1
2025.11.05 17:10:00,2025-11-05T17:10:00Z,oos,1407,0,Tier A,tier_a_primary,Tier_A_full_context,c08_exclude_weak_session_bucket,early_cash_30_60,-0.12775735294117646,0
2025.11.05 17:15:00,2025-11-05T17:15:00Z,oos,1408,-1,Tier A,tier_a_primary,Tier_A_full_context,c08_exclude_weak_session_bucket,early_cash_30_60,-0.12775735294117646,-1
2025.11.05 17:20:00,2025-11-05T17:20:00Z,oos,1409,0,Tier A,tier_a_primary,Tier_A_full_context,c08_exclude_weak_session_bucket,early_cash_30_60,-0.12775735294117646,0
2025.11.05 17:25:00,2025-11-05T17:25:00Z,oos,1410,1,Tier A,tier_a_primary,Tier_A_full_context,c08_exclude_weak_session_bucket,early_cash_30_60,-0.12775735294117646,1
2025.11.05 17:30:00,2025-11-05T17:30:00Z,oos,1411,0,Tier A,tier_a_primary,Tier_A_full_context,c08_exclude_weak_session_bucket,early_cash_30_60,-0.12775735294117646,0
2025.11.05 17:35:00,2025-11-05T17:35:00Z,oos,1412,0,Tier A,tier_a_primary,Tier_A_full_context,c08_exclude_weak_session_bucket,morning_60_120,-0.1698966408268734,0
2025.11.05 17:40:00,2025-11-05T17:40:00Z,oos,1413,0,Tier A,tier_a_primary,Tier_A_full_context,c08_exclude_weak_session_bucket,morning_60_120,-0.1698966408268734,0
2025.11.05 17:45:00,2025-11-05T17:45:00Z,oos,1414,0,Tier A,tier_a_primary,Tier_A_full_context,c08_exclude_weak_session_bucket,morning_60_120,-0.1698966408268734,0
2025.11.05 17:50:00,2025-11-05T17:50:00Z,oos,1415,0,Tier A,tier_a_primary,Tier_A_full_context,c08_exclude_weak_session_bucket,morning_60_120,-0.1698966408268734,0
2025.11.05 17:55:00,2025-11-05T17:55:00Z,oos,1416,0,Tier A,tier_a_primary,Tier_A_full_context,c08_exclude_weak_session_bucket,morning_60_120,-0.1698966408268734,0
2025.11.05 18:00:00,2025-11-05T18:00:00Z,oos,1417,0,Tier A,tier_a_primary,Tier_A_full_context,c08_exclude_weak_session_bucket,morning_60_120,-0.1698966408268734,0
2025.11.05 18:05:00,2025-11-05T18:05:00Z,oos,1418,0,Tier A,tier_a_primary,Tier_A_full_context,c08_exclude_weak_session_bucket,morning_60_120,-0.1698966408268734,0
2025.11.05 18:10:00,2025-11-05T18:10:00Z,oos,1419,0,Tier A,tier_a_primary,Tier_A_full_context,c08_exclude_weak_session_bucket,morning_60_120,-0.1698966408268734,0
2025.11.05 18:15:00,2025-11-05T18:15:00Z,oos,1420,-1,Tier A,tier_a_primary,Tier_A_full_context,c08_exclude_weak_session_bucket,morning_60_120,-0.1698966408268734,-1
2025.11.05 18:20:00,2025-11-05T18:20:00Z,oos,1421,0,Tier A,tier_a_primary,Tier_A_full_context,c08_exclude_weak_session_bucket,morning_60_120,-0.1698966408268734,0
2025.11.05 18:25:00,2025-11-05T18:25:00Z,oos,1422,1,Tier A,tier_a_primary,Tier_A_full_context,c08_exclude_weak_session_bucket,morning_60_120,-0.1698966408268734,1
2025.11.05 18:30:00,2025-11-05T18:30:00Z,oos,1423,1,Tier A,tier_a_primary,Tier_A_full_context,c08_exclude_weak_session_bucket,morning_60_120,-0.1698966408268734,1
2025.11.05 18:35:00,2025-11-05T18:35:00Z,oos,1424,0,Tier A,tier_a_primary,Tier_A_full_context,c08_exclude_weak_session_bucket,midday_lull_120_240,-0.1762380357885976,0
2025.11.05 18:40:00,2025-11-05T18:40:00Z,oos,1425,0,Tier A,tier_a_primary,Tier_A_full_context,c08_exclude_weak_session_bucket,midday_lull_120_240,-0.1762380357885976,0
2025.11.05 18:45:00,2025-11-05T18:45:00Z,oos,1426,0,Tier A,tier_a_primary,Tier_A_full_context,c08_exclude_weak_session_bucket,midday_lull_120_240,-0.1762380357885976,0
2025.11.05 18:50:00,2025-11-05T18:50:00Z,oos,1427,0,Tier A,tier_a_primary,Tier_A_full_context,c08_exclude_weak_session_bucket,midday_lull_120_240,-0.1762380357885976,0
2025.11.05 18:55:00,2025-11-05T18:55:00Z,oos,1428,0,Tier A,tier_a_primary,Tier_A_full_context,c08_exclude_weak_session_bucket,midday_lull_120_240,-0.1762380357885976,0
2025.11.05 19:00:00,2025-11-05T19:00:00Z,oos,1429,0,Tier A,tier_a_primary,Tier_A_full_context,c08_exclude_weak_session_bucket,midday_lull_120_240,-0.1762380357885976,0
2025.11.05 19:05:00,2025-11-05T19:05:00Z,oos,1430,0,Tier A,tier_a_primary,Tier_A_full_context,c08_exclude_weak_session_bucket,midday_lull_120_240,-0.1762380357885976,0
2025.11.05 19:10:00,2025-11-05T19:10:00Z,oos,1431,0,Tier A,tier_a_primary,Tier_A_full_context,c08_exclude_weak_session_bucket,midday_lull_120_240,-0.1762380357885976,0
2025.11.05 19:15:00,2025-11-05T19:15:00Z,oos,1432,0,Tier A,tier_a_primary,Tier_A_full_context,c08_exclude_weak_session_bucket,midday_lull_120_240,-0.1762380357885976,0
2025.11.05 19:20:00,2025-11-05T19:20:00Z,oos,1433,0,Tier A,tier_a_primary,Tier_A_full_context,c08_exclude_weak_session_bucket,midday_lull_120_240,-0.1762380357885976,0
2025.11.05 19:30:00,2025-11-05T19:30:00Z,oos,1434,0,Tier A,tier_a_primary,Tier_A_full_context,c08_exclude_weak_session_bucket,midday_lull_120_240,-0.1762380357885976,0
2025.11.05 19:35:00,2025-11-05T19:35:00Z,oos,1435,0,Tier A,tier_a_primary,Tier_A_full_context,c08_exclude_weak_session_bucket,midday_lull_120_240,-0.1762380357885976,0
2025.11.05 19:40:00,2025-11-05T19:40:00Z,oos,1436,0,Tier A,tier_a_primary,Tier_A_full_context,c08_exclude_weak_session_bucket,midday_lull_120_240,-0.1762380357885976,0
2025.11.05 19:45:00,2025-11-05T19:45:00Z,oos,1437,0,Tier A,tier_a_primary,Tier_A_full_context,c08_exclude_weak_session_bucket,midday_lull_120_240,-0.1762380357885976,0
2025.11.05 19:50:00,2025-11-05T19:50:00Z,oos,1438,0,Tier A,tier_a_primary,Tier_A_full_context,c08_exclude_weak_session_bucket,midday_lull_120_240,-0.1762380357885976,0
2025.11.05 19:55:00,2025-11-05T19:55:00Z,oos,1439,0,Tier A,tier_a_primary,Tier_A_full_context,c08_exclude_weak_session_bucket,midday_lull_120_240,-0.1762380357885976,0
2025.11.05 20:05:00,2025-11-05T20:05:00Z,oos,1440,0,Tier A,tier_a_primary,Tier_A_full_context,c08_exclude_weak_session_bucket,midday_lull_120_240,-0.1762380357885976,0
2025.11.05 20:10:00,2025-11-05T20:10:00Z,oos,1441,0,Tier A,tier_a_primary,Tier_A_full_context,c08_exclude_weak_session_bucket,midday_lull_120_240,-0.1762380357885976,0
2025.11.05 20:15:00,2025-11-05T20:15:00Z,oos,1442,0,Tier A,tier_a_primary,Tier_A_full_context,c08_exclude_weak_session_bucket,midday_lull_120_240,-0.1762380357885976,0
2025.11.05 20:20:00,2025-11-05T20:20:00Z,oos,1443,0,Tier A,tier_a_primary,Tier_A_full_context,c08_exclude_weak_session_bucket,midday_lull_120_240,-0.1762380357885976,0
2025.11.05 20:25:00,2025-11-05T20:25:00Z,oos,1444,0,Tier A,tier_a_primary,Tier_A_full_context,c08_exclude_weak_session_bucket,midday_lull_120_240,-0.1762380357885976,0
2025.11.05 20:30:00,2025-11-05T20:30:00Z,oos,1445,0,Tier A,tier_a_primary,Tier_A_full_context,c08_exclude_weak_session_bucket,midday_lull_120_240,-0.1762380357885976,0
2025.11.05 20:35:00,2025-11-05T20:35:00Z,oos,1446,0,Tier A,tier_a_primary,Tier_A_full_context,c08_exclude_weak_session_bucket,late_cash_240_330,-0.17209668943772988,0
2025.11.05 20:45:00,2025-11-05T20:45:00Z,oos,1447,0,Tier A,tier_a_primary,Tier_A_full_context,c08_exclude_weak_session_bucket,late_cash_240_330,-0.17209668943772988,0
2025.11.05 20:55:00,2025-11-05T20:55:00Z,oos,1448,0,Tier A,tier_a_primary,Tier_A_full_context,c08_exclude_weak_session_bucket,late_cash_240_330,-0.17209668943772988,0
2025.11.05 21:05:00,2025-11-05T21:05:00Z,oos,1449,-1,Tier A,tier_a_primary,Tier_A_full_context,c08_exclude_weak_session_bucket,late_cash_240_330,-0.17209668943772988,-1
2025.11.05 21:10:00,2025-11-05T21:10:00Z,oos,1450,-1,Tier A,tier_a_primary,Tier_A_full_context,c08_exclude_weak_session_bucket,late_cash_240_330,-0.17209668943772988,-1
2025.11.05 21:20:00,2025-11-05T21:20:00Z,oos,1451,0,Tier A,tier_a_primary,Tier_A_full_context,c08_exclude_weak_session_bucket,late_cash_240_330,-0.17209668943772988,0
2025.11.05 21:25:00,2025-11-05T21:25:00Z,oos,1452,1,Tier A,tier_a_primary,Tier_A_full_context,c08_exclude_weak_session_bucket,late_cash_240_330,-0.17209668943772988,1
2025.11.05 21:30:00,2025-11-05T21:30:00Z,oos,1453,-1,Tier A,tier_a_primary,Tier_A_full_context,c08_exclude_weak_session_bucket,late_cash_240_330,-0.17209668943772988,-1
2025.11.05 21:45:00,2025-11-05T21:45:00Z,oos,1454,-1,Tier A,tier_a_primary,Tier_A_full_context,c08_exclude_weak_session_bucket,late_cash_240_330,-0.17209668943772988,-1
2025.11.06 16:35:00,2025-11-06T16:35:00Z,oos,1455,-1,Tier A,tier_a_primary,Tier_A_full_context,c08_exclude_weak_session_bucket,cash_open_0_30,-0.09635811836115327,-1
2025.11.06 16:40:00,2025-11-06T16:40:00Z,oos,1456,0,Tier A,tier_a_primary,Tier_A_full_context,c08_exclude_weak_session_bucket,cash_open_0_30,-0.09635811836115327,0
2025.11.06 16:45:00,2025-11-06T16:45:00Z,oos,1457,-1,Tier A,tier_a_primary,Tier_A_full_context,c08_exclude_weak_session_bucket,cash_open_0_30,-0.09635811836115327,-1
2025.11.06 16:50:00,2025-11-06T16:50:00Z,oos,1458,1,Tier A,tier_a_primary,Tier_A_full_context,c08_exclude_weak_session_bucket,cash_open_0_30,-0.09635811836115327,1
2025.11.06 16:55:00,2025-11-06T16:55:00Z,oos,1459,-1,Tier A,tier_a_primary,Tier_A_full_context,c08_exclude_weak_session_bucket,cash_open_0_30,-0.09635811836115327,-1
2025.11.06 17:00:00,2025-11-06T17:00:00Z,oos,1460,-1,Tier A,tier_a_primary,Tier_A_full_context,c08_exclude_weak_session_bucket,cash_open_0_30,-0.09635811836115327,-1
2025.11.06 17:05:00,2025-11-06T17:05:00Z,oos,1461,-1,Tier A,tier_a_primary,Tier_A_full_context,c08_exclude_weak_session_bucket,early_cash_30_60,-0.12775735294117646,-1
2025.11.06 17:10:00,2025-11-06T17:10:00Z,oos,1462,1,Tier A,tier_a_primary,Tier_A_full_context,c08_exclude_weak_session_bucket,early_cash_30_60,-0.12775735294117646,1
2025.11.06 17:15:00,2025-11-06T17:15:00Z,oos,1463,0,Tier A,tier_a_primary,Tier_A_full_context,c08_exclude_weak_session_bucket,early_cash_30_60,-0.12775735294117646,0
2025.11.06 17:20:00,2025-11-06T17:20:00Z,oos,1464,1,Tier A,tier_a_primary,Tier_A_full_context,c08_exclude_weak_session_bucket,early_cash_30_60,-0.12775735294117646,1
2025.11.06 17:25:00,2025-11-06T17:25:00Z,oos,1465,1,Tier A,tier_a_primary,Tier_A_full_context,c08_exclude_weak_session_bucket,early_cash_30_60,-0.12775735294117646,1
2025.11.06 17:30:00,2025-11-06T17:30:00Z,oos,1466,0,Tier A,tier_a_primary,Tier_A_full_context,c08_exclude_weak_session_bucket,early_cash_30_60,-0.12775735294117646,0
2025.11.06 17:35:00,2025-11-06T17:35:00Z,oos,1467,-1,Tier A,tier_a_primary,Tier_A_full_context,c08_exclude_weak_session_bucket,morning_60_120,-0.1698966408268734,-1
2025.11.06 17:40:00,2025-11-06T17:40:00Z,oos,1468,-1,Tier A,tier_a_primary,Tier_A_full_context,c08_exclude_weak_session_bucket,morning_60_120,-0.1698966408268734,-1
2025.11.06 17:45:00,2025-11-06T17:45:00Z,oos,1469,0,Tier A,tier_a_primary,Tier_A_full_context,c08_exclude_weak_session_bucket,morning_60_120,-0.1698966408268734,0
2025.11.06 17:50:00,2025-11-06T17:50:00Z,oos,1470,0,Tier A,tier_a_primary,Tier_A_full_context,c08_exclude_weak_session_bucket,morning_60_120,-0.1698966408268734,0
2025.11.06 17:55:00,2025-11-06T17:55:00Z,oos,1471,0,Tier A,tier_a_primary,Tier_A_full_context,c08_exclude_weak_session_bucket,morning_60_120,-0.1698966408268734,0
2025.11.06 18:00:00,2025-11-06T18:00:00Z,oos,1472,0,Tier A,tier_a_primary,Tier_A_full_context,c08_exclude_weak_session_bucket,morning_60_120,-0.1698966408268734,0
2025.11.06 18:05:00,2025-11-06T18:05:00Z,oos,1473,1,Tier A,tier_a_primary,Tier_A_full_context,c08_exclude_weak_session_bucket,morning_60_120,-0.1698966408268734,1
2025.11.06 18:10:00,2025-11-06T18:10:00Z,oos,1474,0,Tier A,tier_a_primary,Tier_A_full_context,c08_exclude_weak_session_bucket,morning_60_120,-0.1698966408268734,0
2025.11.06 18:15:00,2025-11-06T18:15:00Z,oos,1475,0,Tier A,tier_a_primary,Tier_A_full_context,c08_exclude_weak_session_bucket,morning_60_120,-0.1698966408268734,0
2025.11.06 18:20:00,2025-11-06T18:20:00Z,oos,1476,0,Tier A,tier_a_primary,Tier_A_full_context,c08_exclude_weak_session_bucket,morning_60_120,-0.1698966408268734,0
2025.11.06 18:25:00,2025-11-06T18:25:00Z,oos,1477,0,Tier A,tier_a_primary,Tier_A_full_context,c08_exclude_weak_session_bucket,morning_60_120,-0.1698966408268734,0
2025.11.06 18:30:00,2025-11-06T18:30:00Z,oos,1478,1,Tier A,tier_a_primary,Tier_A_full_context,c08_exclude_weak_session_bucket,morning_60_120,-0.1698966408268734,1
2025.11.06 18:35:00,2025-11-06T18:35:00Z,oos,1479,0,Tier A,tier_a_primary,Tier_A_full_context,c08_exclude_weak_session_bucket,midday_lull_120_240,-0.1762380357885976,0
2025.11.06 18:40:00,2025-11-06T18:40:00Z,oos,1480,0,Tier A,tier_a_primary,Tier_A_full_context,c08_exclude_weak_session_bucket,midday_lull_120_240,-0.1762380357885976,0
2025.11.06 18:45:00,2025-11-06T18:45:00Z,oos,1481,0,Tier A,tier_a_primary,Tier_A_full_context,c08_exclude_weak_session_bucket,midday_lull_120_240,-0.1762380357885976,0
2025.11.06 18:50:00,2025-11-06T18:50:00Z,oos,1482,0,Tier A,tier_a_primary,Tier_A_full_context,c08_exclude_weak_session_bucket,midday_lull_120_240,-0.1762380357885976,0
2025.11.06 18:55:00,2025-11-06T18:55:00Z,oos,1483,0,Tier A,tier_a_primary,Tier_A_full_context,c08_exclude_weak_session_bucket,midday_lull_120_240,-0.1762380357885976,0
2025.11.06 19:00:00,2025-11-06T19:00:00Z,oos,1484,0,Tier A,tier_a_primary,Tier_A_full_context,c08_exclude_weak_session_bucket,midday_lull_120_240,-0.1762380357885976,0
2025.11.06 19:05:00,2025-11-06T19:05:00Z,oos,1485,0,Tier A,tier_a_primary,Tier_A_full_context,c08_exclude_weak_session_bucket,midday_lull_120_240,-0.1762380357885976,0
2025.11.06 19:10:00,2025-11-06T19:10:00Z,oos,1486,0,Tier A,tier_a_primary,Tier_A_full_context,c08_exclude_weak_session_bucket,midday_lull_120_240,-0.1762380357885976,0
2025.11.06 19:15:00,2025-11-06T19:15:00Z,oos,1487,0,Tier A,tier_a_primary,Tier_A_full_context,c08_exclude_weak_session_bucket,midday_lull_120_240,-0.1762380357885976,0
2025.11.06 19:20:00,2025-11-06T19:20:00Z,oos,1488,0,Tier A,tier_a_primary,Tier_A_full_context,c08_exclude_weak_session_bucket,midday_lull_120_240,-0.1762380357885976,0
2025.11.06 19:25:00,2025-11-06T19:25:00Z,oos,1489,0,Tier A,tier_a_primary,Tier_A_full_context,c08_exclude_weak_session_bucket,midday_lull_120_240,-0.1762380357885976,0
2025.11.06 19:30:00,2025-11-06T19:30:00Z,oos,1490,0,Tier A,tier_a_primary,Tier_A_full_context,c08_exclude_weak_session_bucket,midday_lull_120_240,-0.1762380357885976,0
2025.11.06 19:35:00,2025-11-06T19:35:00Z,oos,1491,0,Tier A,tier_a_primary,Tier_A_full_context,c08_exclude_weak_session_bucket,midday_lull_120_240,-0.1762380357885976,0
2025.11.06 19:40:00,2025-11-06T19:40:00Z,oos,1492,0,Tier A,tier_a_primary,Tier_A_full_context,c08_exclude_weak_session_bucket,midday_lull_120_240,-0.1762380357885976,0
2025.11.06 19:45:00,2025-11-06T19:45:00Z,oos,1493,0,Tier A,tier_a_primary,Tier_A_full_context,c08_exclude_weak_session_bucket,midday_lull_120_240,-0.1762380357885976,0
2025.11.06 19:50:00,2025-11-06T19:50:00Z,oos,1494,0,Tier A,tier_a_primary,Tier_A_full_context,c08_exclude_weak_session_bucket,midday_lull_120_240,-0.1762380357885976,0
2025.11.06 19:55:00,2025-11-06T19:55:00Z,oos,1495,0,Tier A,tier_a_primary,Tier_A_full_context,c08_exclude_weak_session_bucket,midday_lull_120_240,-0.1762380357885976,0
2025.11.06 20:00:00,2025-11-06T20:00:00Z,oos,1496,0,Tier A,tier_a_primary,Tier_A_full_context,c08_exclude_weak_session_bucket,midday_lull_120_240,-0.1762380357885976,0
2025.11.06 20:05:00,2025-11-06T20:05:00Z,oos,1497,0,Tier A,tier_a_primary,Tier_A_full_context,c08_exclude_weak_session_bucket,midday_lull_120_240,-0.1762380357885976,0
2025.11.06 20:10:00,2025-11-06T20:10:00Z,oos,1498,0,Tier A,tier_a_primary,Tier_A_full_context,c08_exclude_weak_session_bucket,midday_lull_120_240,-0.1762380357885976,0
2025.11.06 20:15:00,2025-11-06T20:15:00Z,oos,1499,0,Tier A,tier_a_primary,Tier_A_full_context,c08_exclude_weak_session_bucket,midday_lull_120_240,-0.1762380357885976,0
2025.11.06 20:20:00,2025-11-06T20:20:00Z,oos,1500,0,Tier A,tier_a_primary,Tier_A_full_context,c08_exclude_weak_session_bucket,midday_lull_120_240,-0.1762380357885976,0
2025.11.06 20:25:00,2025-11-06T20:25:00Z,oos,1501,0,Tier A,tier_a_primary,Tier_A_full_context,c08_exclude_weak_session_bucket,midday_lull_120_240,-0.1762380357885976,0
2025.11.06 20:30:00,2025-11-06T20:30:00Z,oos,1502,0,Tier A,tier_a_primary,Tier_A_full_context,c08_exclude_weak_session_bucket,midday_lull_120_240,-0.1762380357885976,0
2025.11.06 20:40:00,2025-11-06T20:40:00Z,oos,1503,0,Tier A,tier_a_primary,Tier_A_full_context,c08_exclude_weak_session_bucket,late_cash_240_330,-0.17209668943772988,0
2025.11.06 20:45:00,2025-11-06T20:45:00Z,oos,1504,0,Tier A,tier_a_primary,Tier_A_full_context,c08_exclude_weak_session_bucket,late_cash_240_330,-0.17209668943772988,0
2025.11.06 20:50:00,2025-11-06T20:50:00Z,oos,1505,0,Tier A,tier_a_primary,Tier_A_full_context,c08_exclude_weak_session_bucket,late_cash_240_330,-0.17209668943772988,0
2025.11.06 21:00:00,2025-11-06T21:00:00Z,oos,1506,0,Tier A,tier_a_primary,Tier_A_full_context,c08_exclude_weak_session_bucket,late_cash_240_330,-0.17209668943772988,0
2025.11.06 21:05:00,2025-11-06T21:05:00Z,oos,1507,0,Tier A,tier_a_primary,Tier_A_full_context,c08_exclude_weak_session_bucket,late_cash_240_330,-0.17209668943772988,0
2025.11.06 21:10:00,2025-11-06T21:10:00Z,oos,1508,0,Tier A,tier_a_primary,Tier_A_full_context,c08_exclude_weak_session_bucket,late_cash_240_330,-0.17209668943772988,0
2025.11.06 21:15:00,2025-11-06T21:15:00Z,oos,1509,0,Tier A,tier_a_primary,Tier_A_full_context,c08_exclude_weak_session_bucket,late_cash_240_330,-0.17209668943772988,0
2025.11.06 21:35:00,2025-11-06T21:35:00Z,oos,1510,0,Tier A,tier_a_primary,Tier_A_full_context,c08_exclude_weak_session_bucket,late_cash_240_330,-0.17209668943772988,0
2025.11.06 21:40:00,2025-11-06T21:40:00Z,oos,1511,0,Tier A,tier_a_primary,Tier_A_full_context,c08_exclude_weak_session_bucket,late_cash_240_330,-0.17209668943772988,0
2025.11.06 21:45:00,2025-11-06T21:45:00Z,oos,1512,0,Tier A,tier_a_primary,Tier_A_full_context,c08_exclude_weak_session_bucket,late_cash_240_330,-0.17209668943772988,0
2025.11.06 21:50:00,2025-11-06T21:50:00Z,oos,1513,0,Tier A,tier_a_primary,Tier_A_full_context,c08_exclude_weak_session_bucket,late_cash_240_330,-0.17209668943772988,0
2025.11.06 21:55:00,2025-11-06T21:55:00Z,oos,1514,0,Tier A,tier_a_primary,Tier_A_full_context,c08_exclude_weak_session_bucket,late_cash_240_330,-0.17209668943772988,0
2025.11.06 22:00:00,2025-11-06T22:00:00Z,oos,1515,0,Tier A,tier_a_primary,Tier_A_full_context,c08_exclude_weak_session_bucket,late_cash_240_330,-0.17209668943772988,0
2025.11.07 16:35:00,2025-11-07T16:35:00Z,oos,1516,0,Tier A,tier_a_primary,Tier_A_full_context,c08_exclude_weak_session_bucket,cash_open_0_30,-0.09635811836115327,0
2025.11.07 16:40:00,2025-11-07T16:40:00Z,oos,1517,0,Tier A,tier_a_primary,Tier_A_full_context,c08_exclude_weak_session_bucket,cash_open_0_30,-0.09635811836115327,0
2025.11.07 16:45:00,2025-11-07T16:45:00Z,oos,1518,0,Tier A,tier_a_primary,Tier_A_full_context,c08_exclude_weak_session_bucket,cash_open_0_30,-0.09635811836115327,0
2025.11.07 16:50:00,2025-11-07T16:50:00Z,oos,1519,0,Tier A,tier_a_primary,Tier_A_full_context,c08_exclude_weak_session_bucket,cash_open_0_30,-0.09635811836115327,0
2025.11.07 16:55:00,2025-11-07T16:55:00Z,oos,1520,0,Tier A,tier_a_primary,Tier_A_full_context,c08_exclude_weak_session_bucket,cash_open_0_30,-0.09635811836115327,0
2025.11.07 17:00:00,2025-11-07T17:00:00Z,oos,1521,0,Tier A,tier_a_primary,Tier_A_full_context,c08_exclude_weak_session_bucket,cash_open_0_30,-0.09635811836115327,0
2025.11.07 17:05:00,2025-11-07T17:05:00Z,oos,1522,0,Tier A,tier_a_primary,Tier_A_full_context,c08_exclude_weak_session_bucket,early_cash_30_60,-0.12775735294117646,0
2025.11.07 17:10:00,2025-11-07T17:10:00Z,oos,1523,0,Tier A,tier_a_primary,Tier_A_full_context,c08_exclude_weak_session_bucket,early_cash_30_60,-0.12775735294117646,0
2025.11.07 17:15:00,2025-11-07T17:15:00Z,oos,1524,0,Tier A,tier_a_primary,Tier_A_full_context,c08_exclude_weak_session_bucket,early_cash_30_60,-0.12775735294117646,0
2025.11.07 17:20:00,2025-11-07T17:20:00Z,oos,1525,0,Tier A,tier_a_primary,Tier_A_full_context,c08_exclude_weak_session_bucket,early_cash_30_60,-0.12775735294117646,0
2025.11.07 17:25:00,2025-11-07T17:25:00Z,oos,1526,0,Tier A,tier_a_primary,Tier_A_full_context,c08_exclude_weak_session_bucket,early_cash_30_60,-0.12775735294117646,0
2025.11.07 17:30:00,2025-11-07T17:30:00Z,oos,1527,0,Tier A,tier_a_primary,Tier_A_full_context,c08_exclude_weak_session_bucket,early_cash_30_60,-0.12775735294117646,0
2025.11.07 17:35:00,2025-11-07T17:35:00Z,oos,1528,-1,Tier A,tier_a_primary,Tier_A_full_context,c08_exclude_weak_session_bucket,morning_60_120,-0.1698966408268734,-1
2025.11.07 17:40:00,2025-11-07T17:40:00Z,oos,1529,0,Tier A,tier_a_primary,Tier_A_full_context,c08_exclude_weak_session_bucket,morning_60_120,-0.1698966408268734,0
2025.11.07 17:45:00,2025-11-07T17:45:00Z,oos,1530,0,Tier A,tier_a_primary,Tier_A_full_context,c08_exclude_weak_session_bucket,morning_60_120,-0.1698966408268734,0
2025.11.07 17:50:00,2025-11-07T17:50:00Z,oos,1531,0,Tier A,tier_a_primary,Tier_A_full_context,c08_exclude_weak_session_bucket,morning_60_120,-0.1698966408268734,0
2025.11.07 17:55:00,2025-11-07T17:55:00Z,oos,1532,0,Tier A,tier_a_primary,Tier_A_full_context,c08_exclude_weak_session_bucket,morning_60_120,-0.1698966408268734,0
2025.11.07 18:00:00,2025-11-07T18:00:00Z,oos,1533,0,Tier A,tier_a_primary,Tier_A_full_context,c08_exclude_weak_session_bucket,morning_60_120,-0.1698966408268734,0
2025.11.07 18:05:00,2025-11-07T18:05:00Z,oos,1534,0,Tier A,tier_a_primary,Tier_A_full_context,c08_exclude_weak_session_bucket,morning_60_120,-0.1698966408268734,0
2025.11.07 18:10:00,2025-11-07T18:10:00Z,oos,1535,0,Tier A,tier_a_primary,Tier_A_full_context,c08_exclude_weak_session_bucket,morning_60_120,-0.1698966408268734,0
2025.11.07 18:15:00,2025-11-07T18:15:00Z,oos,1536,0,Tier A,tier_a_primary,Tier_A_full_context,c08_exclude_weak_session_bucket,morning_60_120,-0.1698966408268734,0
2025.11.07 18:20:00,2025-11-07T18:20:00Z,oos,1537,1,Tier A,tier_a_primary,Tier_A_full_context,c08_exclude_weak_session_bucket,morning_60_120,-0.1698966408268734,1
2025.11.07 18:25:00,2025-11-07T18:25:00Z,oos,1538,0,Tier A,tier_a_primary,Tier_A_full_context,c08_exclude_weak_session_bucket,morning_60_120,-0.1698966408268734,0
2025.11.07 18:30:00,2025-11-07T18:30:00Z,oos,1539,0,Tier A,tier_a_primary,Tier_A_full_context,c08_exclude_weak_session_bucket,morning_60_120,-0.1698966408268734,0
2025.11.07 18:35:00,2025-11-07T18:35:00Z,oos,1540,0,Tier A,tier_a_primary,Tier_A_full_context,c08_exclude_weak_session_bucket,midday_lull_120_240,-0.1762380357885976,0
2025.11.07 18:40:00,2025-11-07T18:40:00Z,oos,1541,0,Tier A,tier_a_primary,Tier_A_full_context,c08_exclude_weak_session_bucket,midday_lull_120_240,-0.1762380357885976,0
2025.11.07 18:45:00,2025-11-07T18:45:00Z,oos,1542,0,Tier A,tier_a_primary,Tier_A_full_context,c08_exclude_weak_session_bucket,midday_lull_120_240,-0.1762380357885976,0
2025.11.07 18:50:00,2025-11-07T18:50:00Z,oos,1543,0,Tier A,tier_a_primary,Tier_A_full_context,c08_exclude_weak_session_bucket,midday_lull_120_240,-0.1762380357885976,0
2025.11.07 18:55:00,2025-11-07T18:55:00Z,oos,1544,0,Tier A,tier_a_primary,Tier_A_full_context,c08_exclude_weak_session_bucket,midday_lull_120_240,-0.1762380357885976,0
2025.11.07 19:00:00,2025-11-07T19:00:00Z,oos,1545,0,Tier A,tier_a_primary,Tier_A_full_context,c08_exclude_weak_session_bucket,midday_lull_120_240,-0.1762380357885976,0
2025.11.07 19:05:00,2025-11-07T19:05:00Z,oos,1546,0,Tier A,tier_a_primary,Tier_A_full_context,c08_exclude_weak_session_bucket,midday_lull_120_240,-0.1762380357885976,0
2025.11.07 19:10:00,2025-11-07T19:10:00Z,oos,1547,0,Tier A,tier_a_primary,Tier_A_full_context,c08_exclude_weak_session_bucket,midday_lull_120_240,-0.1762380357885976,0
2025.11.07 19:15:00,2025-11-07T19:15:00Z,oos,1548,0,Tier A,tier_a_primary,Tier_A_full_context,c08_exclude_weak_session_bucket,midday_lull_120_240,-0.1762380357885976,0
2025.11.07 19:20:00,2025-11-07T19:20:00Z,oos,1549,0,Tier A,tier_a_primary,Tier_A_full_context,c08_exclude_weak_session_bucket,midday_lull_120_240,-0.1762380357885976,0
2025.11.07 19:25:00,2025-11-07T19:25:00Z,oos,1550,0,Tier A,tier_a_primary,Tier_A_full_context,c08_exclude_weak_session_bucket,midday_lull_120_240,-0.1762380357885976,0
2025.11.07 19:30:00,2025-11-07T19:30:00Z,oos,1551,0,Tier A,tier_a_primary,Tier_A_full_context,c08_exclude_weak_session_bucket,midday_lull_120_240,-0.1762380357885976,0
2025.11.07 19:35:00,2025-11-07T19:35:00Z,oos,1552,0,Tier A,tier_a_primary,Tier_A_full_context,c08_exclude_weak_session_bucket,midday_lull_120_240,-0.1762380357885976,0
2025.11.07 19:40:00,2025-11-07T19:40:00Z,oos,1553,0,Tier A,tier_a_primary,Tier_A_full_context,c08_exclude_weak_session_bucket,midday_lull_120_240,-0.1762380357885976,0
2025.11.07 19:45:00,2025-11-07T19:45:00Z,oos,1554,0,Tier A,tier_a_primary,Tier_A_full_context,c08_exclude_weak_session_bucket,midday_lull_120_240,-0.1762380357885976,0
2025.11.07 19:50:00,2025-11-07T19:50:00Z,oos,1555,0,Tier A,tier_a_primary,Tier_A_full_context,c08_exclude_weak_session_bucket,midday_lull_120_240,-0.1762380357885976,0
2025.11.07 19:55:00,2025-11-07T19:55:00Z,oos,1556,0,Tier A,tier_a_primary,Tier_A_full_context,c08_exclude_weak_session_bucket,midday_lull_120_240,-0.1762380357885976,0
2025.11.07 20:00:00,2025-11-07T20:00:00Z,oos,1557,0,Tier A,tier_a_primary,Tier_A_full_context,c08_exclude_weak_session_bucket,midday_lull_120_240,-0.1762380357885976,0
2025.11.07 20:10:00,2025-11-07T20:10:00Z,oos,1558,0,Tier A,tier_a_primary,Tier_A_full_context,c08_exclude_weak_session_bucket,midday_lull_120_240,-0.1762380357885976,0
2025.11.07 20:15:00,2025-11-07T20:15:00Z,oos,1559,0,Tier A,tier_a_primary,Tier_A_full_context,c08_exclude_weak_session_bucket,midday_lull_120_240,-0.1762380357885976,0
2025.11.07 20:20:00,2025-11-07T20:20:00Z,oos,1560,0,Tier A,tier_a_primary,Tier_A_full_context,c08_exclude_weak_session_bucket,midday_lull_120_240,-0.1762380357885976,0
2025.11.07 20:25:00,2025-11-07T20:25:00Z,oos,1561,0,Tier A,tier_a_primary,Tier_A_full_context,c08_exclude_weak_session_bucket,midday_lull_120_240,-0.1762380357885976,0
2025.11.07 20:35:00,2025-11-07T20:35:00Z,oos,1562,0,Tier A,tier_a_primary,Tier_A_full_context,c08_exclude_weak_session_bucket,late_cash_240_330,-0.17209668943772988,0
2025.11.07 20:40:00,2025-11-07T20:40:00Z,oos,1563,0,Tier A,tier_a_primary,Tier_A_full_context,c08_exclude_weak_session_bucket,late_cash_240_330,-0.17209668943772988,0
2025.11.07 20:45:00,2025-11-07T20:45:00Z,oos,1564,0,Tier A,tier_a_primary,Tier_A_full_context,c08_exclude_weak_session_bucket,late_cash_240_330,-0.17209668943772988,0
2025.11.07 20:50:00,2025-11-07T20:50:00Z,oos,1565,0,Tier A,tier_a_primary,Tier_A_full_context,c08_exclude_weak_session_bucket,late_cash_240_330,-0.17209668943772988,0
2025.11.07 20:55:00,2025-11-07T20:55:00Z,oos,1566,0,Tier A,tier_a_primary,Tier_A_full_context,c08_exclude_weak_session_bucket,late_cash_240_330,-0.17209668943772988,0
2025.11.07 21:00:00,2025-11-07T21:00:00Z,oos,1567,0,Tier A,tier_a_primary,Tier_A_full_context,c08_exclude_weak_session_bucket,late_cash_240_330,-0.17209668943772988,0
2025.11.07 21:10:00,2025-11-07T21:10:00Z,oos,1568,0,Tier A,tier_a_primary,Tier_A_full_context,c08_exclude_weak_session_bucket,late_cash_240_330,-0.17209668943772988,0
2025.11.07 21:15:00,2025-11-07T21:15:00Z,oos,1569,0,Tier A,tier_a_primary,Tier_A_full_context,c08_exclude_weak_session_bucket,late_cash_240_330,-0.17209668943772988,0
2025.11.07 21:20:00,2025-11-07T21:20:00Z,oos,1570,0,Tier A,tier_a_primary,Tier_A_full_context,c08_exclude_weak_session_bucket,late_cash_240_330,-0.17209668943772988,0
2025.11.07 21:25:00,2025-11-07T21:25:00Z,oos,1571,0,Tier A,tier_a_primary,Tier_A_full_context,c08_exclude_weak_session_bucket,late_cash_240_330,-0.17209668943772988,0
2025.11.07 21:35:00,2025-11-07T21:35:00Z,oos,1572,0,Tier A,tier_a_primary,Tier_A_full_context,c08_exclude_weak_session_bucket,late_cash_240_330,-0.17209668943772988,0
2025.11.07 21:40:00,2025-11-07T21:40:00Z,oos,1573,0,Tier A,tier_a_primary,Tier_A_full_context,c08_exclude_weak_session_bucket,late_cash_240_330,-0.17209668943772988,0
2025.11.07 21:45:00,2025-11-07T21:45:00Z,oos,1574,0,Tier A,tier_a_primary,Tier_A_full_context,c08_exclude_weak_session_bucket,late_cash_240_330,-0.17209668943772988,0
2025.11.07 21:50:00,2025-11-07T21:50:00Z,oos,1575,0,Tier A,tier_a_primary,Tier_A_full_context,c08_exclude_weak_session_bucket,late_cash_240_330,-0.17209668943772988,0
2025.11.07 21:55:00,2025-11-07T21:55:00Z,oos,1576,0,Tier A,tier_a_primary,Tier_A_full_context,c08_exclude_weak_session_bucket,late_cash_240_330,-0.17209668943772988,0
2025.11.07 22:00:00,2025-11-07T22:00:00Z,oos,1577,0,Tier A,tier_a_primary,Tier_A_full_context,c08_exclude_weak_session_bucket,late_cash_240_330,-0.17209668943772988,0
2025.11.10 16:35:00,2025-11-10T16:35:00Z,oos,1578,0,Tier A,tier_a_primary,Tier_A_full_context,c08_exclude_weak_session_bucket,cash_open_0_30,-0.09635811836115327,0
2025.11.10 16:40:00,2025-11-10T16:40:00Z,oos,1579,0,Tier A,tier_a_primary,Tier_A_full_context,c08_exclude_weak_session_bucket,cash_open_0_30,-0.09635811836115327,0
2025.11.10 16:45:00,2025-11-10T16:45:00Z,oos,1580,0,Tier A,tier_a_primary,Tier_A_full_context,c08_exclude_weak_session_bucket,cash_open_0_30,-0.09635811836115327,0
2025.11.10 16:50:00,2025-11-10T16:50:00Z,oos,1581,-1,Tier A,tier_a_primary,Tier_A_full_context,c08_exclude_weak_session_bucket,cash_open_0_30,-0.09635811836115327,-1
2025.11.10 16:55:00,2025-11-10T16:55:00Z,oos,1582,0,Tier A,tier_a_primary,Tier_A_full_context,c08_exclude_weak_session_bucket,cash_open_0_30,-0.09635811836115327,0
2025.11.10 17:00:00,2025-11-10T17:00:00Z,oos,1583,1,Tier A,tier_a_primary,Tier_A_full_context,c08_exclude_weak_session_bucket,cash_open_0_30,-0.09635811836115327,1
2025.11.10 17:05:00,2025-11-10T17:05:00Z,oos,1584,0,Tier A,tier_a_primary,Tier_A_full_context,c08_exclude_weak_session_bucket,early_cash_30_60,-0.12775735294117646,0
2025.11.10 17:10:00,2025-11-10T17:10:00Z,oos,1585,0,Tier A,tier_a_primary,Tier_A_full_context,c08_exclude_weak_session_bucket,early_cash_30_60,-0.12775735294117646,0
2025.11.10 17:15:00,2025-11-10T17:15:00Z,oos,1586,-1,Tier A,tier_a_primary,Tier_A_full_context,c08_exclude_weak_session_bucket,early_cash_30_60,-0.12775735294117646,-1
2025.11.10 17:20:00,2025-11-10T17:20:00Z,oos,1587,0,Tier A,tier_a_primary,Tier_A_full_context,c08_exclude_weak_session_bucket,early_cash_30_60,-0.12775735294117646,0
2025.11.10 17:25:00,2025-11-10T17:25:00Z,oos,1588,1,Tier A,tier_a_primary,Tier_A_full_context,c08_exclude_weak_session_bucket,early_cash_30_60,-0.12775735294117646,1
2025.11.10 17:30:00,2025-11-10T17:30:00Z,oos,1589,-1,Tier A,tier_a_primary,Tier_A_full_context,c08_exclude_weak_session_bucket,early_cash_30_60,-0.12775735294117646,-1
2025.11.10 17:35:00,2025-11-10T17:35:00Z,oos,1590,0,Tier A,tier_a_primary,Tier_A_full_context,c08_exclude_weak_session_bucket,morning_60_120,-0.1698966408268734,0
2025.11.10 17:40:00,2025-11-10T17:40:00Z,oos,1591,-1,Tier A,tier_a_primary,Tier_A_full_context,c08_exclude_weak_session_bucket,morning_60_120,-0.1698966408268734,-1
2025.11.10 17:45:00,2025-11-10T17:45:00Z,oos,1592,-1,Tier A,tier_a_primary,Tier_A_full_context,c08_exclude_weak_session_bucket,morning_60_120,-0.1698966408268734,-1
2025.11.10 17:50:00,2025-11-10T17:50:00Z,oos,1593,-1,Tier A,tier_a_primary,Tier_A_full_context,c08_exclude_weak_session_bucket,morning_60_120,-0.1698966408268734,-1
2025.11.10 17:55:00,2025-11-10T17:55:00Z,oos,1594,-1,Tier A,tier_a_primary,Tier_A_full_context,c08_exclude_weak_session_bucket,morning_60_120,-0.1698966408268734,-1
2025.11.10 18:00:00,2025-11-10T18:00:00Z,oos,1595,-1,Tier A,tier_a_primary,Tier_A_full_context,c08_exclude_weak_session_bucket,morning_60_120,-0.1698966408268734,-1
2025.11.10 18:05:00,2025-11-10T18:05:00Z,oos,1596,0,Tier A,tier_a_primary,Tier_A_full_context,c08_exclude_weak_session_bucket,morning_60_120,-0.1698966408268734,0
2025.11.10 18:10:00,2025-11-10T18:10:00Z,oos,1597,0,Tier A,tier_a_primary,Tier_A_full_context,c08_exclude_weak_session_bucket,morning_60_120,-0.1698966408268734,0
2025.11.10 18:15:00,2025-11-10T18:15:00Z,oos,1598,0,Tier A,tier_a_primary,Tier_A_full_context,c08_exclude_weak_session_bucket,morning_60_120,-0.1698966408268734,0
2025.11.10 18:25:00,2025-11-10T18:25:00Z,oos,1599,-1,Tier A,tier_a_primary,Tier_A_full_context,c08_exclude_weak_session_bucket,morning_60_120,-0.1698966408268734,-1
2025.11.10 18:30:00,2025-11-10T18:30:00Z,oos,1600,0,Tier A,tier_a_primary,Tier_A_full_context,c08_exclude_weak_session_bucket,morning_60_120,-0.1698966408268734,0
2025.11.10 18:35:00,2025-11-10T18:35:00Z,oos,1601,0,Tier A,tier_a_primary,Tier_A_full_context,c08_exclude_weak_session_bucket,midday_lull_120_240,-0.1762380357885976,0
2025.11.10 18:40:00,2025-11-10T18:40:00Z,oos,1602,0,Tier A,tier_a_primary,Tier_A_full_context,c08_exclude_weak_session_bucket,midday_lull_120_240,-0.1762380357885976,0
2025.11.10 18:45:00,2025-11-10T18:45:00Z,oos,1603,0,Tier A,tier_a_primary,Tier_A_full_context,c08_exclude_weak_session_bucket,midday_lull_120_240,-0.1762380357885976,0
2025.11.10 18:50:00,2025-11-10T18:50:00Z,oos,1604,0,Tier A,tier_a_primary,Tier_A_full_context,c08_exclude_weak_session_bucket,midday_lull_120_240,-0.1762380357885976,0
2025.11.10 18:55:00,2025-11-10T18:55:00Z,oos,1605,0,Tier A,tier_a_primary,Tier_A_full_context,c08_exclude_weak_session_bucket,midday_lull_120_240,-0.1762380357885976,0
2025.11.10 19:05:00,2025-11-10T19:05:00Z,oos,1606,0,Tier A,tier_a_primary,Tier_A_full_context,c08_exclude_weak_session_bucket,midday_lull_120_240,-0.1762380357885976,0
2025.11.10 19:10:00,2025-11-10T19:10:00Z,oos,1607,0,Tier A,tier_a_primary,Tier_A_full_context,c08_exclude_weak_session_bucket,midday_lull_120_240,-0.1762380357885976,0
2025.11.10 19:15:00,2025-11-10T19:15:00Z,oos,1608,0,Tier A,tier_a_primary,Tier_A_full_context,c08_exclude_weak_session_bucket,midday_lull_120_240,-0.1762380357885976,0
2025.11.10 19:20:00,2025-11-10T19:20:00Z,oos,1609,0,Tier A,tier_a_primary,Tier_A_full_context,c08_exclude_weak_session_bucket,midday_lull_120_240,-0.1762380357885976,0
2025.11.10 19:25:00,2025-11-10T19:25:00Z,oos,1610,0,Tier A,tier_a_primary,Tier_A_full_context,c08_exclude_weak_session_bucket,midday_lull_120_240,-0.1762380357885976,0
2025.11.10 19:30:00,2025-11-10T19:30:00Z,oos,1611,0,Tier A,tier_a_primary,Tier_A_full_context,c08_exclude_weak_session_bucket,midday_lull_120_240,-0.1762380357885976,0
2025.11.10 19:45:00,2025-11-10T19:45:00Z,oos,1612,0,Tier A,tier_a_primary,Tier_A_full_context,c08_exclude_weak_session_bucket,midday_lull_120_240,-0.1762380357885976,0
2025.11.10 19:50:00,2025-11-10T19:50:00Z,oos,1613,0,Tier A,tier_a_primary,Tier_A_full_context,c08_exclude_weak_session_bucket,midday_lull_120_240,-0.1762380357885976,0
2025.11.10 20:00:00,2025-11-10T20:00:00Z,oos,1614,0,Tier A,tier_a_primary,Tier_A_full_context,c08_exclude_weak_session_bucket,midday_lull_120_240,-0.1762380357885976,0
2025.11.10 20:10:00,2025-11-10T20:10:00Z,oos,1615,0,Tier A,tier_a_primary,Tier_A_full_context,c08_exclude_weak_session_bucket,midday_lull_120_240,-0.1762380357885976,0
2025.11.10 20:15:00,2025-11-10T20:15:00Z,oos,1616,0,Tier A,tier_a_primary,Tier_A_full_context,c08_exclude_weak_session_bucket,midday_lull_120_240,-0.1762380357885976,0
2025.11.10 20:30:00,2025-11-10T20:30:00Z,oos,1617,0,Tier A,tier_a_primary,Tier_A_full_context,c08_exclude_weak_session_bucket,midday_lull_120_240,-0.1762380357885976,0
2025.11.10 20:40:00,2025-11-10T20:40:00Z,oos,1618,0,Tier A,tier_a_primary,Tier_A_full_context,c08_exclude_weak_session_bucket,late_cash_240_330,-0.17209668943772988,0
2025.11.10 20:55:00,2025-11-10T20:55:00Z,oos,1619,-1,Tier A,tier_a_primary,Tier_A_full_context,c08_exclude_weak_session_bucket,late_cash_240_330,-0.17209668943772988,-1
2025.11.10 21:05:00,2025-11-10T21:05:00Z,oos,1620,0,Tier A,tier_a_primary,Tier_A_full_context,c08_exclude_weak_session_bucket,late_cash_240_330,-0.17209668943772988,0
2025.11.10 21:25:00,2025-11-10T21:25:00Z,oos,1621,0,Tier A,tier_a_primary,Tier_A_full_context,c08_exclude_weak_session_bucket,late_cash_240_330,-0.17209668943772988,0
2025.11.10 21:45:00,2025-11-10T21:45:00Z,oos,1622,0,Tier A,tier_a_primary,Tier_A_full_context,c08_exclude_weak_session_bucket,late_cash_240_330,-0.17209668943772988,0
2025.11.10 21:55:00,2025-11-10T21:55:00Z,oos,1623,0,Tier A,tier_a_primary,Tier_A_full_context,c08_exclude_weak_session_bucket,late_cash_240_330,-0.17209668943772988,0
2025.11.10 22:00:00,2025-11-10T22:00:00Z,oos,1624,-1,Tier A,tier_a_primary,Tier_A_full_context,c08_exclude_weak_session_bucket,late_cash_240_330,-0.17209668943772988,-1
2025.11.11 16:35:00,2025-11-11T16:35:00Z,oos,1625,0,Tier A,tier_a_primary,Tier_A_full_context,c08_exclude_weak_session_bucket,cash_open_0_30,-0.09635811836115327,0
2025.11.11 16:40:00,2025-11-11T16:40:00Z,oos,1626,0,Tier A,tier_a_primary,Tier_A_full_context,c08_exclude_weak_session_bucket,cash_open_0_30,-0.09635811836115327,0
2025.11.11 16:45:00,2025-11-11T16:45:00Z,oos,1627,0,Tier A,tier_a_primary,Tier_A_full_context,c08_exclude_weak_session_bucket,cash_open_0_30,-0.09635811836115327,0
2025.11.11 16:50:00,2025-11-11T16:50:00Z,oos,1628,0,Tier A,tier_a_primary,Tier_A_full_context,c08_exclude_weak_session_bucket,cash_open_0_30,-0.09635811836115327,0
2025.11.11 16:55:00,2025-11-11T16:55:00Z,oos,1629,0,Tier A,tier_a_primary,Tier_A_full_context,c08_exclude_weak_session_bucket,cash_open_0_30,-0.09635811836115327,0
2025.11.11 17:00:00,2025-11-11T17:00:00Z,oos,1630,0,Tier A,tier_a_primary,Tier_A_full_context,c08_exclude_weak_session_bucket,cash_open_0_30,-0.09635811836115327,0
2025.11.11 17:05:00,2025-11-11T17:05:00Z,oos,1631,0,Tier A,tier_a_primary,Tier_A_full_context,c08_exclude_weak_session_bucket,early_cash_30_60,-0.12775735294117646,0
2025.11.11 17:10:00,2025-11-11T17:10:00Z,oos,1632,0,Tier A,tier_a_primary,Tier_A_full_context,c08_exclude_weak_session_bucket,early_cash_30_60,-0.12775735294117646,0
2025.11.11 17:15:00,2025-11-11T17:15:00Z,oos,1633,0,Tier A,tier_a_primary,Tier_A_full_context,c08_exclude_weak_session_bucket,early_cash_30_60,-0.12775735294117646,0
2025.11.11 17:20:00,2025-11-11T17:20:00Z,oos,1634,0,Tier A,tier_a_primary,Tier_A_full_context,c08_exclude_weak_session_bucket,early_cash_30_60,-0.12775735294117646,0
2025.11.11 17:25:00,2025-11-11T17:25:00Z,oos,1635,0,Tier A,tier_a_primary,Tier_A_full_context,c08_exclude_weak_session_bucket,early_cash_30_60,-0.12775735294117646,0
2025.11.11 17:30:00,2025-11-11T17:30:00Z,oos,1636,0,Tier A,tier_a_primary,Tier_A_full_context,c08_exclude_weak_session_bucket,early_cash_30_60,-0.12775735294117646,0
2025.11.11 17:35:00,2025-11-11T17:35:00Z,oos,1637,0,Tier A,tier_a_primary,Tier_A_full_context,c08_exclude_weak_session_bucket,morning_60_120,-0.1698966408268734,0
2025.11.11 17:40:00,2025-11-11T17:40:00Z,oos,1638,0,Tier A,tier_a_primary,Tier_A_full_context,c08_exclude_weak_session_bucket,morning_60_120,-0.1698966408268734,0
2025.11.11 17:50:00,2025-11-11T17:50:00Z,oos,1639,0,Tier A,tier_a_primary,Tier_A_full_context,c08_exclude_weak_session_bucket,morning_60_120,-0.1698966408268734,0
2025.11.11 18:00:00,2025-11-11T18:00:00Z,oos,1640,0,Tier A,tier_a_primary,Tier_A_full_context,c08_exclude_weak_session_bucket,morning_60_120,-0.1698966408268734,0
2025.11.11 18:05:00,2025-11-11T18:05:00Z,oos,1641,0,Tier A,tier_a_primary,Tier_A_full_context,c08_exclude_weak_session_bucket,morning_60_120,-0.1698966408268734,0
2025.11.11 18:10:00,2025-11-11T18:10:00Z,oos,1642,0,Tier A,tier_a_primary,Tier_A_full_context,c08_exclude_weak_session_bucket,morning_60_120,-0.1698966408268734,0
2025.11.11 18:15:00,2025-11-11T18:15:00Z,oos,1643,0,Tier A,tier_a_primary,Tier_A_full_context,c08_exclude_weak_session_bucket,morning_60_120,-0.1698966408268734,0
2025.11.11 18:20:00,2025-11-11T18:20:00Z,oos,1644,0,Tier A,tier_a_primary,Tier_A_full_context,c08_exclude_weak_session_bucket,morning_60_120,-0.1698966408268734,0
2025.11.11 18:25:00,2025-11-11T18:25:00Z,oos,1645,0,Tier A,tier_a_primary,Tier_A_full_context,c08_exclude_weak_session_bucket,morning_60_120,-0.1698966408268734,0
2025.11.11 18:30:00,2025-11-11T18:30:00Z,oos,1646,0,Tier A,tier_a_primary,Tier_A_full_context,c08_exclude_weak_session_bucket,morning_60_120,-0.1698966408268734,0
2025.11.11 18:35:00,2025-11-11T18:35:00Z,oos,1647,0,Tier A,tier_a_primary,Tier_A_full_context,c08_exclude_weak_session_bucket,midday_lull_120_240,-0.1762380357885976,0
2025.11.11 18:40:00,2025-11-11T18:40:00Z,oos,1648,0,Tier A,tier_a_primary,Tier_A_full_context,c08_exclude_weak_session_bucket,midday_lull_120_240,-0.1762380357885976,0
2025.11.11 18:45:00,2025-11-11T18:45:00Z,oos,1649,0,Tier A,tier_a_primary,Tier_A_full_context,c08_exclude_weak_session_bucket,midday_lull_120_240,-0.1762380357885976,0
2025.11.11 19:00:00,2025-11-11T19:00:00Z,oos,1650,0,Tier A,tier_a_primary,Tier_A_full_context,c08_exclude_weak_session_bucket,midday_lull_120_240,-0.1762380357885976,0
2025.11.11 19:05:00,2025-11-11T19:05:00Z,oos,1651,0,Tier A,tier_a_primary,Tier_A_full_context,c08_exclude_weak_session_bucket,midday_lull_120_240,-0.1762380357885976,0
2025.11.11 19:10:00,2025-11-11T19:10:00Z,oos,1652,0,Tier A,tier_a_primary,Tier_A_full_context,c08_exclude_weak_session_bucket,midday_lull_120_240,-0.1762380357885976,0
2025.11.11 19:25:00,2025-11-11T19:25:00Z,oos,1653,0,Tier A,tier_a_primary,Tier_A_full_context,c08_exclude_weak_session_bucket,midday_lull_120_240,-0.1762380357885976,0
2025.11.11 19:30:00,2025-11-11T19:30:00Z,oos,1654,0,Tier A,tier_a_primary,Tier_A_full_context,c08_exclude_weak_session_bucket,midday_lull_120_240,-0.1762380357885976,0
2025.11.11 19:40:00,2025-11-11T19:40:00Z,oos,1655,0,Tier A,tier_a_primary,Tier_A_full_context,c08_exclude_weak_session_bucket,midday_lull_120_240,-0.1762380357885976,0
2025.11.11 19:50:00,2025-11-11T19:50:00Z,oos,1656,0,Tier A,tier_a_primary,Tier_A_full_context,c08_exclude_weak_session_bucket,midday_lull_120_240,-0.1762380357885976,0
2025.11.11 20:20:00,2025-11-11T20:20:00Z,oos,1657,0,Tier A,tier_a_primary,Tier_A_full_context,c08_exclude_weak_session_bucket,midday_lull_120_240,-0.1762380357885976,0
2025.11.11 20:30:00,2025-11-11T20:30:00Z,oos,1658,0,Tier A,tier_a_primary,Tier_A_full_context,c08_exclude_weak_session_bucket,midday_lull_120_240,-0.1762380357885976,0
2025.11.11 20:35:00,2025-11-11T20:35:00Z,oos,1659,0,Tier A,tier_a_primary,Tier_A_full_context,c08_exclude_weak_session_bucket,late_cash_240_330,-0.17209668943772988,0
2025.11.11 21:20:00,2025-11-11T21:20:00Z,oos,1660,-1,Tier A,tier_a_primary,Tier_A_full_context,c08_exclude_weak_session_bucket,late_cash_240_330,-0.17209668943772988,-1
2025.11.11 21:25:00,2025-11-11T21:25:00Z,oos,1661,0,Tier A,tier_a_primary,Tier_A_full_context,c08_exclude_weak_session_bucket,late_cash_240_330,-0.17209668943772988,0
2025.11.12 16:35:00,2025-11-12T16:35:00Z,oos,1662,0,Tier A,tier_a_primary,Tier_A_full_context,c08_exclude_weak_session_bucket,cash_open_0_30,-0.09635811836115327,0
2025.11.12 16:40:00,2025-11-12T16:40:00Z,oos,1663,0,Tier A,tier_a_primary,Tier_A_full_context,c08_exclude_weak_session_bucket,cash_open_0_30,-0.09635811836115327,0
2025.11.12 16:45:00,2025-11-12T16:45:00Z,oos,1664,-1,Tier A,tier_a_primary,Tier_A_full_context,c08_exclude_weak_session_bucket,cash_open_0_30,-0.09635811836115327,-1
2025.11.12 16:50:00,2025-11-12T16:50:00Z,oos,1665,-1,Tier A,tier_a_primary,Tier_A_full_context,c08_exclude_weak_session_bucket,cash_open_0_30,-0.09635811836115327,-1
2025.11.12 16:55:00,2025-11-12T16:55:00Z,oos,1666,1,Tier A,tier_a_primary,Tier_A_full_context,c08_exclude_weak_session_bucket,cash_open_0_30,-0.09635811836115327,1
2025.11.12 17:00:00,2025-11-12T17:00:00Z,oos,1667,0,Tier A,tier_a_primary,Tier_A_full_context,c08_exclude_weak_session_bucket,cash_open_0_30,-0.09635811836115327,0
2025.11.12 17:05:00,2025-11-12T17:05:00Z,oos,1668,1,Tier A,tier_a_primary,Tier_A_full_context,c08_exclude_weak_session_bucket,early_cash_30_60,-0.12775735294117646,1
2025.11.12 17:10:00,2025-11-12T17:10:00Z,oos,1669,1,Tier A,tier_a_primary,Tier_A_full_context,c08_exclude_weak_session_bucket,early_cash_30_60,-0.12775735294117646,1
2025.11.12 17:15:00,2025-11-12T17:15:00Z,oos,1670,-1,Tier A,tier_a_primary,Tier_A_full_context,c08_exclude_weak_session_bucket,early_cash_30_60,-0.12775735294117646,-1
2025.11.12 17:20:00,2025-11-12T17:20:00Z,oos,1671,0,Tier A,tier_a_primary,Tier_A_full_context,c08_exclude_weak_session_bucket,early_cash_30_60,-0.12775735294117646,0
2025.11.12 17:25:00,2025-11-12T17:25:00Z,oos,1672,0,Tier A,tier_a_primary,Tier_A_full_context,c08_exclude_weak_session_bucket,early_cash_30_60,-0.12775735294117646,0
2025.11.12 17:30:00,2025-11-12T17:30:00Z,oos,1673,0,Tier A,tier_a_primary,Tier_A_full_context,c08_exclude_weak_session_bucket,early_cash_30_60,-0.12775735294117646,0
2025.11.12 17:35:00,2025-11-12T17:35:00Z,oos,1674,0,Tier A,tier_a_primary,Tier_A_full_context,c08_exclude_weak_session_bucket,morning_60_120,-0.1698966408268734,0
2025.11.12 17:40:00,2025-11-12T17:40:00Z,oos,1675,0,Tier A,tier_a_primary,Tier_A_full_context,c08_exclude_weak_session_bucket,morning_60_120,-0.1698966408268734,0
2025.11.12 17:45:00,2025-11-12T17:45:00Z,oos,1676,0,Tier A,tier_a_primary,Tier_A_full_context,c08_exclude_weak_session_bucket,morning_60_120,-0.1698966408268734,0
2025.11.12 17:50:00,2025-11-12T17:50:00Z,oos,1677,0,Tier A,tier_a_primary,Tier_A_full_context,c08_exclude_weak_session_bucket,morning_60_120,-0.1698966408268734,0
2025.11.12 17:55:00,2025-11-12T17:55:00Z,oos,1678,0,Tier A,tier_a_primary,Tier_A_full_context,c08_exclude_weak_session_bucket,morning_60_120,-0.1698966408268734,0
2025.11.12 18:00:00,2025-11-12T18:00:00Z,oos,1679,0,Tier A,tier_a_primary,Tier_A_full_context,c08_exclude_weak_session_bucket,morning_60_120,-0.1698966408268734,0
2025.11.12 18:05:00,2025-11-12T18:05:00Z,oos,1680,0,Tier A,tier_a_primary,Tier_A_full_context,c08_exclude_weak_session_bucket,morning_60_120,-0.1698966408268734,0
2025.11.12 18:10:00,2025-11-12T18:10:00Z,oos,1681,0,Tier A,tier_a_primary,Tier_A_full_context,c08_exclude_weak_session_bucket,morning_60_120,-0.1698966408268734,0
2025.11.12 18:15:00,2025-11-12T18:15:00Z,oos,1682,0,Tier A,tier_a_primary,Tier_A_full_context,c08_exclude_weak_session_bucket,morning_60_120,-0.1698966408268734,0
2025.11.12 18:20:00,2025-11-12T18:20:00Z,oos,1683,1,Tier A,tier_a_primary,Tier_A_full_context,c08_exclude_weak_session_bucket,morning_60_120,-0.1698966408268734,1
2025.11.12 18:25:00,2025-11-12T18:25:00Z,oos,1684,0,Tier A,tier_a_primary,Tier_A_full_context,c08_exclude_weak_session_bucket,morning_60_120,-0.1698966408268734,0
2025.11.12 18:30:00,2025-11-12T18:30:00Z,oos,1685,1,Tier A,tier_a_primary,Tier_A_full_context,c08_exclude_weak_session_bucket,morning_60_120,-0.1698966408268734,1
2025.11.12 18:35:00,2025-11-12T18:35:00Z,oos,1686,0,Tier A,tier_a_primary,Tier_A_full_context,c08_exclude_weak_session_bucket,midday_lull_120_240,-0.1762380357885976,0
2025.11.12 18:40:00,2025-11-12T18:40:00Z,oos,1687,0,Tier A,tier_a_primary,Tier_A_full_context,c08_exclude_weak_session_bucket,midday_lull_120_240,-0.1762380357885976,0
2025.11.12 18:45:00,2025-11-12T18:45:00Z,oos,1688,0,Tier A,tier_a_primary,Tier_A_full_context,c08_exclude_weak_session_bucket,midday_lull_120_240,-0.1762380357885976,0
2025.11.12 18:50:00,2025-11-12T18:50:00Z,oos,1689,0,Tier A,tier_a_primary,Tier_A_full_context,c08_exclude_weak_session_bucket,midday_lull_120_240,-0.1762380357885976,0
2025.11.12 18:55:00,2025-11-12T18:55:00Z,oos,1690,0,Tier A,tier_a_primary,Tier_A_full_context,c08_exclude_weak_session_bucket,midday_lull_120_240,-0.1762380357885976,0
2025.11.12 19:00:00,2025-11-12T19:00:00Z,oos,1691,0,Tier A,tier_a_primary,Tier_A_full_context,c08_exclude_weak_session_bucket,midday_lull_120_240,-0.1762380357885976,0
2025.11.12 19:10:00,2025-11-12T19:10:00Z,oos,1692,0,Tier A,tier_a_primary,Tier_A_full_context,c08_exclude_weak_session_bucket,midday_lull_120_240,-0.1762380357885976,0
2025.11.12 19:15:00,2025-11-12T19:15:00Z,oos,1693,0,Tier A,tier_a_primary,Tier_A_full_context,c08_exclude_weak_session_bucket,midday_lull_120_240,-0.1762380357885976,0
2025.11.12 19:20:00,2025-11-12T19:20:00Z,oos,1694,0,Tier A,tier_a_primary,Tier_A_full_context,c08_exclude_weak_session_bucket,midday_lull_120_240,-0.1762380357885976,0
2025.11.12 19:25:00,2025-11-12T19:25:00Z,oos,1695,0,Tier A,tier_a_primary,Tier_A_full_context,c08_exclude_weak_session_bucket,midday_lull_120_240,-0.1762380357885976,0
2025.11.12 19:30:00,2025-11-12T19:30:00Z,oos,1696,0,Tier A,tier_a_primary,Tier_A_full_context,c08_exclude_weak_session_bucket,midday_lull_120_240,-0.1762380357885976,0
2025.11.12 19:35:00,2025-11-12T19:35:00Z,oos,1697,0,Tier A,tier_a_primary,Tier_A_full_context,c08_exclude_weak_session_bucket,midday_lull_120_240,-0.1762380357885976,0
2025.11.12 19:40:00,2025-11-12T19:40:00Z,oos,1698,0,Tier A,tier_a_primary,Tier_A_full_context,c08_exclude_weak_session_bucket,midday_lull_120_240,-0.1762380357885976,0
2025.11.12 19:45:00,2025-11-12T19:45:00Z,oos,1699,0,Tier A,tier_a_primary,Tier_A_full_context,c08_exclude_weak_session_bucket,midday_lull_120_240,-0.1762380357885976,0
2025.11.12 19:50:00,2025-11-12T19:50:00Z,oos,1700,0,Tier A,tier_a_primary,Tier_A_full_context,c08_exclude_weak_session_bucket,midday_lull_120_240,-0.1762380357885976,0
2025.11.12 19:55:00,2025-11-12T19:55:00Z,oos,1701,0,Tier A,tier_a_primary,Tier_A_full_context,c08_exclude_weak_session_bucket,midday_lull_120_240,-0.1762380357885976,0
2025.11.12 20:00:00,2025-11-12T20:00:00Z,oos,1702,0,Tier A,tier_a_primary,Tier_A_full_context,c08_exclude_weak_session_bucket,midday_lull_120_240,-0.1762380357885976,0
2025.11.12 20:10:00,2025-11-12T20:10:00Z,oos,1703,0,Tier A,tier_a_primary,Tier_A_full_context,c08_exclude_weak_session_bucket,midday_lull_120_240,-0.1762380357885976,0
2025.11.12 20:15:00,2025-11-12T20:15:00Z,oos,1704,0,Tier A,tier_a_primary,Tier_A_full_context,c08_exclude_weak_session_bucket,midday_lull_120_240,-0.1762380357885976,0
2025.11.12 20:20:00,2025-11-12T20:20:00Z,oos,1705,0,Tier A,tier_a_primary,Tier_A_full_context,c08_exclude_weak_session_bucket,midday_lull_120_240,-0.1762380357885976,0
2025.11.12 20:25:00,2025-11-12T20:25:00Z,oos,1706,0,Tier A,tier_a_primary,Tier_A_full_context,c08_exclude_weak_session_bucket,midday_lull_120_240,-0.1762380357885976,0
2025.11.12 20:30:00,2025-11-12T20:30:00Z,oos,1707,0,Tier A,tier_a_primary,Tier_A_full_context,c08_exclude_weak_session_bucket,midday_lull_120_240,-0.1762380357885976,0
2025.11.12 20:40:00,2025-11-12T20:40:00Z,oos,1708,0,Tier A,tier_a_primary,Tier_A_full_context,c08_exclude_weak_session_bucket,late_cash_240_330,-0.17209668943772988,0
2025.11.12 20:45:00,2025-11-12T20:45:00Z,oos,1709,0,Tier A,tier_a_primary,Tier_A_full_context,c08_exclude_weak_session_bucket,late_cash_240_330,-0.17209668943772988,0
2025.11.12 21:00:00,2025-11-12T21:00:00Z,oos,1710,0,Tier A,tier_a_primary,Tier_A_full_context,c08_exclude_weak_session_bucket,late_cash_240_330,-0.17209668943772988,0
2025.11.12 21:05:00,2025-11-12T21:05:00Z,oos,1711,0,Tier A,tier_a_primary,Tier_A_full_context,c08_exclude_weak_session_bucket,late_cash_240_330,-0.17209668943772988,0
2025.11.12 21:15:00,2025-11-12T21:15:00Z,oos,1712,0,Tier A,tier_a_primary,Tier_A_full_context,c08_exclude_weak_session_bucket,late_cash_240_330,-0.17209668943772988,0
2025.11.12 21:20:00,2025-11-12T21:20:00Z,oos,1713,0,Tier A,tier_a_primary,Tier_A_full_context,c08_exclude_weak_session_bucket,late_cash_240_330,-0.17209668943772988,0
2025.11.12 21:30:00,2025-11-12T21:30:00Z,oos,1714,0,Tier A,tier_a_primary,Tier_A_full_context,c08_exclude_weak_session_bucket,late_cash_240_330,-0.17209668943772988,0
2025.11.12 21:45:00,2025-11-12T21:45:00Z,oos,1715,0,Tier A,tier_a_primary,Tier_A_full_context,c08_exclude_weak_session_bucket,late_cash_240_330,-0.17209668943772988,0
2025.11.12 21:55:00,2025-11-12T21:55:00Z,oos,1716,0,Tier A,tier_a_primary,Tier_A_full_context,c08_exclude_weak_session_bucket,late_cash_240_330,-0.17209668943772988,0
2025.11.12 22:00:00,2025-11-12T22:00:00Z,oos,1717,0,Tier A,tier_a_primary,Tier_A_full_context,c08_exclude_weak_session_bucket,late_cash_240_330,-0.17209668943772988,0
2025.11.13 16:35:00,2025-11-13T16:35:00Z,oos,1718,-1,Tier A,tier_a_primary,Tier_A_full_context,c08_exclude_weak_session_bucket,cash_open_0_30,-0.09635811836115327,-1
2025.11.13 16:40:00,2025-11-13T16:40:00Z,oos,1719,-1,Tier A,tier_a_primary,Tier_A_full_context,c08_exclude_weak_session_bucket,cash_open_0_30,-0.09635811836115327,-1
2025.11.13 16:45:00,2025-11-13T16:45:00Z,oos,1720,-1,Tier A,tier_a_primary,Tier_A_full_context,c08_exclude_weak_session_bucket,cash_open_0_30,-0.09635811836115327,-1
2025.11.13 16:50:00,2025-11-13T16:50:00Z,oos,1721,1,Tier A,tier_a_primary,Tier_A_full_context,c08_exclude_weak_session_bucket,cash_open_0_30,-0.09635811836115327,1
2025.11.13 16:55:00,2025-11-13T16:55:00Z,oos,1722,1,Tier A,tier_a_primary,Tier_A_full_context,c08_exclude_weak_session_bucket,cash_open_0_30,-0.09635811836115327,1
2025.11.13 17:00:00,2025-11-13T17:00:00Z,oos,1723,1,Tier A,tier_a_primary,Tier_A_full_context,c08_exclude_weak_session_bucket,cash_open_0_30,-0.09635811836115327,1
2025.11.13 17:05:00,2025-11-13T17:05:00Z,oos,1724,-1,Tier A,tier_a_primary,Tier_A_full_context,c08_exclude_weak_session_bucket,early_cash_30_60,-0.12775735294117646,-1
2025.11.13 17:10:00,2025-11-13T17:10:00Z,oos,1725,1,Tier A,tier_a_primary,Tier_A_full_context,c08_exclude_weak_session_bucket,early_cash_30_60,-0.12775735294117646,1
2025.11.13 17:15:00,2025-11-13T17:15:00Z,oos,1726,0,Tier A,tier_a_primary,Tier_A_full_context,c08_exclude_weak_session_bucket,early_cash_30_60,-0.12775735294117646,0
2025.11.13 17:20:00,2025-11-13T17:20:00Z,oos,1727,0,Tier A,tier_a_primary,Tier_A_full_context,c08_exclude_weak_session_bucket,early_cash_30_60,-0.12775735294117646,0
2025.11.13 17:25:00,2025-11-13T17:25:00Z,oos,1728,0,Tier A,tier_a_primary,Tier_A_full_context,c08_exclude_weak_session_bucket,early_cash_30_60,-0.12775735294117646,0
2025.11.13 17:30:00,2025-11-13T17:30:00Z,oos,1729,0,Tier A,tier_a_primary,Tier_A_full_context,c08_exclude_weak_session_bucket,early_cash_30_60,-0.12775735294117646,0
2025.11.13 17:35:00,2025-11-13T17:35:00Z,oos,1730,-1,Tier A,tier_a_primary,Tier_A_full_context,c08_exclude_weak_session_bucket,morning_60_120,-0.1698966408268734,-1
2025.11.13 17:40:00,2025-11-13T17:40:00Z,oos,1731,0,Tier A,tier_a_primary,Tier_A_full_context,c08_exclude_weak_session_bucket,morning_60_120,-0.1698966408268734,0
2025.11.13 17:45:00,2025-11-13T17:45:00Z,oos,1732,0,Tier A,tier_a_primary,Tier_A_full_context,c08_exclude_weak_session_bucket,morning_60_120,-0.1698966408268734,0
2025.11.13 17:50:00,2025-11-13T17:50:00Z,oos,1733,-1,Tier A,tier_a_primary,Tier_A_full_context,c08_exclude_weak_session_bucket,morning_60_120,-0.1698966408268734,-1
2025.11.13 17:55:00,2025-11-13T17:55:00Z,oos,1734,0,Tier A,tier_a_primary,Tier_A_full_context,c08_exclude_weak_session_bucket,morning_60_120,-0.1698966408268734,0
2025.11.13 18:00:00,2025-11-13T18:00:00Z,oos,1735,1,Tier A,tier_a_primary,Tier_A_full_context,c08_exclude_weak_session_bucket,morning_60_120,-0.1698966408268734,1
2025.11.13 18:05:00,2025-11-13T18:05:00Z,oos,1736,0,Tier A,tier_a_primary,Tier_A_full_context,c08_exclude_weak_session_bucket,morning_60_120,-0.1698966408268734,0
2025.11.13 18:10:00,2025-11-13T18:10:00Z,oos,1737,0,Tier A,tier_a_primary,Tier_A_full_context,c08_exclude_weak_session_bucket,morning_60_120,-0.1698966408268734,0
2025.11.13 18:15:00,2025-11-13T18:15:00Z,oos,1738,0,Tier A,tier_a_primary,Tier_A_full_context,c08_exclude_weak_session_bucket,morning_60_120,-0.1698966408268734,0
2025.11.13 18:20:00,2025-11-13T18:20:00Z,oos,1739,0,Tier A,tier_a_primary,Tier_A_full_context,c08_exclude_weak_session_bucket,morning_60_120,-0.1698966408268734,0
2025.11.13 18:25:00,2025-11-13T18:25:00Z,oos,1740,0,Tier A,tier_a_primary,Tier_A_full_context,c08_exclude_weak_session_bucket,morning_60_120,-0.1698966408268734,0
2025.11.13 18:30:00,2025-11-13T18:30:00Z,oos,1741,1,Tier A,tier_a_primary,Tier_A_full_context,c08_exclude_weak_session_bucket,morning_60_120,-0.1698966408268734,1
2025.11.13 18:35:00,2025-11-13T18:35:00Z,oos,1742,0,Tier A,tier_a_primary,Tier_A_full_context,c08_exclude_weak_session_bucket,midday_lull_120_240,-0.1762380357885976,0
2025.11.13 18:40:00,2025-11-13T18:40:00Z,oos,1743,0,Tier A,tier_a_primary,Tier_A_full_context,c08_exclude_weak_session_bucket,midday_lull_120_240,-0.1762380357885976,0
2025.11.13 18:45:00,2025-11-13T18:45:00Z,oos,1744,0,Tier A,tier_a_primary,Tier_A_full_context,c08_exclude_weak_session_bucket,midday_lull_120_240,-0.1762380357885976,0
2025.11.13 18:50:00,2025-11-13T18:50:00Z,oos,1745,0,Tier A,tier_a_primary,Tier_A_full_context,c08_exclude_weak_session_bucket,midday_lull_120_240,-0.1762380357885976,0
2025.11.13 18:55:00,2025-11-13T18:55:00Z,oos,1746,0,Tier A,tier_a_primary,Tier_A_full_context,c08_exclude_weak_session_bucket,midday_lull_120_240,-0.1762380357885976,0
2025.11.13 19:00:00,2025-11-13T19:00:00Z,oos,1747,0,Tier A,tier_a_primary,Tier_A_full_context,c08_exclude_weak_session_bucket,midday_lull_120_240,-0.1762380357885976,0
2025.11.13 19:05:00,2025-11-13T19:05:00Z,oos,1748,0,Tier A,tier_a_primary,Tier_A_full_context,c08_exclude_weak_session_bucket,midday_lull_120_240,-0.1762380357885976,0
2025.11.13 19:10:00,2025-11-13T19:10:00Z,oos,1749,0,Tier A,tier_a_primary,Tier_A_full_context,c08_exclude_weak_session_bucket,midday_lull_120_240,-0.1762380357885976,0
2025.11.13 19:20:00,2025-11-13T19:20:00Z,oos,1750,0,Tier A,tier_a_primary,Tier_A_full_context,c08_exclude_weak_session_bucket,midday_lull_120_240,-0.1762380357885976,0
2025.11.13 19:25:00,2025-11-13T19:25:00Z,oos,1751,0,Tier A,tier_a_primary,Tier_A_full_context,c08_exclude_weak_session_bucket,midday_lull_120_240,-0.1762380357885976,0
2025.11.13 19:30:00,2025-11-13T19:30:00Z,oos,1752,0,Tier A,tier_a_primary,Tier_A_full_context,c08_exclude_weak_session_bucket,midday_lull_120_240,-0.1762380357885976,0
2025.11.13 19:35:00,2025-11-13T19:35:00Z,oos,1753,0,Tier A,tier_a_primary,Tier_A_full_context,c08_exclude_weak_session_bucket,midday_lull_120_240,-0.1762380357885976,0
2025.11.13 19:40:00,2025-11-13T19:40:00Z,oos,1754,0,Tier A,tier_a_primary,Tier_A_full_context,c08_exclude_weak_session_bucket,midday_lull_120_240,-0.1762380357885976,0
2025.11.13 19:45:00,2025-11-13T19:45:00Z,oos,1755,0,Tier A,tier_a_primary,Tier_A_full_context,c08_exclude_weak_session_bucket,midday_lull_120_240,-0.1762380357885976,0
2025.11.13 19:50:00,2025-11-13T19:50:00Z,oos,1756,0,Tier A,tier_a_primary,Tier_A_full_context,c08_exclude_weak_session_bucket,midday_lull_120_240,-0.1762380357885976,0
2025.11.13 19:55:00,2025-11-13T19:55:00Z,oos,1757,0,Tier A,tier_a_primary,Tier_A_full_context,c08_exclude_weak_session_bucket,midday_lull_120_240,-0.1762380357885976,0
2025.11.13 20:00:00,2025-11-13T20:00:00Z,oos,1758,0,Tier A,tier_a_primary,Tier_A_full_context,c08_exclude_weak_session_bucket,midday_lull_120_240,-0.1762380357885976,0
2025.11.13 20:05:00,2025-11-13T20:05:00Z,oos,1759,0,Tier A,tier_a_primary,Tier_A_full_context,c08_exclude_weak_session_bucket,midday_lull_120_240,-0.1762380357885976,0
2025.11.13 20:10:00,2025-11-13T20:10:00Z,oos,1760,0,Tier A,tier_a_primary,Tier_A_full_context,c08_exclude_weak_session_bucket,midday_lull_120_240,-0.1762380357885976,0
2025.11.13 20:15:00,2025-11-13T20:15:00Z,oos,1761,0,Tier A,tier_a_primary,Tier_A_full_context,c08_exclude_weak_session_bucket,midday_lull_120_240,-0.1762380357885976,0
2025.11.13 20:20:00,2025-11-13T20:20:00Z,oos,1762,0,Tier A,tier_a_primary,Tier_A_full_context,c08_exclude_weak_session_bucket,midday_lull_120_240,-0.1762380357885976,0
2025.11.13 20:25:00,2025-11-13T20:25:00Z,oos,1763,0,Tier A,tier_a_primary,Tier_A_full_context,c08_exclude_weak_session_bucket,midday_lull_120_240,-0.1762380357885976,0
2025.11.13 20:30:00,2025-11-13T20:30:00Z,oos,1764,0,Tier A,tier_a_primary,Tier_A_full_context,c08_exclude_weak_session_bucket,midday_lull_120_240,-0.1762380357885976,0
2025.11.13 20:35:00,2025-11-13T20:35:00Z,oos,1765,0,Tier A,tier_a_primary,Tier_A_full_context,c08_exclude_weak_session_bucket,late_cash_240_330,-0.17209668943772988,0
2025.11.13 20:40:00,2025-11-13T20:40:00Z,oos,1766,0,Tier A,tier_a_primary,Tier_A_full_context,c08_exclude_weak_session_bucket,late_cash_240_330,-0.17209668943772988,0
2025.11.13 20:45:00,2025-11-13T20:45:00Z,oos,1767,1,Tier A,tier_a_primary,Tier_A_full_context,c08_exclude_weak_session_bucket,late_cash_240_330,-0.17209668943772988,1
2025.11.13 20:50:00,2025-11-13T20:50:00Z,oos,1768,0,Tier A,tier_a_primary,Tier_A_full_context,c08_exclude_weak_session_bucket,late_cash_240_330,-0.17209668943772988,0
2025.11.13 20:55:00,2025-11-13T20:55:00Z,oos,1769,0,Tier A,tier_a_primary,Tier_A_full_context,c08_exclude_weak_session_bucket,late_cash_240_330,-0.17209668943772988,0
2025.11.13 21:00:00,2025-11-13T21:00:00Z,oos,1770,1,Tier A,tier_a_primary,Tier_A_full_context,c08_exclude_weak_session_bucket,late_cash_240_330,-0.17209668943772988,1
2025.11.13 21:05:00,2025-11-13T21:05:00Z,oos,1771,-1,Tier A,tier_a_primary,Tier_A_full_context,c08_exclude_weak_session_bucket,late_cash_240_330,-0.17209668943772988,-1
2025.11.13 21:10:00,2025-11-13T21:10:00Z,oos,1772,0,Tier A,tier_a_primary,Tier_A_full_context,c08_exclude_weak_session_bucket,late_cash_240_330,-0.17209668943772988,0
2025.11.13 21:15:00,2025-11-13T21:15:00Z,oos,1773,0,Tier A,tier_a_primary,Tier_A_full_context,c08_exclude_weak_session_bucket,late_cash_240_330,-0.17209668943772988,0
2025.11.13 21:20:00,2025-11-13T21:20:00Z,oos,1774,0,Tier A,tier_a_primary,Tier_A_full_context,c08_exclude_weak_session_bucket,late_cash_240_330,-0.17209668943772988,0
2025.11.13 21:25:00,2025-11-13T21:25:00Z,oos,1775,1,Tier A,tier_a_primary,Tier_A_full_context,c08_exclude_weak_session_bucket,late_cash_240_330,-0.17209668943772988,1
2025.11.13 21:30:00,2025-11-13T21:30:00Z,oos,1776,1,Tier A,tier_a_primary,Tier_A_full_context,c08_exclude_weak_session_bucket,late_cash_240_330,-0.17209668943772988,1
2025.11.13 21:35:00,2025-11-13T21:35:00Z,oos,1777,0,Tier A,tier_a_primary,Tier_A_full_context,c08_exclude_weak_session_bucket,late_cash_240_330,-0.17209668943772988,0
2025.11.13 21:40:00,2025-11-13T21:40:00Z,oos,1778,0,Tier A,tier_a_primary,Tier_A_full_context,c08_exclude_weak_session_bucket,late_cash_240_330,-0.17209668943772988,0
2025.11.13 21:45:00,2025-11-13T21:45:00Z,oos,1779,0,Tier A,tier_a_primary,Tier_A_full_context,c08_exclude_weak_session_bucket,late_cash_240_330,-0.17209668943772988,0
2025.11.13 21:50:00,2025-11-13T21:50:00Z,oos,1780,-1,Tier A,tier_a_primary,Tier_A_full_context,c08_exclude_weak_session_bucket,late_cash_240_330,-0.17209668943772988,-1
2025.11.13 21:55:00,2025-11-13T21:55:00Z,oos,1781,0,Tier A,tier_a_primary,Tier_A_full_context,c08_exclude_weak_session_bucket,late_cash_240_330,-0.17209668943772988,0
2025.11.13 22:00:00,2025-11-13T22:00:00Z,oos,1782,0,Tier A,tier_a_primary,Tier_A_full_context,c08_exclude_weak_session_bucket,late_cash_240_330,-0.17209668943772988,0
2025.11.14 16:35:00,2025-11-14T16:35:00Z,oos,1783,-1,Tier A,tier_a_primary,Tier_A_full_context,c08_exclude_weak_session_bucket,cash_open_0_30,-0.09635811836115327,-1
2025.11.14 16:40:00,2025-11-14T16:40:00Z,oos,1784,1,Tier A,tier_a_primary,Tier_A_full_context,c08_exclude_weak_session_bucket,cash_open_0_30,-0.09635811836115327,1
2025.11.14 16:45:00,2025-11-14T16:45:00Z,oos,1785,0,Tier A,tier_a_primary,Tier_A_full_context,c08_exclude_weak_session_bucket,cash_open_0_30,-0.09635811836115327,0
2025.11.14 16:50:00,2025-11-14T16:50:00Z,oos,1786,0,Tier A,tier_a_primary,Tier_A_full_context,c08_exclude_weak_session_bucket,cash_open_0_30,-0.09635811836115327,0
2025.11.14 16:55:00,2025-11-14T16:55:00Z,oos,1787,0,Tier A,tier_a_primary,Tier_A_full_context,c08_exclude_weak_session_bucket,cash_open_0_30,-0.09635811836115327,0
2025.11.14 17:00:00,2025-11-14T17:00:00Z,oos,1788,0,Tier A,tier_a_primary,Tier_A_full_context,c08_exclude_weak_session_bucket,cash_open_0_30,-0.09635811836115327,0
2025.11.14 17:05:00,2025-11-14T17:05:00Z,oos,1789,0,Tier A,tier_a_primary,Tier_A_full_context,c08_exclude_weak_session_bucket,early_cash_30_60,-0.12775735294117646,0
2025.11.14 17:10:00,2025-11-14T17:10:00Z,oos,1790,0,Tier A,tier_a_primary,Tier_A_full_context,c08_exclude_weak_session_bucket,early_cash_30_60,-0.12775735294117646,0
2025.11.14 17:15:00,2025-11-14T17:15:00Z,oos,1791,0,Tier A,tier_a_primary,Tier_A_full_context,c08_exclude_weak_session_bucket,early_cash_30_60,-0.12775735294117646,0
2025.11.14 17:20:00,2025-11-14T17:20:00Z,oos,1792,0,Tier A,tier_a_primary,Tier_A_full_context,c08_exclude_weak_session_bucket,early_cash_30_60,-0.12775735294117646,0
2025.11.14 17:25:00,2025-11-14T17:25:00Z,oos,1793,0,Tier A,tier_a_primary,Tier_A_full_context,c08_exclude_weak_session_bucket,early_cash_30_60,-0.12775735294117646,0
2025.11.14 17:30:00,2025-11-14T17:30:00Z,oos,1794,0,Tier A,tier_a_primary,Tier_A_full_context,c08_exclude_weak_session_bucket,early_cash_30_60,-0.12775735294117646,0
2025.11.14 17:35:00,2025-11-14T17:35:00Z,oos,1795,0,Tier A,tier_a_primary,Tier_A_full_context,c08_exclude_weak_session_bucket,morning_60_120,-0.1698966408268734,0
2025.11.14 17:40:00,2025-11-14T17:40:00Z,oos,1796,0,Tier A,tier_a_primary,Tier_A_full_context,c08_exclude_weak_session_bucket,morning_60_120,-0.1698966408268734,0
2025.11.14 17:45:00,2025-11-14T17:45:00Z,oos,1797,0,Tier A,tier_a_primary,Tier_A_full_context,c08_exclude_weak_session_bucket,morning_60_120,-0.1698966408268734,0
2025.11.14 17:50:00,2025-11-14T17:50:00Z,oos,1798,0,Tier A,tier_a_primary,Tier_A_full_context,c08_exclude_weak_session_bucket,morning_60_120,-0.1698966408268734,0
2025.11.14 17:55:00,2025-11-14T17:55:00Z,oos,1799,0,Tier A,tier_a_primary,Tier_A_full_context,c08_exclude_weak_session_bucket,morning_60_120,-0.1698966408268734,0
2025.11.14 18:00:00,2025-11-14T18:00:00Z,oos,1800,0,Tier A,tier_a_primary,Tier_A_full_context,c08_exclude_weak_session_bucket,morning_60_120,-0.1698966408268734,0
2025.11.14 18:05:00,2025-11-14T18:05:00Z,oos,1801,-1,Tier A,tier_a_primary,Tier_A_full_context,c08_exclude_weak_session_bucket,morning_60_120,-0.1698966408268734,-1
2025.11.14 18:10:00,2025-11-14T18:10:00Z,oos,1802,0,Tier A,tier_a_primary,Tier_A_full_context,c08_exclude_weak_session_bucket,morning_60_120,-0.1698966408268734,0
2025.11.14 18:15:00,2025-11-14T18:15:00Z,oos,1803,0,Tier A,tier_a_primary,Tier_A_full_context,c08_exclude_weak_session_bucket,morning_60_120,-0.1698966408268734,0
2025.11.14 18:20:00,2025-11-14T18:20:00Z,oos,1804,1,Tier A,tier_a_primary,Tier_A_full_context,c08_exclude_weak_session_bucket,morning_60_120,-0.1698966408268734,1
2025.11.14 18:25:00,2025-11-14T18:25:00Z,oos,1805,0,Tier A,tier_a_primary,Tier_A_full_context,c08_exclude_weak_session_bucket,morning_60_120,-0.1698966408268734,0
2025.11.14 18:30:00,2025-11-14T18:30:00Z,oos,1806,0,Tier A,tier_a_primary,Tier_A_full_context,c08_exclude_weak_session_bucket,morning_60_120,-0.1698966408268734,0
2025.11.14 18:35:00,2025-11-14T18:35:00Z,oos,1807,0,Tier A,tier_a_primary,Tier_A_full_context,c08_exclude_weak_session_bucket,midday_lull_120_240,-0.1762380357885976,0
2025.11.14 18:40:00,2025-11-14T18:40:00Z,oos,1808,0,Tier A,tier_a_primary,Tier_A_full_context,c08_exclude_weak_session_bucket,midday_lull_120_240,-0.1762380357885976,0
2025.11.14 18:45:00,2025-11-14T18:45:00Z,oos,1809,0,Tier A,tier_a_primary,Tier_A_full_context,c08_exclude_weak_session_bucket,midday_lull_120_240,-0.1762380357885976,0
2025.11.14 18:50:00,2025-11-14T18:50:00Z,oos,1810,0,Tier A,tier_a_primary,Tier_A_full_context,c08_exclude_weak_session_bucket,midday_lull_120_240,-0.1762380357885976,0
2025.11.14 18:55:00,2025-11-14T18:55:00Z,oos,1811,0,Tier A,tier_a_primary,Tier_A_full_context,c08_exclude_weak_session_bucket,midday_lull_120_240,-0.1762380357885976,0
2025.11.14 19:00:00,2025-11-14T19:00:00Z,oos,1812,0,Tier A,tier_a_primary,Tier_A_full_context,c08_exclude_weak_session_bucket,midday_lull_120_240,-0.1762380357885976,0
2025.11.14 19:05:00,2025-11-14T19:05:00Z,oos,1813,0,Tier A,tier_a_primary,Tier_A_full_context,c08_exclude_weak_session_bucket,midday_lull_120_240,-0.1762380357885976,0
2025.11.14 19:10:00,2025-11-14T19:10:00Z,oos,1814,0,Tier A,tier_a_primary,Tier_A_full_context,c08_exclude_weak_session_bucket,midday_lull_120_240,-0.1762380357885976,0
2025.11.14 19:15:00,2025-11-14T19:15:00Z,oos,1815,0,Tier A,tier_a_primary,Tier_A_full_context,c08_exclude_weak_session_bucket,midday_lull_120_240,-0.1762380357885976,0
2025.11.14 19:20:00,2025-11-14T19:20:00Z,oos,1816,0,Tier A,tier_a_primary,Tier_A_full_context,c08_exclude_weak_session_bucket,midday_lull_120_240,-0.1762380357885976,0
2025.11.14 19:25:00,2025-11-14T19:25:00Z,oos,1817,0,Tier A,tier_a_primary,Tier_A_full_context,c08_exclude_weak_session_bucket,midday_lull_120_240,-0.1762380357885976,0
2025.11.14 19:30:00,2025-11-14T19:30:00Z,oos,1818,0,Tier A,tier_a_primary,Tier_A_full_context,c08_exclude_weak_session_bucket,midday_lull_120_240,-0.1762380357885976,0
2025.11.14 19:35:00,2025-11-14T19:35:00Z,oos,1819,0,Tier A,tier_a_primary,Tier_A_full_context,c08_exclude_weak_session_bucket,midday_lull_120_240,-0.1762380357885976,0
2025.11.14 19:40:00,2025-11-14T19:40:00Z,oos,1820,0,Tier A,tier_a_primary,Tier_A_full_context,c08_exclude_weak_session_bucket,midday_lull_120_240,-0.1762380357885976,0
2025.11.14 19:45:00,2025-11-14T19:45:00Z,oos,1821,0,Tier A,tier_a_primary,Tier_A_full_context,c08_exclude_weak_session_bucket,midday_lull_120_240,-0.1762380357885976,0
2025.11.14 19:55:00,2025-11-14T19:55:00Z,oos,1822,0,Tier A,tier_a_primary,Tier_A_full_context,c08_exclude_weak_session_bucket,midday_lull_120_240,-0.1762380357885976,0
2025.11.14 20:00:00,2025-11-14T20:00:00Z,oos,1823,0,Tier A,tier_a_primary,Tier_A_full_context,c08_exclude_weak_session_bucket,midday_lull_120_240,-0.1762380357885976,0
2025.11.14 20:05:00,2025-11-14T20:05:00Z,oos,1824,0,Tier A,tier_a_primary,Tier_A_full_context,c08_exclude_weak_session_bucket,midday_lull_120_240,-0.1762380357885976,0
2025.11.14 20:10:00,2025-11-14T20:10:00Z,oos,1825,0,Tier A,tier_a_primary,Tier_A_full_context,c08_exclude_weak_session_bucket,midday_lull_120_240,-0.1762380357885976,0
2025.11.14 20:15:00,2025-11-14T20:15:00Z,oos,1826,0,Tier A,tier_a_primary,Tier_A_full_context,c08_exclude_weak_session_bucket,midday_lull_120_240,-0.1762380357885976,0
2025.11.14 20:20:00,2025-11-14T20:20:00Z,oos,1827,0,Tier A,tier_a_primary,Tier_A_full_context,c08_exclude_weak_session_bucket,midday_lull_120_240,-0.1762380357885976,0
2025.11.14 20:25:00,2025-11-14T20:25:00Z,oos,1828,0,Tier A,tier_a_primary,Tier_A_full_context,c08_exclude_weak_session_bucket,midday_lull_120_240,-0.1762380357885976,0
2025.11.14 20:30:00,2025-11-14T20:30:00Z,oos,1829,0,Tier A,tier_a_primary,Tier_A_full_context,c08_exclude_weak_session_bucket,midday_lull_120_240,-0.1762380357885976,0
2025.11.14 20:35:00,2025-11-14T20:35:00Z,oos,1830,0,Tier A,tier_a_primary,Tier_A_full_context,c08_exclude_weak_session_bucket,late_cash_240_330,-0.17209668943772988,0
2025.11.14 20:40:00,2025-11-14T20:40:00Z,oos,1831,0,Tier A,tier_a_primary,Tier_A_full_context,c08_exclude_weak_session_bucket,late_cash_240_330,-0.17209668943772988,0
2025.11.14 20:50:00,2025-11-14T20:50:00Z,oos,1832,0,Tier A,tier_a_primary,Tier_A_full_context,c08_exclude_weak_session_bucket,late_cash_240_330,-0.17209668943772988,0
2025.11.14 20:55:00,2025-11-14T20:55:00Z,oos,1833,0,Tier A,tier_a_primary,Tier_A_full_context,c08_exclude_weak_session_bucket,late_cash_240_330,-0.17209668943772988,0
2025.11.14 21:00:00,2025-11-14T21:00:00Z,oos,1834,0,Tier A,tier_a_primary,Tier_A_full_context,c08_exclude_weak_session_bucket,late_cash_240_330,-0.17209668943772988,0
2025.11.14 21:05:00,2025-11-14T21:05:00Z,oos,1835,0,Tier A,tier_a_primary,Tier_A_full_context,c08_exclude_weak_session_bucket,late_cash_240_330,-0.17209668943772988,0
2025.11.14 21:10:00,2025-11-14T21:10:00Z,oos,1836,0,Tier A,tier_a_primary,Tier_A_full_context,c08_exclude_weak_session_bucket,late_cash_240_330,-0.17209668943772988,0
2025.11.14 21:15:00,2025-11-14T21:15:00Z,oos,1837,0,Tier A,tier_a_primary,Tier_A_full_context,c08_exclude_weak_session_bucket,late_cash_240_330,-0.17209668943772988,0
2025.11.14 21:20:00,2025-11-14T21:20:00Z,oos,1838,0,Tier A,tier_a_primary,Tier_A_full_context,c08_exclude_weak_session_bucket,late_cash_240_330,-0.17209668943772988,0
2025.11.14 21:25:00,2025-11-14T21:25:00Z,oos,1839,0,Tier A,tier_a_primary,Tier_A_full_context,c08_exclude_weak_session_bucket,late_cash_240_330,-0.17209668943772988,0
2025.11.14 21:30:00,2025-11-14T21:30:00Z,oos,1840,0,Tier A,tier_a_primary,Tier_A_full_context,c08_exclude_weak_session_bucket,late_cash_240_330,-0.17209668943772988,0
2025.11.14 21:35:00,2025-11-14T21:35:00Z,oos,1841,0,Tier A,tier_a_primary,Tier_A_full_context,c08_exclude_weak_session_bucket,late_cash_240_330,-0.17209668943772988,0
2025.11.14 21:40:00,2025-11-14T21:40:00Z,oos,1842,0,Tier A,tier_a_primary,Tier_A_full_context,c08_exclude_weak_session_bucket,late_cash_240_330,-0.17209668943772988,0
2025.11.14 21:55:00,2025-11-14T21:55:00Z,oos,1843,0,Tier A,tier_a_primary,Tier_A_full_context,c08_exclude_weak_session_bucket,late_cash_240_330,-0.17209668943772988,0
2025.11.14 22:00:00,2025-11-14T22:00:00Z,oos,1844,0,Tier A,tier_a_primary,Tier_A_full_context,c08_exclude_weak_session_bucket,late_cash_240_330,-0.17209668943772988,0
2025.11.17 16:35:00,2025-11-17T16:35:00Z,oos,1845,1,Tier A,tier_a_primary,Tier_A_full_context,c08_exclude_weak_session_bucket,cash_open_0_30,-0.09635811836115327,1
2025.11.17 16:40:00,2025-11-17T16:40:00Z,oos,1846,1,Tier A,tier_a_primary,Tier_A_full_context,c08_exclude_weak_session_bucket,cash_open_0_30,-0.09635811836115327,1
2025.11.17 16:45:00,2025-11-17T16:45:00Z,oos,1847,0,Tier A,tier_a_primary,Tier_A_full_context,c08_exclude_weak_session_bucket,cash_open_0_30,-0.09635811836115327,0
2025.11.17 16:50:00,2025-11-17T16:50:00Z,oos,1848,1,Tier A,tier_a_primary,Tier_A_full_context,c08_exclude_weak_session_bucket,cash_open_0_30,-0.09635811836115327,1
2025.11.17 16:55:00,2025-11-17T16:55:00Z,oos,1849,0,Tier A,tier_a_primary,Tier_A_full_context,c08_exclude_weak_session_bucket,cash_open_0_30,-0.09635811836115327,0
2025.11.17 17:00:00,2025-11-17T17:00:00Z,oos,1850,-1,Tier A,tier_a_primary,Tier_A_full_context,c08_exclude_weak_session_bucket,cash_open_0_30,-0.09635811836115327,-1
2025.11.17 17:05:00,2025-11-17T17:05:00Z,oos,1851,-1,Tier A,tier_a_primary,Tier_A_full_context,c08_exclude_weak_session_bucket,early_cash_30_60,-0.12775735294117646,-1
2025.11.17 17:10:00,2025-11-17T17:10:00Z,oos,1852,-1,Tier A,tier_a_primary,Tier_A_full_context,c08_exclude_weak_session_bucket,early_cash_30_60,-0.12775735294117646,-1
2025.11.17 17:15:00,2025-11-17T17:15:00Z,oos,1853,1,Tier A,tier_a_primary,Tier_A_full_context,c08_exclude_weak_session_bucket,early_cash_30_60,-0.12775735294117646,1
2025.11.17 17:20:00,2025-11-17T17:20:00Z,oos,1854,-1,Tier A,tier_a_primary,Tier_A_full_context,c08_exclude_weak_session_bucket,early_cash_30_60,-0.12775735294117646,-1
2025.11.17 17:25:00,2025-11-17T17:25:00Z,oos,1855,0,Tier A,tier_a_primary,Tier_A_full_context,c08_exclude_weak_session_bucket,early_cash_30_60,-0.12775735294117646,0
2025.11.17 17:30:00,2025-11-17T17:30:00Z,oos,1856,0,Tier A,tier_a_primary,Tier_A_full_context,c08_exclude_weak_session_bucket,early_cash_30_60,-0.12775735294117646,0
2025.11.17 17:35:00,2025-11-17T17:35:00Z,oos,1857,-1,Tier A,tier_a_primary,Tier_A_full_context,c08_exclude_weak_session_bucket,morning_60_120,-0.1698966408268734,-1
2025.11.17 17:40:00,2025-11-17T17:40:00Z,oos,1858,0,Tier A,tier_a_primary,Tier_A_full_context,c08_exclude_weak_session_bucket,morning_60_120,-0.1698966408268734,0
2025.11.17 17:45:00,2025-11-17T17:45:00Z,oos,1859,1,Tier A,tier_a_primary,Tier_A_full_context,c08_exclude_weak_session_bucket,morning_60_120,-0.1698966408268734,1
2025.11.17 17:50:00,2025-11-17T17:50:00Z,oos,1860,0,Tier A,tier_a_primary,Tier_A_full_context,c08_exclude_weak_session_bucket,morning_60_120,-0.1698966408268734,0
2025.11.17 17:55:00,2025-11-17T17:55:00Z,oos,1861,0,Tier A,tier_a_primary,Tier_A_full_context,c08_exclude_weak_session_bucket,morning_60_120,-0.1698966408268734,0
2025.11.17 18:05:00,2025-11-17T18:05:00Z,oos,1862,0,Tier A,tier_a_primary,Tier_A_full_context,c08_exclude_weak_session_bucket,morning_60_120,-0.1698966408268734,0
2025.11.17 18:10:00,2025-11-17T18:10:00Z,oos,1863,0,Tier A,tier_a_primary,Tier_A_full_context,c08_exclude_weak_session_bucket,morning_60_120,-0.1698966408268734,0
2025.11.17 18:15:00,2025-11-17T18:15:00Z,oos,1864,0,Tier A,tier_a_primary,Tier_A_full_context,c08_exclude_weak_session_bucket,morning_60_120,-0.1698966408268734,0
2025.11.17 18:20:00,2025-11-17T18:20:00Z,oos,1865,0,Tier A,tier_a_primary,Tier_A_full_context,c08_exclude_weak_session_bucket,morning_60_120,-0.1698966408268734,0
2025.11.17 18:25:00,2025-11-17T18:25:00Z,oos,1866,1,Tier A,tier_a_primary,Tier_A_full_context,c08_exclude_weak_session_bucket,morning_60_120,-0.1698966408268734,1
2025.11.17 18:30:00,2025-11-17T18:30:00Z,oos,1867,1,Tier A,tier_a_primary,Tier_A_full_context,c08_exclude_weak_session_bucket,morning_60_120,-0.1698966408268734,1
2025.11.17 18:35:00,2025-11-17T18:35:00Z,oos,1868,0,Tier A,tier_a_primary,Tier_A_full_context,c08_exclude_weak_session_bucket,midday_lull_120_240,-0.1762380357885976,0
2025.11.17 18:45:00,2025-11-17T18:45:00Z,oos,1869,0,Tier A,tier_a_primary,Tier_A_full_context,c08_exclude_weak_session_bucket,midday_lull_120_240,-0.1762380357885976,0
2025.11.17 18:50:00,2025-11-17T18:50:00Z,oos,1870,0,Tier A,tier_a_primary,Tier_A_full_context,c08_exclude_weak_session_bucket,midday_lull_120_240,-0.1762380357885976,0
2025.11.17 18:55:00,2025-11-17T18:55:00Z,oos,1871,0,Tier A,tier_a_primary,Tier_A_full_context,c08_exclude_weak_session_bucket,midday_lull_120_240,-0.1762380357885976,0
2025.11.17 19:00:00,2025-11-17T19:00:00Z,oos,1872,0,Tier A,tier_a_primary,Tier_A_full_context,c08_exclude_weak_session_bucket,midday_lull_120_240,-0.1762380357885976,0
2025.11.17 19:10:00,2025-11-17T19:10:00Z,oos,1873,0,Tier A,tier_a_primary,Tier_A_full_context,c08_exclude_weak_session_bucket,midday_lull_120_240,-0.1762380357885976,0
2025.11.17 19:15:00,2025-11-17T19:15:00Z,oos,1874,0,Tier A,tier_a_primary,Tier_A_full_context,c08_exclude_weak_session_bucket,midday_lull_120_240,-0.1762380357885976,0
2025.11.17 19:20:00,2025-11-17T19:20:00Z,oos,1875,0,Tier A,tier_a_primary,Tier_A_full_context,c08_exclude_weak_session_bucket,midday_lull_120_240,-0.1762380357885976,0
2025.11.17 19:25:00,2025-11-17T19:25:00Z,oos,1876,0,Tier A,tier_a_primary,Tier_A_full_context,c08_exclude_weak_session_bucket,midday_lull_120_240,-0.1762380357885976,0
2025.11.17 19:30:00,2025-11-17T19:30:00Z,oos,1877,0,Tier A,tier_a_primary,Tier_A_full_context,c08_exclude_weak_session_bucket,midday_lull_120_240,-0.1762380357885976,0
2025.11.17 19:35:00,2025-11-17T19:35:00Z,oos,1878,0,Tier A,tier_a_primary,Tier_A_full_context,c08_exclude_weak_session_bucket,midday_lull_120_240,-0.1762380357885976,0
2025.11.17 19:40:00,2025-11-17T19:40:00Z,oos,1879,0,Tier A,tier_a_primary,Tier_A_full_context,c08_exclude_weak_session_bucket,midday_lull_120_240,-0.1762380357885976,0
2025.11.17 19:45:00,2025-11-17T19:45:00Z,oos,1880,0,Tier A,tier_a_primary,Tier_A_full_context,c08_exclude_weak_session_bucket,midday_lull_120_240,-0.1762380357885976,0
2025.11.17 19:50:00,2025-11-17T19:50:00Z,oos,1881,0,Tier A,tier_a_primary,Tier_A_full_context,c08_exclude_weak_session_bucket,midday_lull_120_240,-0.1762380357885976,0
2025.11.17 20:00:00,2025-11-17T20:00:00Z,oos,1882,0,Tier A,tier_a_primary,Tier_A_full_context,c08_exclude_weak_session_bucket,midday_lull_120_240,-0.1762380357885976,0
2025.11.17 20:05:00,2025-11-17T20:05:00Z,oos,1883,0,Tier A,tier_a_primary,Tier_A_full_context,c08_exclude_weak_session_bucket,midday_lull_120_240,-0.1762380357885976,0
2025.11.17 20:10:00,2025-11-17T20:10:00Z,oos,1884,0,Tier A,tier_a_primary,Tier_A_full_context,c08_exclude_weak_session_bucket,midday_lull_120_240,-0.1762380357885976,0
2025.11.17 20:15:00,2025-11-17T20:15:00Z,oos,1885,0,Tier A,tier_a_primary,Tier_A_full_context,c08_exclude_weak_session_bucket,midday_lull_120_240,-0.1762380357885976,0
2025.11.17 20:25:00,2025-11-17T20:25:00Z,oos,1886,0,Tier A,tier_a_primary,Tier_A_full_context,c08_exclude_weak_session_bucket,midday_lull_120_240,-0.1762380357885976,0
2025.11.17 20:30:00,2025-11-17T20:30:00Z,oos,1887,0,Tier A,tier_a_primary,Tier_A_full_context,c08_exclude_weak_session_bucket,midday_lull_120_240,-0.1762380357885976,0
2025.11.17 20:40:00,2025-11-17T20:40:00Z,oos,1888,1,Tier A,tier_a_primary,Tier_A_full_context,c08_exclude_weak_session_bucket,late_cash_240_330,-0.17209668943772988,1
2025.11.17 20:45:00,2025-11-17T20:45:00Z,oos,1889,1,Tier A,tier_a_primary,Tier_A_full_context,c08_exclude_weak_session_bucket,late_cash_240_330,-0.17209668943772988,1
2025.11.17 20:50:00,2025-11-17T20:50:00Z,oos,1890,1,Tier A,tier_a_primary,Tier_A_full_context,c08_exclude_weak_session_bucket,late_cash_240_330,-0.17209668943772988,1
2025.11.17 20:55:00,2025-11-17T20:55:00Z,oos,1891,-1,Tier A,tier_a_primary,Tier_A_full_context,c08_exclude_weak_session_bucket,late_cash_240_330,-0.17209668943772988,-1
2025.11.17 21:00:00,2025-11-17T21:00:00Z,oos,1892,-1,Tier A,tier_a_primary,Tier_A_full_context,c08_exclude_weak_session_bucket,late_cash_240_330,-0.17209668943772988,-1
2025.11.17 21:05:00,2025-11-17T21:05:00Z,oos,1893,0,Tier A,tier_a_primary,Tier_A_full_context,c08_exclude_weak_session_bucket,late_cash_240_330,-0.17209668943772988,0
2025.11.17 21:10:00,2025-11-17T21:10:00Z,oos,1894,1,Tier A,tier_a_primary,Tier_A_full_context,c08_exclude_weak_session_bucket,late_cash_240_330,-0.17209668943772988,1
2025.11.17 21:15:00,2025-11-17T21:15:00Z,oos,1895,0,Tier A,tier_a_primary,Tier_A_full_context,c08_exclude_weak_session_bucket,late_cash_240_330,-0.17209668943772988,0
2025.11.17 21:20:00,2025-11-17T21:20:00Z,oos,1896,0,Tier A,tier_a_primary,Tier_A_full_context,c08_exclude_weak_session_bucket,late_cash_240_330,-0.17209668943772988,0
2025.11.17 21:25:00,2025-11-17T21:25:00Z,oos,1897,0,Tier A,tier_a_primary,Tier_A_full_context,c08_exclude_weak_session_bucket,late_cash_240_330,-0.17209668943772988,0
2025.11.17 21:30:00,2025-11-17T21:30:00Z,oos,1898,0,Tier A,tier_a_primary,Tier_A_full_context,c08_exclude_weak_session_bucket,late_cash_240_330,-0.17209668943772988,0
2025.11.17 21:35:00,2025-11-17T21:35:00Z,oos,1899,-1,Tier A,tier_a_primary,Tier_A_full_context,c08_exclude_weak_session_bucket,late_cash_240_330,-0.17209668943772988,-1
2025.11.17 21:40:00,2025-11-17T21:40:00Z,oos,1900,-1,Tier A,tier_a_primary,Tier_A_full_context,c08_exclude_weak_session_bucket,late_cash_240_330,-0.17209668943772988,-1
2025.11.17 21:45:00,2025-11-17T21:45:00Z,oos,1901,1,Tier A,tier_a_primary,Tier_A_full_context,c08_exclude_weak_session_bucket,late_cash_240_330,-0.17209668943772988,1
2025.11.17 21:50:00,2025-11-17T21:50:00Z,oos,1902,0,Tier A,tier_a_primary,Tier_A_full_context,c08_exclude_weak_session_bucket,late_cash_240_330,-0.17209668943772988,0
2025.11.17 21:55:00,2025-11-17T21:55:00Z,oos,1903,0,Tier A,tier_a_primary,Tier_A_full_context,c08_exclude_weak_session_bucket,late_cash_240_330,-0.17209668943772988,0
2025.11.17 22:00:00,2025-11-17T22:00:00Z,oos,1904,-1,Tier A,tier_a_primary,Tier_A_full_context,c08_exclude_weak_session_bucket,late_cash_240_330,-0.17209668943772988,-1
2025.11.18 16:35:00,2025-11-18T16:35:00Z,oos,1905,0,Tier A,tier_a_primary,Tier_A_full_context,c08_exclude_weak_session_bucket,cash_open_0_30,-0.09635811836115327,0
2025.11.18 16:40:00,2025-11-18T16:40:00Z,oos,1906,0,Tier A,tier_a_primary,Tier_A_full_context,c08_exclude_weak_session_bucket,cash_open_0_30,-0.09635811836115327,0
2025.11.18 16:45:00,2025-11-18T16:45:00Z,oos,1907,0,Tier A,tier_a_primary,Tier_A_full_context,c08_exclude_weak_session_bucket,cash_open_0_30,-0.09635811836115327,0
2025.11.18 16:50:00,2025-11-18T16:50:00Z,oos,1908,0,Tier A,tier_a_primary,Tier_A_full_context,c08_exclude_weak_session_bucket,cash_open_0_30,-0.09635811836115327,0
2025.11.18 16:55:00,2025-11-18T16:55:00Z,oos,1909,0,Tier A,tier_a_primary,Tier_A_full_context,c08_exclude_weak_session_bucket,cash_open_0_30,-0.09635811836115327,0
2025.11.18 17:00:00,2025-11-18T17:00:00Z,oos,1910,0,Tier A,tier_a_primary,Tier_A_full_context,c08_exclude_weak_session_bucket,cash_open_0_30,-0.09635811836115327,0
2025.11.18 17:05:00,2025-11-18T17:05:00Z,oos,1911,0,Tier A,tier_a_primary,Tier_A_full_context,c08_exclude_weak_session_bucket,early_cash_30_60,-0.12775735294117646,0
2025.11.18 17:10:00,2025-11-18T17:10:00Z,oos,1912,0,Tier A,tier_a_primary,Tier_A_full_context,c08_exclude_weak_session_bucket,early_cash_30_60,-0.12775735294117646,0
2025.11.18 17:15:00,2025-11-18T17:15:00Z,oos,1913,0,Tier A,tier_a_primary,Tier_A_full_context,c08_exclude_weak_session_bucket,early_cash_30_60,-0.12775735294117646,0
2025.11.18 17:20:00,2025-11-18T17:20:00Z,oos,1914,0,Tier A,tier_a_primary,Tier_A_full_context,c08_exclude_weak_session_bucket,early_cash_30_60,-0.12775735294117646,0
2025.11.18 17:25:00,2025-11-18T17:25:00Z,oos,1915,0,Tier A,tier_a_primary,Tier_A_full_context,c08_exclude_weak_session_bucket,early_cash_30_60,-0.12775735294117646,0
2025.11.18 17:30:00,2025-11-18T17:30:00Z,oos,1916,0,Tier A,tier_a_primary,Tier_A_full_context,c08_exclude_weak_session_bucket,early_cash_30_60,-0.12775735294117646,0
2025.11.18 17:35:00,2025-11-18T17:35:00Z,oos,1917,0,Tier A,tier_a_primary,Tier_A_full_context,c08_exclude_weak_session_bucket,morning_60_120,-0.1698966408268734,0
2025.11.18 17:40:00,2025-11-18T17:40:00Z,oos,1918,0,Tier A,tier_a_primary,Tier_A_full_context,c08_exclude_weak_session_bucket,morning_60_120,-0.1698966408268734,0
2025.11.18 17:45:00,2025-11-18T17:45:00Z,oos,1919,0,Tier A,tier_a_primary,Tier_A_full_context,c08_exclude_weak_session_bucket,morning_60_120,-0.1698966408268734,0
2025.11.18 17:50:00,2025-11-18T17:50:00Z,oos,1920,0,Tier A,tier_a_primary,Tier_A_full_context,c08_exclude_weak_session_bucket,morning_60_120,-0.1698966408268734,0
2025.11.18 17:55:00,2025-11-18T17:55:00Z,oos,1921,0,Tier A,tier_a_primary,Tier_A_full_context,c08_exclude_weak_session_bucket,morning_60_120,-0.1698966408268734,0
2025.11.18 18:00:00,2025-11-18T18:00:00Z,oos,1922,0,Tier A,tier_a_primary,Tier_A_full_context,c08_exclude_weak_session_bucket,morning_60_120,-0.1698966408268734,0
2025.11.18 18:05:00,2025-11-18T18:05:00Z,oos,1923,0,Tier A,tier_a_primary,Tier_A_full_context,c08_exclude_weak_session_bucket,morning_60_120,-0.1698966408268734,0
2025.11.18 18:10:00,2025-11-18T18:10:00Z,oos,1924,1,Tier A,tier_a_primary,Tier_A_full_context,c08_exclude_weak_session_bucket,morning_60_120,-0.1698966408268734,1
2025.11.18 18:15:00,2025-11-18T18:15:00Z,oos,1925,0,Tier A,tier_a_primary,Tier_A_full_context,c08_exclude_weak_session_bucket,morning_60_120,-0.1698966408268734,0
2025.11.18 18:20:00,2025-11-18T18:20:00Z,oos,1926,0,Tier A,tier_a_primary,Tier_A_full_context,c08_exclude_weak_session_bucket,morning_60_120,-0.1698966408268734,0
2025.11.18 18:25:00,2025-11-18T18:25:00Z,oos,1927,1,Tier A,tier_a_primary,Tier_A_full_context,c08_exclude_weak_session_bucket,morning_60_120,-0.1698966408268734,1
2025.11.18 18:30:00,2025-11-18T18:30:00Z,oos,1928,0,Tier A,tier_a_primary,Tier_A_full_context,c08_exclude_weak_session_bucket,morning_60_120,-0.1698966408268734,0
2025.11.18 18:35:00,2025-11-18T18:35:00Z,oos,1929,0,Tier A,tier_a_primary,Tier_A_full_context,c08_exclude_weak_session_bucket,midday_lull_120_240,-0.1762380357885976,0
2025.11.18 18:40:00,2025-11-18T18:40:00Z,oos,1930,0,Tier A,tier_a_primary,Tier_A_full_context,c08_exclude_weak_session_bucket,midday_lull_120_240,-0.1762380357885976,0
2025.11.18 18:45:00,2025-11-18T18:45:00Z,oos,1931,0,Tier A,tier_a_primary,Tier_A_full_context,c08_exclude_weak_session_bucket,midday_lull_120_240,-0.1762380357885976,0
2025.11.18 18:50:00,2025-11-18T18:50:00Z,oos,1932,0,Tier A,tier_a_primary,Tier_A_full_context,c08_exclude_weak_session_bucket,midday_lull_120_240,-0.1762380357885976,0
2025.11.18 18:55:00,2025-11-18T18:55:00Z,oos,1933,0,Tier A,tier_a_primary,Tier_A_full_context,c08_exclude_weak_session_bucket,midday_lull_120_240,-0.1762380357885976,0
2025.11.18 19:00:00,2025-11-18T19:00:00Z,oos,1934,0,Tier A,tier_a_primary,Tier_A_full_context,c08_exclude_weak_session_bucket,midday_lull_120_240,-0.1762380357885976,0
2025.11.18 19:05:00,2025-11-18T19:05:00Z,oos,1935,0,Tier A,tier_a_primary,Tier_A_full_context,c08_exclude_weak_session_bucket,midday_lull_120_240,-0.1762380357885976,0
2025.11.18 19:15:00,2025-11-18T19:15:00Z,oos,1936,0,Tier A,tier_a_primary,Tier_A_full_context,c08_exclude_weak_session_bucket,midday_lull_120_240,-0.1762380357885976,0
2025.11.18 19:20:00,2025-11-18T19:20:00Z,oos,1937,0,Tier A,tier_a_primary,Tier_A_full_context,c08_exclude_weak_session_bucket,midday_lull_120_240,-0.1762380357885976,0
2025.11.18 19:25:00,2025-11-18T19:25:00Z,oos,1938,0,Tier A,tier_a_primary,Tier_A_full_context,c08_exclude_weak_session_bucket,midday_lull_120_240,-0.1762380357885976,0
2025.11.18 19:30:00,2025-11-18T19:30:00Z,oos,1939,0,Tier A,tier_a_primary,Tier_A_full_context,c08_exclude_weak_session_bucket,midday_lull_120_240,-0.1762380357885976,0
2025.11.18 19:35:00,2025-11-18T19:35:00Z,oos,1940,0,Tier A,tier_a_primary,Tier_A_full_context,c08_exclude_weak_session_bucket,midday_lull_120_240,-0.1762380357885976,0
2025.11.18 19:40:00,2025-11-18T19:40:00Z,oos,1941,0,Tier A,tier_a_primary,Tier_A_full_context,c08_exclude_weak_session_bucket,midday_lull_120_240,-0.1762380357885976,0
2025.11.18 19:45:00,2025-11-18T19:45:00Z,oos,1942,0,Tier A,tier_a_primary,Tier_A_full_context,c08_exclude_weak_session_bucket,midday_lull_120_240,-0.1762380357885976,0
2025.11.18 19:50:00,2025-11-18T19:50:00Z,oos,1943,0,Tier A,tier_a_primary,Tier_A_full_context,c08_exclude_weak_session_bucket,midday_lull_120_240,-0.1762380357885976,0
2025.11.18 19:55:00,2025-11-18T19:55:00Z,oos,1944,0,Tier A,tier_a_primary,Tier_A_full_context,c08_exclude_weak_session_bucket,midday_lull_120_240,-0.1762380357885976,0
2025.11.18 20:00:00,2025-11-18T20:00:00Z,oos,1945,0,Tier A,tier_a_primary,Tier_A_full_context,c08_exclude_weak_session_bucket,midday_lull_120_240,-0.1762380357885976,0
2025.11.18 20:05:00,2025-11-18T20:05:00Z,oos,1946,0,Tier A,tier_a_primary,Tier_A_full_context,c08_exclude_weak_session_bucket,midday_lull_120_240,-0.1762380357885976,0
2025.11.18 20:10:00,2025-11-18T20:10:00Z,oos,1947,0,Tier A,tier_a_primary,Tier_A_full_context,c08_exclude_weak_session_bucket,midday_lull_120_240,-0.1762380357885976,0
2025.11.18 20:15:00,2025-11-18T20:15:00Z,oos,1948,0,Tier A,tier_a_primary,Tier_A_full_context,c08_exclude_weak_session_bucket,midday_lull_120_240,-0.1762380357885976,0
2025.11.18 20:20:00,2025-11-18T20:20:00Z,oos,1949,0,Tier A,tier_a_primary,Tier_A_full_context,c08_exclude_weak_session_bucket,midday_lull_120_240,-0.1762380357885976,0
2025.11.18 20:25:00,2025-11-18T20:25:00Z,oos,1950,0,Tier A,tier_a_primary,Tier_A_full_context,c08_exclude_weak_session_bucket,midday_lull_120_240,-0.1762380357885976,0
2025.11.18 20:30:00,2025-11-18T20:30:00Z,oos,1951,0,Tier A,tier_a_primary,Tier_A_full_context,c08_exclude_weak_session_bucket,midday_lull_120_240,-0.1762380357885976,0
2025.11.18 20:35:00,2025-11-18T20:35:00Z,oos,1952,0,Tier A,tier_a_primary,Tier_A_full_context,c08_exclude_weak_session_bucket,late_cash_240_330,-0.17209668943772988,0
2025.11.18 20:40:00,2025-11-18T20:40:00Z,oos,1953,0,Tier A,tier_a_primary,Tier_A_full_context,c08_exclude_weak_session_bucket,late_cash_240_330,-0.17209668943772988,0
2025.11.18 20:45:00,2025-11-18T20:45:00Z,oos,1954,0,Tier A,tier_a_primary,Tier_A_full_context,c08_exclude_weak_session_bucket,late_cash_240_330,-0.17209668943772988,0
2025.11.18 20:50:00,2025-11-18T20:50:00Z,oos,1955,0,Tier A,tier_a_primary,Tier_A_full_context,c08_exclude_weak_session_bucket,late_cash_240_330,-0.17209668943772988,0
2025.11.18 20:55:00,2025-11-18T20:55:00Z,oos,1956,0,Tier A,tier_a_primary,Tier_A_full_context,c08_exclude_weak_session_bucket,late_cash_240_330,-0.17209668943772988,0
2025.11.18 21:00:00,2025-11-18T21:00:00Z,oos,1957,0,Tier A,tier_a_primary,Tier_A_full_context,c08_exclude_weak_session_bucket,late_cash_240_330,-0.17209668943772988,0
2025.11.18 21:05:00,2025-11-18T21:05:00Z,oos,1958,0,Tier A,tier_a_primary,Tier_A_full_context,c08_exclude_weak_session_bucket,late_cash_240_330,-0.17209668943772988,0
2025.11.18 21:10:00,2025-11-18T21:10:00Z,oos,1959,0,Tier A,tier_a_primary,Tier_A_full_context,c08_exclude_weak_session_bucket,late_cash_240_330,-0.17209668943772988,0
2025.11.18 21:20:00,2025-11-18T21:20:00Z,oos,1960,0,Tier A,tier_a_primary,Tier_A_full_context,c08_exclude_weak_session_bucket,late_cash_240_330,-0.17209668943772988,0
2025.11.18 21:25:00,2025-11-18T21:25:00Z,oos,1961,0,Tier A,tier_a_primary,Tier_A_full_context,c08_exclude_weak_session_bucket,late_cash_240_330,-0.17209668943772988,0
2025.11.18 21:35:00,2025-11-18T21:35:00Z,oos,1962,0,Tier A,tier_a_primary,Tier_A_full_context,c08_exclude_weak_session_bucket,late_cash_240_330,-0.17209668943772988,0
2025.11.18 21:40:00,2025-11-18T21:40:00Z,oos,1963,0,Tier A,tier_a_primary,Tier_A_full_context,c08_exclude_weak_session_bucket,late_cash_240_330,-0.17209668943772988,0
2025.11.18 21:45:00,2025-11-18T21:45:00Z,oos,1964,0,Tier A,tier_a_primary,Tier_A_full_context,c08_exclude_weak_session_bucket,late_cash_240_330,-0.17209668943772988,0
2025.11.18 21:50:00,2025-11-18T21:50:00Z,oos,1965,0,Tier A,tier_a_primary,Tier_A_full_context,c08_exclude_weak_session_bucket,late_cash_240_330,-0.17209668943772988,0
2025.11.18 21:55:00,2025-11-18T21:55:00Z,oos,1966,0,Tier A,tier_a_primary,Tier_A_full_context,c08_exclude_weak_session_bucket,late_cash_240_330,-0.17209668943772988,0
2025.11.18 22:00:00,2025-11-18T22:00:00Z,oos,1967,0,Tier A,tier_a_primary,Tier_A_full_context,c08_exclude_weak_session_bucket,late_cash_240_330,-0.17209668943772988,0
2025.11.19 16:35:00,2025-11-19T16:35:00Z,oos,1968,0,Tier A,tier_a_primary,Tier_A_full_context,c08_exclude_weak_session_bucket,cash_open_0_30,-0.09635811836115327,0
2025.11.19 16:40:00,2025-11-19T16:40:00Z,oos,1969,0,Tier A,tier_a_primary,Tier_A_full_context,c08_exclude_weak_session_bucket,cash_open_0_30,-0.09635811836115327,0
2025.11.19 16:45:00,2025-11-19T16:45:00Z,oos,1970,0,Tier A,tier_a_primary,Tier_A_full_context,c08_exclude_weak_session_bucket,cash_open_0_30,-0.09635811836115327,0
2025.11.19 16:50:00,2025-11-19T16:50:00Z,oos,1971,0,Tier A,tier_a_primary,Tier_A_full_context,c08_exclude_weak_session_bucket,cash_open_0_30,-0.09635811836115327,0
2025.11.19 16:55:00,2025-11-19T16:55:00Z,oos,1972,0,Tier A,tier_a_primary,Tier_A_full_context,c08_exclude_weak_session_bucket,cash_open_0_30,-0.09635811836115327,0
2025.11.19 17:00:00,2025-11-19T17:00:00Z,oos,1973,1,Tier A,tier_a_primary,Tier_A_full_context,c08_exclude_weak_session_bucket,cash_open_0_30,-0.09635811836115327,1
2025.11.19 17:05:00,2025-11-19T17:05:00Z,oos,1974,0,Tier A,tier_a_primary,Tier_A_full_context,c08_exclude_weak_session_bucket,early_cash_30_60,-0.12775735294117646,0
2025.11.19 17:10:00,2025-11-19T17:10:00Z,oos,1975,0,Tier A,tier_a_primary,Tier_A_full_context,c08_exclude_weak_session_bucket,early_cash_30_60,-0.12775735294117646,0
2025.11.19 17:15:00,2025-11-19T17:15:00Z,oos,1976,0,Tier A,tier_a_primary,Tier_A_full_context,c08_exclude_weak_session_bucket,early_cash_30_60,-0.12775735294117646,0
2025.11.19 17:20:00,2025-11-19T17:20:00Z,oos,1977,0,Tier A,tier_a_primary,Tier_A_full_context,c08_exclude_weak_session_bucket,early_cash_30_60,-0.12775735294117646,0
2025.11.19 17:25:00,2025-11-19T17:25:00Z,oos,1978,0,Tier A,tier_a_primary,Tier_A_full_context,c08_exclude_weak_session_bucket,early_cash_30_60,-0.12775735294117646,0
2025.11.19 17:30:00,2025-11-19T17:30:00Z,oos,1979,-1,Tier A,tier_a_primary,Tier_A_full_context,c08_exclude_weak_session_bucket,early_cash_30_60,-0.12775735294117646,-1
2025.11.19 17:35:00,2025-11-19T17:35:00Z,oos,1980,-1,Tier A,tier_a_primary,Tier_A_full_context,c08_exclude_weak_session_bucket,morning_60_120,-0.1698966408268734,-1
2025.11.19 17:40:00,2025-11-19T17:40:00Z,oos,1981,-1,Tier A,tier_a_primary,Tier_A_full_context,c08_exclude_weak_session_bucket,morning_60_120,-0.1698966408268734,-1
2025.11.19 17:45:00,2025-11-19T17:45:00Z,oos,1982,0,Tier A,tier_a_primary,Tier_A_full_context,c08_exclude_weak_session_bucket,morning_60_120,-0.1698966408268734,0
2025.11.19 17:50:00,2025-11-19T17:50:00Z,oos,1983,-1,Tier A,tier_a_primary,Tier_A_full_context,c08_exclude_weak_session_bucket,morning_60_120,-0.1698966408268734,-1
2025.11.19 17:55:00,2025-11-19T17:55:00Z,oos,1984,-1,Tier A,tier_a_primary,Tier_A_full_context,c08_exclude_weak_session_bucket,morning_60_120,-0.1698966408268734,-1
2025.11.19 18:00:00,2025-11-19T18:00:00Z,oos,1985,-1,Tier A,tier_a_primary,Tier_A_full_context,c08_exclude_weak_session_bucket,morning_60_120,-0.1698966408268734,-1
2025.11.19 18:05:00,2025-11-19T18:05:00Z,oos,1986,0,Tier A,tier_a_primary,Tier_A_full_context,c08_exclude_weak_session_bucket,morning_60_120,-0.1698966408268734,0
2025.11.19 18:10:00,2025-11-19T18:10:00Z,oos,1987,-1,Tier A,tier_a_primary,Tier_A_full_context,c08_exclude_weak_session_bucket,morning_60_120,-0.1698966408268734,-1
2025.11.19 18:15:00,2025-11-19T18:15:00Z,oos,1988,0,Tier A,tier_a_primary,Tier_A_full_context,c08_exclude_weak_session_bucket,morning_60_120,-0.1698966408268734,0
2025.11.19 18:20:00,2025-11-19T18:20:00Z,oos,1989,0,Tier A,tier_a_primary,Tier_A_full_context,c08_exclude_weak_session_bucket,morning_60_120,-0.1698966408268734,0
2025.11.19 18:25:00,2025-11-19T18:25:00Z,oos,1990,-1,Tier A,tier_a_primary,Tier_A_full_context,c08_exclude_weak_session_bucket,morning_60_120,-0.1698966408268734,-1
2025.11.19 18:30:00,2025-11-19T18:30:00Z,oos,1991,0,Tier A,tier_a_primary,Tier_A_full_context,c08_exclude_weak_session_bucket,morning_60_120,-0.1698966408268734,0
2025.11.19 18:35:00,2025-11-19T18:35:00Z,oos,1992,0,Tier A,tier_a_primary,Tier_A_full_context,c08_exclude_weak_session_bucket,midday_lull_120_240,-0.1762380357885976,0
2025.11.19 18:40:00,2025-11-19T18:40:00Z,oos,1993,0,Tier A,tier_a_primary,Tier_A_full_context,c08_exclude_weak_session_bucket,midday_lull_120_240,-0.1762380357885976,0
2025.11.19 18:45:00,2025-11-19T18:45:00Z,oos,1994,0,Tier A,tier_a_primary,Tier_A_full_context,c08_exclude_weak_session_bucket,midday_lull_120_240,-0.1762380357885976,0
2025.11.19 18:50:00,2025-11-19T18:50:00Z,oos,1995,0,Tier A,tier_a_primary,Tier_A_full_context,c08_exclude_weak_session_bucket,midday_lull_120_240,-0.1762380357885976,0
2025.11.19 18:55:00,2025-11-19T18:55:00Z,oos,1996,0,Tier A,tier_a_primary,Tier_A_full_context,c08_exclude_weak_session_bucket,midday_lull_120_240,-0.1762380357885976,0
2025.11.19 19:00:00,2025-11-19T19:00:00Z,oos,1997,0,Tier A,tier_a_primary,Tier_A_full_context,c08_exclude_weak_session_bucket,midday_lull_120_240,-0.1762380357885976,0
2025.11.19 19:05:00,2025-11-19T19:05:00Z,oos,1998,0,Tier A,tier_a_primary,Tier_A_full_context,c08_exclude_weak_session_bucket,midday_lull_120_240,-0.1762380357885976,0
2025.11.19 19:10:00,2025-11-19T19:10:00Z,oos,1999,0,Tier A,tier_a_primary,Tier_A_full_context,c08_exclude_weak_session_bucket,midday_lull_120_240,-0.1762380357885976,0
2025.11.19 19:15:00,2025-11-19T19:15:00Z,oos,2000,0,Tier A,tier_a_primary,Tier_A_full_context,c08_exclude_weak_session_bucket,midday_lull_120_240,-0.1762380357885976,0
2025.11.19 19:20:00,2025-11-19T19:20:00Z,oos,2001,0,Tier A,tier_a_primary,Tier_A_full_context,c08_exclude_weak_session_bucket,midday_lull_120_240,-0.1762380357885976,0
2025.11.19 19:25:00,2025-11-19T19:25:00Z,oos,2002,0,Tier A,tier_a_primary,Tier_A_full_context,c08_exclude_weak_session_bucket,midday_lull_120_240,-0.1762380357885976,0
2025.11.19 19:30:00,2025-11-19T19:30:00Z,oos,2003,0,Tier A,tier_a_primary,Tier_A_full_context,c08_exclude_weak_session_bucket,midday_lull_120_240,-0.1762380357885976,0
2025.11.19 19:35:00,2025-11-19T19:35:00Z,oos,2004,0,Tier A,tier_a_primary,Tier_A_full_context,c08_exclude_weak_session_bucket,midday_lull_120_240,-0.1762380357885976,0
2025.11.19 19:40:00,2025-11-19T19:40:00Z,oos,2005,0,Tier A,tier_a_primary,Tier_A_full_context,c08_exclude_weak_session_bucket,midday_lull_120_240,-0.1762380357885976,0
2025.11.19 19:45:00,2025-11-19T19:45:00Z,oos,2006,0,Tier A,tier_a_primary,Tier_A_full_context,c08_exclude_weak_session_bucket,midday_lull_120_240,-0.1762380357885976,0
2025.11.19 19:50:00,2025-11-19T19:50:00Z,oos,2007,0,Tier A,tier_a_primary,Tier_A_full_context,c08_exclude_weak_session_bucket,midday_lull_120_240,-0.1762380357885976,0
2025.11.19 19:55:00,2025-11-19T19:55:00Z,oos,2008,0,Tier A,tier_a_primary,Tier_A_full_context,c08_exclude_weak_session_bucket,midday_lull_120_240,-0.1762380357885976,0
2025.11.19 20:00:00,2025-11-19T20:00:00Z,oos,2009,0,Tier A,tier_a_primary,Tier_A_full_context,c08_exclude_weak_session_bucket,midday_lull_120_240,-0.1762380357885976,0
2025.11.19 20:05:00,2025-11-19T20:05:00Z,oos,2010,0,Tier A,tier_a_primary,Tier_A_full_context,c08_exclude_weak_session_bucket,midday_lull_120_240,-0.1762380357885976,0
2025.11.19 20:10:00,2025-11-19T20:10:00Z,oos,2011,0,Tier A,tier_a_primary,Tier_A_full_context,c08_exclude_weak_session_bucket,midday_lull_120_240,-0.1762380357885976,0
2025.11.19 20:15:00,2025-11-19T20:15:00Z,oos,2012,0,Tier A,tier_a_primary,Tier_A_full_context,c08_exclude_weak_session_bucket,midday_lull_120_240,-0.1762380357885976,0
2025.11.19 20:20:00,2025-11-19T20:20:00Z,oos,2013,0,Tier A,tier_a_primary,Tier_A_full_context,c08_exclude_weak_session_bucket,midday_lull_120_240,-0.1762380357885976,0
2025.11.19 20:25:00,2025-11-19T20:25:00Z,oos,2014,0,Tier A,tier_a_primary,Tier_A_full_context,c08_exclude_weak_session_bucket,midday_lull_120_240,-0.1762380357885976,0
2025.11.19 20:30:00,2025-11-19T20:30:00Z,oos,2015,0,Tier A,tier_a_primary,Tier_A_full_context,c08_exclude_weak_session_bucket,midday_lull_120_240,-0.1762380357885976,0
2025.11.19 20:35:00,2025-11-19T20:35:00Z,oos,2016,1,Tier A,tier_a_primary,Tier_A_full_context,c08_exclude_weak_session_bucket,late_cash_240_330,-0.17209668943772988,1
2025.11.19 20:40:00,2025-11-19T20:40:00Z,oos,2017,1,Tier A,tier_a_primary,Tier_A_full_context,c08_exclude_weak_session_bucket,late_cash_240_330,-0.17209668943772988,1
2025.11.19 20:45:00,2025-11-19T20:45:00Z,oos,2018,-1,Tier A,tier_a_primary,Tier_A_full_context,c08_exclude_weak_session_bucket,late_cash_240_330,-0.17209668943772988,-1
2025.11.19 20:50:00,2025-11-19T20:50:00Z,oos,2019,0,Tier A,tier_a_primary,Tier_A_full_context,c08_exclude_weak_session_bucket,late_cash_240_330,-0.17209668943772988,0
2025.11.19 20:55:00,2025-11-19T20:55:00Z,oos,2020,0,Tier A,tier_a_primary,Tier_A_full_context,c08_exclude_weak_session_bucket,late_cash_240_330,-0.17209668943772988,0
2025.11.19 21:00:00,2025-11-19T21:00:00Z,oos,2021,0,Tier A,tier_a_primary,Tier_A_full_context,c08_exclude_weak_session_bucket,late_cash_240_330,-0.17209668943772988,0
2025.11.19 21:05:00,2025-11-19T21:05:00Z,oos,2022,0,Tier A,tier_a_primary,Tier_A_full_context,c08_exclude_weak_session_bucket,late_cash_240_330,-0.17209668943772988,0
2025.11.19 21:10:00,2025-11-19T21:10:00Z,oos,2023,0,Tier A,tier_a_primary,Tier_A_full_context,c08_exclude_weak_session_bucket,late_cash_240_330,-0.17209668943772988,0
2025.11.19 21:15:00,2025-11-19T21:15:00Z,oos,2024,0,Tier A,tier_a_primary,Tier_A_full_context,c08_exclude_weak_session_bucket,late_cash_240_330,-0.17209668943772988,0
2025.11.19 21:20:00,2025-11-19T21:20:00Z,oos,2025,0,Tier A,tier_a_primary,Tier_A_full_context,c08_exclude_weak_session_bucket,late_cash_240_330,-0.17209668943772988,0
2025.11.19 21:25:00,2025-11-19T21:25:00Z,oos,2026,0,Tier A,tier_a_primary,Tier_A_full_context,c08_exclude_weak_session_bucket,late_cash_240_330,-0.17209668943772988,0
2025.11.19 21:30:00,2025-11-19T21:30:00Z,oos,2027,0,Tier A,tier_a_primary,Tier_A_full_context,c08_exclude_weak_session_bucket,late_cash_240_330,-0.17209668943772988,0
2025.11.19 21:35:00,2025-11-19T21:35:00Z,oos,2028,0,Tier A,tier_a_primary,Tier_A_full_context,c08_exclude_weak_session_bucket,late_cash_240_330,-0.17209668943772988,0
2025.11.19 21:40:00,2025-11-19T21:40:00Z,oos,2029,0,Tier A,tier_a_primary,Tier_A_full_context,c08_exclude_weak_session_bucket,late_cash_240_330,-0.17209668943772988,0
2025.11.19 21:45:00,2025-11-19T21:45:00Z,oos,2030,0,Tier A,tier_a_primary,Tier_A_full_context,c08_exclude_weak_session_bucket,late_cash_240_330,-0.17209668943772988,0
2025.11.19 21:50:00,2025-11-19T21:50:00Z,oos,2031,0,Tier A,tier_a_primary,Tier_A_full_context,c08_exclude_weak_session_bucket,late_cash_240_330,-0.17209668943772988,0
2025.11.19 21:55:00,2025-11-19T21:55:00Z,oos,2032,0,Tier A,tier_a_primary,Tier_A_full_context,c08_exclude_weak_session_bucket,late_cash_240_330,-0.17209668943772988,0
2025.11.19 22:00:00,2025-11-19T22:00:00Z,oos,2033,0,Tier A,tier_a_primary,Tier_A_full_context,c08_exclude_weak_session_bucket,late_cash_240_330,-0.17209668943772988,0
2025.11.20 16:35:00,2025-11-20T16:35:00Z,oos,2034,-1,Tier A,tier_a_primary,Tier_A_full_context,c08_exclude_weak_session_bucket,cash_open_0_30,-0.09635811836115327,-1
2025.11.20 16:40:00,2025-11-20T16:40:00Z,oos,2035,0,Tier A,tier_a_primary,Tier_A_full_context,c08_exclude_weak_session_bucket,cash_open_0_30,-0.09635811836115327,0
2025.11.20 16:45:00,2025-11-20T16:45:00Z,oos,2036,0,Tier A,tier_a_primary,Tier_A_full_context,c08_exclude_weak_session_bucket,cash_open_0_30,-0.09635811836115327,0
2025.11.20 16:50:00,2025-11-20T16:50:00Z,oos,2037,0,Tier A,tier_a_primary,Tier_A_full_context,c08_exclude_weak_session_bucket,cash_open_0_30,-0.09635811836115327,0
2025.11.20 16:55:00,2025-11-20T16:55:00Z,oos,2038,1,Tier A,tier_a_primary,Tier_A_full_context,c08_exclude_weak_session_bucket,cash_open_0_30,-0.09635811836115327,1
2025.11.20 17:00:00,2025-11-20T17:00:00Z,oos,2039,1,Tier A,tier_a_primary,Tier_A_full_context,c08_exclude_weak_session_bucket,cash_open_0_30,-0.09635811836115327,1
2025.11.20 17:05:00,2025-11-20T17:05:00Z,oos,2040,0,Tier A,tier_a_primary,Tier_A_full_context,c08_exclude_weak_session_bucket,early_cash_30_60,-0.12775735294117646,0
2025.11.20 17:10:00,2025-11-20T17:10:00Z,oos,2041,-1,Tier A,tier_a_primary,Tier_A_full_context,c08_exclude_weak_session_bucket,early_cash_30_60,-0.12775735294117646,-1
2025.11.20 17:15:00,2025-11-20T17:15:00Z,oos,2042,0,Tier A,tier_a_primary,Tier_A_full_context,c08_exclude_weak_session_bucket,early_cash_30_60,-0.12775735294117646,0
2025.11.20 17:20:00,2025-11-20T17:20:00Z,oos,2043,0,Tier A,tier_a_primary,Tier_A_full_context,c08_exclude_weak_session_bucket,early_cash_30_60,-0.12775735294117646,0
2025.11.20 17:25:00,2025-11-20T17:25:00Z,oos,2044,0,Tier A,tier_a_primary,Tier_A_full_context,c08_exclude_weak_session_bucket,early_cash_30_60,-0.12775735294117646,0
2025.11.20 17:30:00,2025-11-20T17:30:00Z,oos,2045,0,Tier A,tier_a_primary,Tier_A_full_context,c08_exclude_weak_session_bucket,early_cash_30_60,-0.12775735294117646,0
2025.11.20 17:35:00,2025-11-20T17:35:00Z,oos,2046,0,Tier A,tier_a_primary,Tier_A_full_context,c08_exclude_weak_session_bucket,morning_60_120,-0.1698966408268734,0
2025.11.20 17:40:00,2025-11-20T17:40:00Z,oos,2047,0,Tier A,tier_a_primary,Tier_A_full_context,c08_exclude_weak_session_bucket,morning_60_120,-0.1698966408268734,0
2025.11.20 17:45:00,2025-11-20T17:45:00Z,oos,2048,0,Tier A,tier_a_primary,Tier_A_full_context,c08_exclude_weak_session_bucket,morning_60_120,-0.1698966408268734,0
2025.11.20 17:50:00,2025-11-20T17:50:00Z,oos,2049,0,Tier A,tier_a_primary,Tier_A_full_context,c08_exclude_weak_session_bucket,morning_60_120,-0.1698966408268734,0
2025.11.20 17:55:00,2025-11-20T17:55:00Z,oos,2050,0,Tier A,tier_a_primary,Tier_A_full_context,c08_exclude_weak_session_bucket,morning_60_120,-0.1698966408268734,0
2025.11.20 18:00:00,2025-11-20T18:00:00Z,oos,2051,0,Tier A,tier_a_primary,Tier_A_full_context,c08_exclude_weak_session_bucket,morning_60_120,-0.1698966408268734,0
2025.11.20 18:05:00,2025-11-20T18:05:00Z,oos,2052,0,Tier A,tier_a_primary,Tier_A_full_context,c08_exclude_weak_session_bucket,morning_60_120,-0.1698966408268734,0
2025.11.20 18:10:00,2025-11-20T18:10:00Z,oos,2053,0,Tier A,tier_a_primary,Tier_A_full_context,c08_exclude_weak_session_bucket,morning_60_120,-0.1698966408268734,0
2025.11.20 18:15:00,2025-11-20T18:15:00Z,oos,2054,0,Tier A,tier_a_primary,Tier_A_full_context,c08_exclude_weak_session_bucket,morning_60_120,-0.1698966408268734,0
2025.11.20 18:20:00,2025-11-20T18:20:00Z,oos,2055,-1,Tier A,tier_a_primary,Tier_A_full_context,c08_exclude_weak_session_bucket,morning_60_120,-0.1698966408268734,-1
2025.11.20 18:25:00,2025-11-20T18:25:00Z,oos,2056,0,Tier A,tier_a_primary,Tier_A_full_context,c08_exclude_weak_session_bucket,morning_60_120,-0.1698966408268734,0
2025.11.20 18:30:00,2025-11-20T18:30:00Z,oos,2057,0,Tier A,tier_a_primary,Tier_A_full_context,c08_exclude_weak_session_bucket,morning_60_120,-0.1698966408268734,0
2025.11.20 18:35:00,2025-11-20T18:35:00Z,oos,2058,0,Tier A,tier_a_primary,Tier_A_full_context,c08_exclude_weak_session_bucket,midday_lull_120_240,-0.1762380357885976,0
2025.11.20 18:40:00,2025-11-20T18:40:00Z,oos,2059,0,Tier A,tier_a_primary,Tier_A_full_context,c08_exclude_weak_session_bucket,midday_lull_120_240,-0.1762380357885976,0
2025.11.20 18:45:00,2025-11-20T18:45:00Z,oos,2060,0,Tier A,tier_a_primary,Tier_A_full_context,c08_exclude_weak_session_bucket,midday_lull_120_240,-0.1762380357885976,0
2025.11.20 18:50:00,2025-11-20T18:50:00Z,oos,2061,0,Tier A,tier_a_primary,Tier_A_full_context,c08_exclude_weak_session_bucket,midday_lull_120_240,-0.1762380357885976,0
2025.11.20 18:55:00,2025-11-20T18:55:00Z,oos,2062,0,Tier A,tier_a_primary,Tier_A_full_context,c08_exclude_weak_session_bucket,midday_lull_120_240,-0.1762380357885976,0
2025.11.20 19:00:00,2025-11-20T19:00:00Z,oos,2063,0,Tier A,tier_a_primary,Tier_A_full_context,c08_exclude_weak_session_bucket,midday_lull_120_240,-0.1762380357885976,0
2025.11.20 19:05:00,2025-11-20T19:05:00Z,oos,2064,0,Tier A,tier_a_primary,Tier_A_full_context,c08_exclude_weak_session_bucket,midday_lull_120_240,-0.1762380357885976,0
2025.11.20 19:10:00,2025-11-20T19:10:00Z,oos,2065,0,Tier A,tier_a_primary,Tier_A_full_context,c08_exclude_weak_session_bucket,midday_lull_120_240,-0.1762380357885976,0
2025.11.20 19:15:00,2025-11-20T19:15:00Z,oos,2066,0,Tier A,tier_a_primary,Tier_A_full_context,c08_exclude_weak_session_bucket,midday_lull_120_240,-0.1762380357885976,0
2025.11.20 19:20:00,2025-11-20T19:20:00Z,oos,2067,0,Tier A,tier_a_primary,Tier_A_full_context,c08_exclude_weak_session_bucket,midday_lull_120_240,-0.1762380357885976,0
2025.11.20 19:25:00,2025-11-20T19:25:00Z,oos,2068,0,Tier A,tier_a_primary,Tier_A_full_context,c08_exclude_weak_session_bucket,midday_lull_120_240,-0.1762380357885976,0
2025.11.20 19:30:00,2025-11-20T19:30:00Z,oos,2069,0,Tier A,tier_a_primary,Tier_A_full_context,c08_exclude_weak_session_bucket,midday_lull_120_240,-0.1762380357885976,0
2025.11.20 19:35:00,2025-11-20T19:35:00Z,oos,2070,0,Tier A,tier_a_primary,Tier_A_full_context,c08_exclude_weak_session_bucket,midday_lull_120_240,-0.1762380357885976,0
2025.11.20 19:40:00,2025-11-20T19:40:00Z,oos,2071,0,Tier A,tier_a_primary,Tier_A_full_context,c08_exclude_weak_session_bucket,midday_lull_120_240,-0.1762380357885976,0
2025.11.20 19:45:00,2025-11-20T19:45:00Z,oos,2072,0,Tier A,tier_a_primary,Tier_A_full_context,c08_exclude_weak_session_bucket,midday_lull_120_240,-0.1762380357885976,0
2025.11.20 19:50:00,2025-11-20T19:50:00Z,oos,2073,0,Tier A,tier_a_primary,Tier_A_full_context,c08_exclude_weak_session_bucket,midday_lull_120_240,-0.1762380357885976,0
2025.11.20 19:55:00,2025-11-20T19:55:00Z,oos,2074,0,Tier A,tier_a_primary,Tier_A_full_context,c08_exclude_weak_session_bucket,midday_lull_120_240,-0.1762380357885976,0
2025.11.20 20:00:00,2025-11-20T20:00:00Z,oos,2075,0,Tier A,tier_a_primary,Tier_A_full_context,c08_exclude_weak_session_bucket,midday_lull_120_240,-0.1762380357885976,0
2025.11.20 20:05:00,2025-11-20T20:05:00Z,oos,2076,0,Tier A,tier_a_primary,Tier_A_full_context,c08_exclude_weak_session_bucket,midday_lull_120_240,-0.1762380357885976,0
2025.11.20 20:10:00,2025-11-20T20:10:00Z,oos,2077,0,Tier A,tier_a_primary,Tier_A_full_context,c08_exclude_weak_session_bucket,midday_lull_120_240,-0.1762380357885976,0
2025.11.20 20:15:00,2025-11-20T20:15:00Z,oos,2078,0,Tier A,tier_a_primary,Tier_A_full_context,c08_exclude_weak_session_bucket,midday_lull_120_240,-0.1762380357885976,0
2025.11.20 20:20:00,2025-11-20T20:20:00Z,oos,2079,0,Tier A,tier_a_primary,Tier_A_full_context,c08_exclude_weak_session_bucket,midday_lull_120_240,-0.1762380357885976,0
2025.11.20 20:25:00,2025-11-20T20:25:00Z,oos,2080,0,Tier A,tier_a_primary,Tier_A_full_context,c08_exclude_weak_session_bucket,midday_lull_120_240,-0.1762380357885976,0
2025.11.20 20:30:00,2025-11-20T20:30:00Z,oos,2081,0,Tier A,tier_a_primary,Tier_A_full_context,c08_exclude_weak_session_bucket,midday_lull_120_240,-0.1762380357885976,0
2025.11.20 20:35:00,2025-11-20T20:35:00Z,oos,2082,0,Tier A,tier_a_primary,Tier_A_full_context,c08_exclude_weak_session_bucket,late_cash_240_330,-0.17209668943772988,0
2025.11.20 20:40:00,2025-11-20T20:40:00Z,oos,2083,-1,Tier A,tier_a_primary,Tier_A_full_context,c08_exclude_weak_session_bucket,late_cash_240_330,-0.17209668943772988,-1
2025.11.20 20:45:00,2025-11-20T20:45:00Z,oos,2084,0,Tier A,tier_a_primary,Tier_A_full_context,c08_exclude_weak_session_bucket,late_cash_240_330,-0.17209668943772988,0
2025.11.20 20:50:00,2025-11-20T20:50:00Z,oos,2085,0,Tier A,tier_a_primary,Tier_A_full_context,c08_exclude_weak_session_bucket,late_cash_240_330,-0.17209668943772988,0
2025.11.20 20:55:00,2025-11-20T20:55:00Z,oos,2086,-1,Tier A,tier_a_primary,Tier_A_full_context,c08_exclude_weak_session_bucket,late_cash_240_330,-0.17209668943772988,-1
2025.11.20 21:00:00,2025-11-20T21:00:00Z,oos,2087,0,Tier A,tier_a_primary,Tier_A_full_context,c08_exclude_weak_session_bucket,late_cash_240_330,-0.17209668943772988,0
2025.11.20 21:05:00,2025-11-20T21:05:00Z,oos,2088,0,Tier A,tier_a_primary,Tier_A_full_context,c08_exclude_weak_session_bucket,late_cash_240_330,-0.17209668943772988,0
2025.11.20 21:10:00,2025-11-20T21:10:00Z,oos,2089,0,Tier A,tier_a_primary,Tier_A_full_context,c08_exclude_weak_session_bucket,late_cash_240_330,-0.17209668943772988,0
2025.11.20 21:15:00,2025-11-20T21:15:00Z,oos,2090,0,Tier A,tier_a_primary,Tier_A_full_context,c08_exclude_weak_session_bucket,late_cash_240_330,-0.17209668943772988,0
2025.11.20 21:20:00,2025-11-20T21:20:00Z,oos,2091,0,Tier A,tier_a_primary,Tier_A_full_context,c08_exclude_weak_session_bucket,late_cash_240_330,-0.17209668943772988,0
2025.11.20 21:25:00,2025-11-20T21:25:00Z,oos,2092,0,Tier A,tier_a_primary,Tier_A_full_context,c08_exclude_weak_session_bucket,late_cash_240_330,-0.17209668943772988,0
2025.11.20 21:30:00,2025-11-20T21:30:00Z,oos,2093,1,Tier A,tier_a_primary,Tier_A_full_context,c08_exclude_weak_session_bucket,late_cash_240_330,-0.17209668943772988,1
2025.11.20 21:35:00,2025-11-20T21:35:00Z,oos,2094,-1,Tier A,tier_a_primary,Tier_A_full_context,c08_exclude_weak_session_bucket,late_cash_240_330,-0.17209668943772988,-1
2025.11.20 21:40:00,2025-11-20T21:40:00Z,oos,2095,0,Tier A,tier_a_primary,Tier_A_full_context,c08_exclude_weak_session_bucket,late_cash_240_330,-0.17209668943772988,0
2025.11.20 21:45:00,2025-11-20T21:45:00Z,oos,2096,1,Tier A,tier_a_primary,Tier_A_full_context,c08_exclude_weak_session_bucket,late_cash_240_330,-0.17209668943772988,1
2025.11.20 21:50:00,2025-11-20T21:50:00Z,oos,2097,0,Tier A,tier_a_primary,Tier_A_full_context,c08_exclude_weak_session_bucket,late_cash_240_330,-0.17209668943772988,0
2025.11.20 22:00:00,2025-11-20T22:00:00Z,oos,2098,1,Tier A,tier_a_primary,Tier_A_full_context,c08_exclude_weak_session_bucket,late_cash_240_330,-0.17209668943772988,1
2025.11.21 16:35:00,2025-11-21T16:35:00Z,oos,2099,0,Tier A,tier_a_primary,Tier_A_full_context,c08_exclude_weak_session_bucket,cash_open_0_30,-0.09635811836115327,0
2025.11.21 16:40:00,2025-11-21T16:40:00Z,oos,2100,0,Tier A,tier_a_primary,Tier_A_full_context,c08_exclude_weak_session_bucket,cash_open_0_30,-0.09635811836115327,0
2025.11.21 16:45:00,2025-11-21T16:45:00Z,oos,2101,0,Tier A,tier_a_primary,Tier_A_full_context,c08_exclude_weak_session_bucket,cash_open_0_30,-0.09635811836115327,0
2025.11.21 16:50:00,2025-11-21T16:50:00Z,oos,2102,0,Tier A,tier_a_primary,Tier_A_full_context,c08_exclude_weak_session_bucket,cash_open_0_30,-0.09635811836115327,0
2025.11.21 16:55:00,2025-11-21T16:55:00Z,oos,2103,0,Tier A,tier_a_primary,Tier_A_full_context,c08_exclude_weak_session_bucket,cash_open_0_30,-0.09635811836115327,0
2025.11.21 17:00:00,2025-11-21T17:00:00Z,oos,2104,0,Tier A,tier_a_primary,Tier_A_full_context,c08_exclude_weak_session_bucket,cash_open_0_30,-0.09635811836115327,0
2025.11.21 17:05:00,2025-11-21T17:05:00Z,oos,2105,0,Tier A,tier_a_primary,Tier_A_full_context,c08_exclude_weak_session_bucket,early_cash_30_60,-0.12775735294117646,0
2025.11.21 17:10:00,2025-11-21T17:10:00Z,oos,2106,0,Tier A,tier_a_primary,Tier_A_full_context,c08_exclude_weak_session_bucket,early_cash_30_60,-0.12775735294117646,0
2025.11.21 17:15:00,2025-11-21T17:15:00Z,oos,2107,0,Tier A,tier_a_primary,Tier_A_full_context,c08_exclude_weak_session_bucket,early_cash_30_60,-0.12775735294117646,0
2025.11.21 17:20:00,2025-11-21T17:20:00Z,oos,2108,0,Tier A,tier_a_primary,Tier_A_full_context,c08_exclude_weak_session_bucket,early_cash_30_60,-0.12775735294117646,0
2025.11.21 17:25:00,2025-11-21T17:25:00Z,oos,2109,0,Tier A,tier_a_primary,Tier_A_full_context,c08_exclude_weak_session_bucket,early_cash_30_60,-0.12775735294117646,0
2025.11.21 17:30:00,2025-11-21T17:30:00Z,oos,2110,0,Tier A,tier_a_primary,Tier_A_full_context,c08_exclude_weak_session_bucket,early_cash_30_60,-0.12775735294117646,0
2025.11.21 17:35:00,2025-11-21T17:35:00Z,oos,2111,0,Tier A,tier_a_primary,Tier_A_full_context,c08_exclude_weak_session_bucket,morning_60_120,-0.1698966408268734,0
2025.11.21 17:40:00,2025-11-21T17:40:00Z,oos,2112,0,Tier A,tier_a_primary,Tier_A_full_context,c08_exclude_weak_session_bucket,morning_60_120,-0.1698966408268734,0
2025.11.21 17:45:00,2025-11-21T17:45:00Z,oos,2113,0,Tier A,tier_a_primary,Tier_A_full_context,c08_exclude_weak_session_bucket,morning_60_120,-0.1698966408268734,0
2025.11.21 17:50:00,2025-11-21T17:50:00Z,oos,2114,0,Tier A,tier_a_primary,Tier_A_full_context,c08_exclude_weak_session_bucket,morning_60_120,-0.1698966408268734,0
2025.11.21 17:55:00,2025-11-21T17:55:00Z,oos,2115,0,Tier A,tier_a_primary,Tier_A_full_context,c08_exclude_weak_session_bucket,morning_60_120,-0.1698966408268734,0
2025.11.21 18:00:00,2025-11-21T18:00:00Z,oos,2116,0,Tier A,tier_a_primary,Tier_A_full_context,c08_exclude_weak_session_bucket,morning_60_120,-0.1698966408268734,0
2025.11.21 18:05:00,2025-11-21T18:05:00Z,oos,2117,0,Tier A,tier_a_primary,Tier_A_full_context,c08_exclude_weak_session_bucket,morning_60_120,-0.1698966408268734,0
2025.11.21 18:10:00,2025-11-21T18:10:00Z,oos,2118,0,Tier A,tier_a_primary,Tier_A_full_context,c08_exclude_weak_session_bucket,morning_60_120,-0.1698966408268734,0
2025.11.21 18:15:00,2025-11-21T18:15:00Z,oos,2119,0,Tier A,tier_a_primary,Tier_A_full_context,c08_exclude_weak_session_bucket,morning_60_120,-0.1698966408268734,0
2025.11.21 18:20:00,2025-11-21T18:20:00Z,oos,2120,0,Tier A,tier_a_primary,Tier_A_full_context,c08_exclude_weak_session_bucket,morning_60_120,-0.1698966408268734,0
2025.11.21 18:25:00,2025-11-21T18:25:00Z,oos,2121,0,Tier A,tier_a_primary,Tier_A_full_context,c08_exclude_weak_session_bucket,morning_60_120,-0.1698966408268734,0
2025.11.21 18:30:00,2025-11-21T18:30:00Z,oos,2122,0,Tier A,tier_a_primary,Tier_A_full_context,c08_exclude_weak_session_bucket,morning_60_120,-0.1698966408268734,0
2025.11.21 18:35:00,2025-11-21T18:35:00Z,oos,2123,0,Tier A,tier_a_primary,Tier_A_full_context,c08_exclude_weak_session_bucket,midday_lull_120_240,-0.1762380357885976,0
2025.11.21 18:40:00,2025-11-21T18:40:00Z,oos,2124,0,Tier A,tier_a_primary,Tier_A_full_context,c08_exclude_weak_session_bucket,midday_lull_120_240,-0.1762380357885976,0
2025.11.21 18:45:00,2025-11-21T18:45:00Z,oos,2125,0,Tier A,tier_a_primary,Tier_A_full_context,c08_exclude_weak_session_bucket,midday_lull_120_240,-0.1762380357885976,0
2025.11.21 18:50:00,2025-11-21T18:50:00Z,oos,2126,0,Tier A,tier_a_primary,Tier_A_full_context,c08_exclude_weak_session_bucket,midday_lull_120_240,-0.1762380357885976,0
2025.11.21 18:55:00,2025-11-21T18:55:00Z,oos,2127,0,Tier A,tier_a_primary,Tier_A_full_context,c08_exclude_weak_session_bucket,midday_lull_120_240,-0.1762380357885976,0
2025.11.21 19:00:00,2025-11-21T19:00:00Z,oos,2128,0,Tier A,tier_a_primary,Tier_A_full_context,c08_exclude_weak_session_bucket,midday_lull_120_240,-0.1762380357885976,0
2025.11.21 19:05:00,2025-11-21T19:05:00Z,oos,2129,0,Tier A,tier_a_primary,Tier_A_full_context,c08_exclude_weak_session_bucket,midday_lull_120_240,-0.1762380357885976,0
2025.11.21 19:10:00,2025-11-21T19:10:00Z,oos,2130,0,Tier A,tier_a_primary,Tier_A_full_context,c08_exclude_weak_session_bucket,midday_lull_120_240,-0.1762380357885976,0
2025.11.21 19:15:00,2025-11-21T19:15:00Z,oos,2131,0,Tier A,tier_a_primary,Tier_A_full_context,c08_exclude_weak_session_bucket,midday_lull_120_240,-0.1762380357885976,0
2025.11.21 19:25:00,2025-11-21T19:25:00Z,oos,2132,0,Tier A,tier_a_primary,Tier_A_full_context,c08_exclude_weak_session_bucket,midday_lull_120_240,-0.1762380357885976,0
2025.11.21 19:30:00,2025-11-21T19:30:00Z,oos,2133,0,Tier A,tier_a_primary,Tier_A_full_context,c08_exclude_weak_session_bucket,midday_lull_120_240,-0.1762380357885976,0
2025.11.21 19:35:00,2025-11-21T19:35:00Z,oos,2134,0,Tier A,tier_a_primary,Tier_A_full_context,c08_exclude_weak_session_bucket,midday_lull_120_240,-0.1762380357885976,0
2025.11.21 19:40:00,2025-11-21T19:40:00Z,oos,2135,0,Tier A,tier_a_primary,Tier_A_full_context,c08_exclude_weak_session_bucket,midday_lull_120_240,-0.1762380357885976,0
2025.11.21 19:45:00,2025-11-21T19:45:00Z,oos,2136,0,Tier A,tier_a_primary,Tier_A_full_context,c08_exclude_weak_session_bucket,midday_lull_120_240,-0.1762380357885976,0
2025.11.21 19:50:00,2025-11-21T19:50:00Z,oos,2137,0,Tier A,tier_a_primary,Tier_A_full_context,c08_exclude_weak_session_bucket,midday_lull_120_240,-0.1762380357885976,0
2025.11.21 19:55:00,2025-11-21T19:55:00Z,oos,2138,0,Tier A,tier_a_primary,Tier_A_full_context,c08_exclude_weak_session_bucket,midday_lull_120_240,-0.1762380357885976,0
2025.11.21 20:05:00,2025-11-21T20:05:00Z,oos,2139,0,Tier A,tier_a_primary,Tier_A_full_context,c08_exclude_weak_session_bucket,midday_lull_120_240,-0.1762380357885976,0
2025.11.21 20:10:00,2025-11-21T20:10:00Z,oos,2140,0,Tier A,tier_a_primary,Tier_A_full_context,c08_exclude_weak_session_bucket,midday_lull_120_240,-0.1762380357885976,0
2025.11.21 20:15:00,2025-11-21T20:15:00Z,oos,2141,0,Tier A,tier_a_primary,Tier_A_full_context,c08_exclude_weak_session_bucket,midday_lull_120_240,-0.1762380357885976,0
2025.11.21 20:20:00,2025-11-21T20:20:00Z,oos,2142,0,Tier A,tier_a_primary,Tier_A_full_context,c08_exclude_weak_session_bucket,midday_lull_120_240,-0.1762380357885976,0
2025.11.21 20:25:00,2025-11-21T20:25:00Z,oos,2143,0,Tier A,tier_a_primary,Tier_A_full_context,c08_exclude_weak_session_bucket,midday_lull_120_240,-0.1762380357885976,0
2025.11.21 20:30:00,2025-11-21T20:30:00Z,oos,2144,0,Tier A,tier_a_primary,Tier_A_full_context,c08_exclude_weak_session_bucket,midday_lull_120_240,-0.1762380357885976,0
2025.11.21 20:35:00,2025-11-21T20:35:00Z,oos,2145,0,Tier A,tier_a_primary,Tier_A_full_context,c08_exclude_weak_session_bucket,late_cash_240_330,-0.17209668943772988,0
2025.11.21 20:40:00,2025-11-21T20:40:00Z,oos,2146,0,Tier A,tier_a_primary,Tier_A_full_context,c08_exclude_weak_session_bucket,late_cash_240_330,-0.17209668943772988,0
2025.11.21 20:45:00,2025-11-21T20:45:00Z,oos,2147,0,Tier A,tier_a_primary,Tier_A_full_context,c08_exclude_weak_session_bucket,late_cash_240_330,-0.17209668943772988,0
2025.11.21 20:50:00,2025-11-21T20:50:00Z,oos,2148,0,Tier A,tier_a_primary,Tier_A_full_context,c08_exclude_weak_session_bucket,late_cash_240_330,-0.17209668943772988,0
2025.11.21 20:55:00,2025-11-21T20:55:00Z,oos,2149,-1,Tier A,tier_a_primary,Tier_A_full_context,c08_exclude_weak_session_bucket,late_cash_240_330,-0.17209668943772988,-1
2025.11.21 21:00:00,2025-11-21T21:00:00Z,oos,2150,0,Tier A,tier_a_primary,Tier_A_full_context,c08_exclude_weak_session_bucket,late_cash_240_330,-0.17209668943772988,0
2025.11.21 21:05:00,2025-11-21T21:05:00Z,oos,2151,1,Tier A,tier_a_primary,Tier_A_full_context,c08_exclude_weak_session_bucket,late_cash_240_330,-0.17209668943772988,1
2025.11.21 21:10:00,2025-11-21T21:10:00Z,oos,2152,0,Tier A,tier_a_primary,Tier_A_full_context,c08_exclude_weak_session_bucket,late_cash_240_330,-0.17209668943772988,0
2025.11.21 21:15:00,2025-11-21T21:15:00Z,oos,2153,0,Tier A,tier_a_primary,Tier_A_full_context,c08_exclude_weak_session_bucket,late_cash_240_330,-0.17209668943772988,0
2025.11.21 21:20:00,2025-11-21T21:20:00Z,oos,2154,0,Tier A,tier_a_primary,Tier_A_full_context,c08_exclude_weak_session_bucket,late_cash_240_330,-0.17209668943772988,0
2025.11.21 21:25:00,2025-11-21T21:25:00Z,oos,2155,0,Tier A,tier_a_primary,Tier_A_full_context,c08_exclude_weak_session_bucket,late_cash_240_330,-0.17209668943772988,0
2025.11.21 21:30:00,2025-11-21T21:30:00Z,oos,2156,0,Tier A,tier_a_primary,Tier_A_full_context,c08_exclude_weak_session_bucket,late_cash_240_330,-0.17209668943772988,0
2025.11.21 21:35:00,2025-11-21T21:35:00Z,oos,2157,-1,Tier A,tier_a_primary,Tier_A_full_context,c08_exclude_weak_session_bucket,late_cash_240_330,-0.17209668943772988,-1
2025.11.21 21:40:00,2025-11-21T21:40:00Z,oos,2158,0,Tier A,tier_a_primary,Tier_A_full_context,c08_exclude_weak_session_bucket,late_cash_240_330,-0.17209668943772988,0
2025.11.21 21:45:00,2025-11-21T21:45:00Z,oos,2159,-1,Tier A,tier_a_primary,Tier_A_full_context,c08_exclude_weak_session_bucket,late_cash_240_330,-0.17209668943772988,-1
2025.11.21 21:50:00,2025-11-21T21:50:00Z,oos,2160,0,Tier A,tier_a_primary,Tier_A_full_context,c08_exclude_weak_session_bucket,late_cash_240_330,-0.17209668943772988,0
2025.11.21 21:55:00,2025-11-21T21:55:00Z,oos,2161,-1,Tier A,tier_a_primary,Tier_A_full_context,c08_exclude_weak_session_bucket,late_cash_240_330,-0.17209668943772988,-1
2025.11.21 22:00:00,2025-11-21T22:00:00Z,oos,2162,0,Tier A,tier_a_primary,Tier_A_full_context,c08_exclude_weak_session_bucket,late_cash_240_330,-0.17209668943772988,0
2025.11.24 16:35:00,2025-11-24T16:35:00Z,oos,2163,1,Tier A,tier_a_primary,Tier_A_full_context,c08_exclude_weak_session_bucket,cash_open_0_30,-0.09635811836115327,1
2025.11.24 16:40:00,2025-11-24T16:40:00Z,oos,2164,-1,Tier A,tier_a_primary,Tier_A_full_context,c08_exclude_weak_session_bucket,cash_open_0_30,-0.09635811836115327,-1
2025.11.24 16:45:00,2025-11-24T16:45:00Z,oos,2165,-1,Tier A,tier_a_primary,Tier_A_full_context,c08_exclude_weak_session_bucket,cash_open_0_30,-0.09635811836115327,-1
2025.11.24 16:50:00,2025-11-24T16:50:00Z,oos,2166,0,Tier A,tier_a_primary,Tier_A_full_context,c08_exclude_weak_session_bucket,cash_open_0_30,-0.09635811836115327,0
2025.11.24 16:55:00,2025-11-24T16:55:00Z,oos,2167,0,Tier A,tier_a_primary,Tier_A_full_context,c08_exclude_weak_session_bucket,cash_open_0_30,-0.09635811836115327,0
2025.11.24 17:00:00,2025-11-24T17:00:00Z,oos,2168,1,Tier A,tier_a_primary,Tier_A_full_context,c08_exclude_weak_session_bucket,cash_open_0_30,-0.09635811836115327,1
2025.11.24 17:05:00,2025-11-24T17:05:00Z,oos,2169,1,Tier A,tier_a_primary,Tier_A_full_context,c08_exclude_weak_session_bucket,early_cash_30_60,-0.12775735294117646,1
2025.11.24 17:10:00,2025-11-24T17:10:00Z,oos,2170,0,Tier A,tier_a_primary,Tier_A_full_context,c08_exclude_weak_session_bucket,early_cash_30_60,-0.12775735294117646,0
2025.11.24 17:15:00,2025-11-24T17:15:00Z,oos,2171,0,Tier A,tier_a_primary,Tier_A_full_context,c08_exclude_weak_session_bucket,early_cash_30_60,-0.12775735294117646,0
2025.11.24 17:20:00,2025-11-24T17:20:00Z,oos,2172,-1,Tier A,tier_a_primary,Tier_A_full_context,c08_exclude_weak_session_bucket,early_cash_30_60,-0.12775735294117646,-1
2025.11.24 17:25:00,2025-11-24T17:25:00Z,oos,2173,0,Tier A,tier_a_primary,Tier_A_full_context,c08_exclude_weak_session_bucket,early_cash_30_60,-0.12775735294117646,0
2025.11.24 17:30:00,2025-11-24T17:30:00Z,oos,2174,0,Tier A,tier_a_primary,Tier_A_full_context,c08_exclude_weak_session_bucket,early_cash_30_60,-0.12775735294117646,0
2025.11.24 17:35:00,2025-11-24T17:35:00Z,oos,2175,0,Tier A,tier_a_primary,Tier_A_full_context,c08_exclude_weak_session_bucket,morning_60_120,-0.1698966408268734,0
2025.11.24 17:40:00,2025-11-24T17:40:00Z,oos,2176,0,Tier A,tier_a_primary,Tier_A_full_context,c08_exclude_weak_session_bucket,morning_60_120,-0.1698966408268734,0
2025.11.24 17:45:00,2025-11-24T17:45:00Z,oos,2177,0,Tier A,tier_a_primary,Tier_A_full_context,c08_exclude_weak_session_bucket,morning_60_120,-0.1698966408268734,0
2025.11.24 17:50:00,2025-11-24T17:50:00Z,oos,2178,0,Tier A,tier_a_primary,Tier_A_full_context,c08_exclude_weak_session_bucket,morning_60_120,-0.1698966408268734,0
2025.11.24 17:55:00,2025-11-24T17:55:00Z,oos,2179,0,Tier A,tier_a_primary,Tier_A_full_context,c08_exclude_weak_session_bucket,morning_60_120,-0.1698966408268734,0
2025.11.24 18:00:00,2025-11-24T18:00:00Z,oos,2180,0,Tier A,tier_a_primary,Tier_A_full_context,c08_exclude_weak_session_bucket,morning_60_120,-0.1698966408268734,0
2025.11.24 18:05:00,2025-11-24T18:05:00Z,oos,2181,0,Tier A,tier_a_primary,Tier_A_full_context,c08_exclude_weak_session_bucket,morning_60_120,-0.1698966408268734,0
2025.11.24 18:10:00,2025-11-24T18:10:00Z,oos,2182,0,Tier A,tier_a_primary,Tier_A_full_context,c08_exclude_weak_session_bucket,morning_60_120,-0.1698966408268734,0
2025.11.24 18:15:00,2025-11-24T18:15:00Z,oos,2183,0,Tier A,tier_a_primary,Tier_A_full_context,c08_exclude_weak_session_bucket,morning_60_120,-0.1698966408268734,0
2025.11.24 18:20:00,2025-11-24T18:20:00Z,oos,2184,0,Tier A,tier_a_primary,Tier_A_full_context,c08_exclude_weak_session_bucket,morning_60_120,-0.1698966408268734,0
2025.11.24 18:25:00,2025-11-24T18:25:00Z,oos,2185,0,Tier A,tier_a_primary,Tier_A_full_context,c08_exclude_weak_session_bucket,morning_60_120,-0.1698966408268734,0
2025.11.24 18:30:00,2025-11-24T18:30:00Z,oos,2186,-1,Tier A,tier_a_primary,Tier_A_full_context,c08_exclude_weak_session_bucket,morning_60_120,-0.1698966408268734,-1
2025.11.24 18:35:00,2025-11-24T18:35:00Z,oos,2187,0,Tier A,tier_a_primary,Tier_A_full_context,c08_exclude_weak_session_bucket,midday_lull_120_240,-0.1762380357885976,0
2025.11.24 18:40:00,2025-11-24T18:40:00Z,oos,2188,0,Tier A,tier_a_primary,Tier_A_full_context,c08_exclude_weak_session_bucket,midday_lull_120_240,-0.1762380357885976,0
2025.11.24 18:55:00,2025-11-24T18:55:00Z,oos,2189,0,Tier A,tier_a_primary,Tier_A_full_context,c08_exclude_weak_session_bucket,midday_lull_120_240,-0.1762380357885976,0
2025.11.24 19:00:00,2025-11-24T19:00:00Z,oos,2190,0,Tier A,tier_a_primary,Tier_A_full_context,c08_exclude_weak_session_bucket,midday_lull_120_240,-0.1762380357885976,0
2025.11.24 19:05:00,2025-11-24T19:05:00Z,oos,2191,0,Tier A,tier_a_primary,Tier_A_full_context,c08_exclude_weak_session_bucket,midday_lull_120_240,-0.1762380357885976,0
2025.11.24 19:10:00,2025-11-24T19:10:00Z,oos,2192,0,Tier A,tier_a_primary,Tier_A_full_context,c08_exclude_weak_session_bucket,midday_lull_120_240,-0.1762380357885976,0
2025.11.24 19:15:00,2025-11-24T19:15:00Z,oos,2193,0,Tier A,tier_a_primary,Tier_A_full_context,c08_exclude_weak_session_bucket,midday_lull_120_240,-0.1762380357885976,0
2025.11.24 19:20:00,2025-11-24T19:20:00Z,oos,2194,0,Tier A,tier_a_primary,Tier_A_full_context,c08_exclude_weak_session_bucket,midday_lull_120_240,-0.1762380357885976,0
2025.11.24 19:30:00,2025-11-24T19:30:00Z,oos,2195,0,Tier A,tier_a_primary,Tier_A_full_context,c08_exclude_weak_session_bucket,midday_lull_120_240,-0.1762380357885976,0
2025.11.24 19:40:00,2025-11-24T19:40:00Z,oos,2196,0,Tier A,tier_a_primary,Tier_A_full_context,c08_exclude_weak_session_bucket,midday_lull_120_240,-0.1762380357885976,0
2025.11.24 19:45:00,2025-11-24T19:45:00Z,oos,2197,0,Tier A,tier_a_primary,Tier_A_full_context,c08_exclude_weak_session_bucket,midday_lull_120_240,-0.1762380357885976,0
2025.11.24 19:50:00,2025-11-24T19:50:00Z,oos,2198,0,Tier A,tier_a_primary,Tier_A_full_context,c08_exclude_weak_session_bucket,midday_lull_120_240,-0.1762380357885976,0
2025.11.24 19:55:00,2025-11-24T19:55:00Z,oos,2199,0,Tier A,tier_a_primary,Tier_A_full_context,c08_exclude_weak_session_bucket,midday_lull_120_240,-0.1762380357885976,0
2025.11.24 20:00:00,2025-11-24T20:00:00Z,oos,2200,0,Tier A,tier_a_primary,Tier_A_full_context,c08_exclude_weak_session_bucket,midday_lull_120_240,-0.1762380357885976,0
2025.11.24 20:05:00,2025-11-24T20:05:00Z,oos,2201,0,Tier A,tier_a_primary,Tier_A_full_context,c08_exclude_weak_session_bucket,midday_lull_120_240,-0.1762380357885976,0
2025.11.24 20:10:00,2025-11-24T20:10:00Z,oos,2202,0,Tier A,tier_a_primary,Tier_A_full_context,c08_exclude_weak_session_bucket,midday_lull_120_240,-0.1762380357885976,0
2025.11.24 20:15:00,2025-11-24T20:15:00Z,oos,2203,0,Tier A,tier_a_primary,Tier_A_full_context,c08_exclude_weak_session_bucket,midday_lull_120_240,-0.1762380357885976,0
2025.11.24 20:20:00,2025-11-24T20:20:00Z,oos,2204,0,Tier A,tier_a_primary,Tier_A_full_context,c08_exclude_weak_session_bucket,midday_lull_120_240,-0.1762380357885976,0
2025.11.24 20:25:00,2025-11-24T20:25:00Z,oos,2205,0,Tier A,tier_a_primary,Tier_A_full_context,c08_exclude_weak_session_bucket,midday_lull_120_240,-0.1762380357885976,0
2025.11.24 20:30:00,2025-11-24T20:30:00Z,oos,2206,0,Tier A,tier_a_primary,Tier_A_full_context,c08_exclude_weak_session_bucket,midday_lull_120_240,-0.1762380357885976,0
2025.11.24 20:35:00,2025-11-24T20:35:00Z,oos,2207,0,Tier A,tier_a_primary,Tier_A_full_context,c08_exclude_weak_session_bucket,late_cash_240_330,-0.17209668943772988,0
2025.11.24 20:40:00,2025-11-24T20:40:00Z,oos,2208,0,Tier A,tier_a_primary,Tier_A_full_context,c08_exclude_weak_session_bucket,late_cash_240_330,-0.17209668943772988,0
2025.11.24 20:45:00,2025-11-24T20:45:00Z,oos,2209,0,Tier A,tier_a_primary,Tier_A_full_context,c08_exclude_weak_session_bucket,late_cash_240_330,-0.17209668943772988,0
2025.11.24 20:50:00,2025-11-24T20:50:00Z,oos,2210,0,Tier A,tier_a_primary,Tier_A_full_context,c08_exclude_weak_session_bucket,late_cash_240_330,-0.17209668943772988,0
2025.11.24 21:00:00,2025-11-24T21:00:00Z,oos,2211,-1,Tier A,tier_a_primary,Tier_A_full_context,c08_exclude_weak_session_bucket,late_cash_240_330,-0.17209668943772988,-1
2025.11.24 21:05:00,2025-11-24T21:05:00Z,oos,2212,1,Tier A,tier_a_primary,Tier_A_full_context,c08_exclude_weak_session_bucket,late_cash_240_330,-0.17209668943772988,1
2025.11.24 21:10:00,2025-11-24T21:10:00Z,oos,2213,1,Tier A,tier_a_primary,Tier_A_full_context,c08_exclude_weak_session_bucket,late_cash_240_330,-0.17209668943772988,1
2025.11.24 21:15:00,2025-11-24T21:15:00Z,oos,2214,0,Tier A,tier_a_primary,Tier_A_full_context,c08_exclude_weak_session_bucket,late_cash_240_330,-0.17209668943772988,0
2025.11.24 21:20:00,2025-11-24T21:20:00Z,oos,2215,0,Tier A,tier_a_primary,Tier_A_full_context,c08_exclude_weak_session_bucket,late_cash_240_330,-0.17209668943772988,0
2025.11.24 21:25:00,2025-11-24T21:25:00Z,oos,2216,-1,Tier A,tier_a_primary,Tier_A_full_context,c08_exclude_weak_session_bucket,late_cash_240_330,-0.17209668943772988,-1
2025.11.24 21:30:00,2025-11-24T21:30:00Z,oos,2217,-1,Tier A,tier_a_primary,Tier_A_full_context,c08_exclude_weak_session_bucket,late_cash_240_330,-0.17209668943772988,-1
2025.11.24 21:35:00,2025-11-24T21:35:00Z,oos,2218,-1,Tier A,tier_a_primary,Tier_A_full_context,c08_exclude_weak_session_bucket,late_cash_240_330,-0.17209668943772988,-1
2025.11.24 21:40:00,2025-11-24T21:40:00Z,oos,2219,1,Tier A,tier_a_primary,Tier_A_full_context,c08_exclude_weak_session_bucket,late_cash_240_330,-0.17209668943772988,1
2025.11.24 21:45:00,2025-11-24T21:45:00Z,oos,2220,-1,Tier A,tier_a_primary,Tier_A_full_context,c08_exclude_weak_session_bucket,late_cash_240_330,-0.17209668943772988,-1
2025.11.24 21:50:00,2025-11-24T21:50:00Z,oos,2221,0,Tier A,tier_a_primary,Tier_A_full_context,c08_exclude_weak_session_bucket,late_cash_240_330,-0.17209668943772988,0
2025.11.24 21:55:00,2025-11-24T21:55:00Z,oos,2222,0,Tier A,tier_a_primary,Tier_A_full_context,c08_exclude_weak_session_bucket,late_cash_240_330,-0.17209668943772988,0
2025.11.24 22:00:00,2025-11-24T22:00:00Z,oos,2223,0,Tier A,tier_a_primary,Tier_A_full_context,c08_exclude_weak_session_bucket,late_cash_240_330,-0.17209668943772988,0
2025.11.25 16:35:00,2025-11-25T16:35:00Z,oos,2224,0,Tier A,tier_a_primary,Tier_A_full_context,c08_exclude_weak_session_bucket,cash_open_0_30,-0.09635811836115327,0
2025.11.25 16:40:00,2025-11-25T16:40:00Z,oos,2225,0,Tier A,tier_a_primary,Tier_A_full_context,c08_exclude_weak_session_bucket,cash_open_0_30,-0.09635811836115327,0
2025.11.25 16:45:00,2025-11-25T16:45:00Z,oos,2226,0,Tier A,tier_a_primary,Tier_A_full_context,c08_exclude_weak_session_bucket,cash_open_0_30,-0.09635811836115327,0
2025.11.25 16:50:00,2025-11-25T16:50:00Z,oos,2227,-1,Tier A,tier_a_primary,Tier_A_full_context,c08_exclude_weak_session_bucket,cash_open_0_30,-0.09635811836115327,-1
2025.11.25 16:55:00,2025-11-25T16:55:00Z,oos,2228,1,Tier A,tier_a_primary,Tier_A_full_context,c08_exclude_weak_session_bucket,cash_open_0_30,-0.09635811836115327,1
2025.11.25 17:00:00,2025-11-25T17:00:00Z,oos,2229,1,Tier A,tier_a_primary,Tier_A_full_context,c08_exclude_weak_session_bucket,cash_open_0_30,-0.09635811836115327,1
2025.11.25 17:05:00,2025-11-25T17:05:00Z,oos,2230,-1,Tier A,tier_a_primary,Tier_A_full_context,c08_exclude_weak_session_bucket,early_cash_30_60,-0.12775735294117646,-1
2025.11.25 17:10:00,2025-11-25T17:10:00Z,oos,2231,1,Tier A,tier_a_primary,Tier_A_full_context,c08_exclude_weak_session_bucket,early_cash_30_60,-0.12775735294117646,1
2025.11.25 17:15:00,2025-11-25T17:15:00Z,oos,2232,0,Tier A,tier_a_primary,Tier_A_full_context,c08_exclude_weak_session_bucket,early_cash_30_60,-0.12775735294117646,0
2025.11.25 17:20:00,2025-11-25T17:20:00Z,oos,2233,0,Tier A,tier_a_primary,Tier_A_full_context,c08_exclude_weak_session_bucket,early_cash_30_60,-0.12775735294117646,0
2025.11.25 17:25:00,2025-11-25T17:25:00Z,oos,2234,0,Tier A,tier_a_primary,Tier_A_full_context,c08_exclude_weak_session_bucket,early_cash_30_60,-0.12775735294117646,0
2025.11.25 17:30:00,2025-11-25T17:30:00Z,oos,2235,1,Tier A,tier_a_primary,Tier_A_full_context,c08_exclude_weak_session_bucket,early_cash_30_60,-0.12775735294117646,1
2025.11.25 17:35:00,2025-11-25T17:35:00Z,oos,2236,0,Tier A,tier_a_primary,Tier_A_full_context,c08_exclude_weak_session_bucket,morning_60_120,-0.1698966408268734,0
2025.11.25 17:40:00,2025-11-25T17:40:00Z,oos,2237,0,Tier A,tier_a_primary,Tier_A_full_context,c08_exclude_weak_session_bucket,morning_60_120,-0.1698966408268734,0
2025.11.25 17:45:00,2025-11-25T17:45:00Z,oos,2238,0,Tier A,tier_a_primary,Tier_A_full_context,c08_exclude_weak_session_bucket,morning_60_120,-0.1698966408268734,0
2025.11.25 17:50:00,2025-11-25T17:50:00Z,oos,2239,0,Tier A,tier_a_primary,Tier_A_full_context,c08_exclude_weak_session_bucket,morning_60_120,-0.1698966408268734,0
2025.11.25 17:55:00,2025-11-25T17:55:00Z,oos,2240,0,Tier A,tier_a_primary,Tier_A_full_context,c08_exclude_weak_session_bucket,morning_60_120,-0.1698966408268734,0
2025.11.25 18:00:00,2025-11-25T18:00:00Z,oos,2241,0,Tier A,tier_a_primary,Tier_A_full_context,c08_exclude_weak_session_bucket,morning_60_120,-0.1698966408268734,0
2025.11.25 18:05:00,2025-11-25T18:05:00Z,oos,2242,0,Tier A,tier_a_primary,Tier_A_full_context,c08_exclude_weak_session_bucket,morning_60_120,-0.1698966408268734,0
2025.11.25 18:10:00,2025-11-25T18:10:00Z,oos,2243,0,Tier A,tier_a_primary,Tier_A_full_context,c08_exclude_weak_session_bucket,morning_60_120,-0.1698966408268734,0
2025.11.25 18:15:00,2025-11-25T18:15:00Z,oos,2244,0,Tier A,tier_a_primary,Tier_A_full_context,c08_exclude_weak_session_bucket,morning_60_120,-0.1698966408268734,0
2025.11.25 18:20:00,2025-11-25T18:20:00Z,oos,2245,0,Tier A,tier_a_primary,Tier_A_full_context,c08_exclude_weak_session_bucket,morning_60_120,-0.1698966408268734,0
2025.11.25 18:25:00,2025-11-25T18:25:00Z,oos,2246,0,Tier A,tier_a_primary,Tier_A_full_context,c08_exclude_weak_session_bucket,morning_60_120,-0.1698966408268734,0
2025.11.25 18:30:00,2025-11-25T18:30:00Z,oos,2247,0,Tier A,tier_a_primary,Tier_A_full_context,c08_exclude_weak_session_bucket,morning_60_120,-0.1698966408268734,0
2025.11.25 18:35:00,2025-11-25T18:35:00Z,oos,2248,0,Tier A,tier_a_primary,Tier_A_full_context,c08_exclude_weak_session_bucket,midday_lull_120_240,-0.1762380357885976,0
2025.11.25 18:40:00,2025-11-25T18:40:00Z,oos,2249,0,Tier A,tier_a_primary,Tier_A_full_context,c08_exclude_weak_session_bucket,midday_lull_120_240,-0.1762380357885976,0
2025.11.25 18:45:00,2025-11-25T18:45:00Z,oos,2250,0,Tier A,tier_a_primary,Tier_A_full_context,c08_exclude_weak_session_bucket,midday_lull_120_240,-0.1762380357885976,0
2025.11.25 18:50:00,2025-11-25T18:50:00Z,oos,2251,0,Tier A,tier_a_primary,Tier_A_full_context,c08_exclude_weak_session_bucket,midday_lull_120_240,-0.1762380357885976,0
2025.11.25 18:55:00,2025-11-25T18:55:00Z,oos,2252,0,Tier A,tier_a_primary,Tier_A_full_context,c08_exclude_weak_session_bucket,midday_lull_120_240,-0.1762380357885976,0
2025.11.25 19:05:00,2025-11-25T19:05:00Z,oos,2253,0,Tier A,tier_a_primary,Tier_A_full_context,c08_exclude_weak_session_bucket,midday_lull_120_240,-0.1762380357885976,0
2025.11.25 19:10:00,2025-11-25T19:10:00Z,oos,2254,0,Tier A,tier_a_primary,Tier_A_full_context,c08_exclude_weak_session_bucket,midday_lull_120_240,-0.1762380357885976,0
2025.11.25 19:15:00,2025-11-25T19:15:00Z,oos,2255,0,Tier A,tier_a_primary,Tier_A_full_context,c08_exclude_weak_session_bucket,midday_lull_120_240,-0.1762380357885976,0
2025.11.25 19:20:00,2025-11-25T19:20:00Z,oos,2256,0,Tier A,tier_a_primary,Tier_A_full_context,c08_exclude_weak_session_bucket,midday_lull_120_240,-0.1762380357885976,0
2025.11.25 19:25:00,2025-11-25T19:25:00Z,oos,2257,0,Tier A,tier_a_primary,Tier_A_full_context,c08_exclude_weak_session_bucket,midday_lull_120_240,-0.1762380357885976,0
2025.11.25 19:30:00,2025-11-25T19:30:00Z,oos,2258,0,Tier A,tier_a_primary,Tier_A_full_context,c08_exclude_weak_session_bucket,midday_lull_120_240,-0.1762380357885976,0
2025.11.25 19:35:00,2025-11-25T19:35:00Z,oos,2259,0,Tier A,tier_a_primary,Tier_A_full_context,c08_exclude_weak_session_bucket,midday_lull_120_240,-0.1762380357885976,0
2025.11.25 19:40:00,2025-11-25T19:40:00Z,oos,2260,0,Tier A,tier_a_primary,Tier_A_full_context,c08_exclude_weak_session_bucket,midday_lull_120_240,-0.1762380357885976,0
2025.11.25 19:45:00,2025-11-25T19:45:00Z,oos,2261,0,Tier A,tier_a_primary,Tier_A_full_context,c08_exclude_weak_session_bucket,midday_lull_120_240,-0.1762380357885976,0
2025.11.25 19:50:00,2025-11-25T19:50:00Z,oos,2262,0,Tier A,tier_a_primary,Tier_A_full_context,c08_exclude_weak_session_bucket,midday_lull_120_240,-0.1762380357885976,0
2025.11.25 19:55:00,2025-11-25T19:55:00Z,oos,2263,0,Tier A,tier_a_primary,Tier_A_full_context,c08_exclude_weak_session_bucket,midday_lull_120_240,-0.1762380357885976,0
2025.11.25 20:00:00,2025-11-25T20:00:00Z,oos,2264,0,Tier A,tier_a_primary,Tier_A_full_context,c08_exclude_weak_session_bucket,midday_lull_120_240,-0.1762380357885976,0
2025.11.25 20:05:00,2025-11-25T20:05:00Z,oos,2265,0,Tier A,tier_a_primary,Tier_A_full_context,c08_exclude_weak_session_bucket,midday_lull_120_240,-0.1762380357885976,0
2025.11.25 20:10:00,2025-11-25T20:10:00Z,oos,2266,0,Tier A,tier_a_primary,Tier_A_full_context,c08_exclude_weak_session_bucket,midday_lull_120_240,-0.1762380357885976,0
2025.11.25 20:15:00,2025-11-25T20:15:00Z,oos,2267,0,Tier A,tier_a_primary,Tier_A_full_context,c08_exclude_weak_session_bucket,midday_lull_120_240,-0.1762380357885976,0
2025.11.25 20:20:00,2025-11-25T20:20:00Z,oos,2268,0,Tier A,tier_a_primary,Tier_A_full_context,c08_exclude_weak_session_bucket,midday_lull_120_240,-0.1762380357885976,0
2025.11.25 20:25:00,2025-11-25T20:25:00Z,oos,2269,0,Tier A,tier_a_primary,Tier_A_full_context,c08_exclude_weak_session_bucket,midday_lull_120_240,-0.1762380357885976,0
2025.11.25 20:30:00,2025-11-25T20:30:00Z,oos,2270,0,Tier A,tier_a_primary,Tier_A_full_context,c08_exclude_weak_session_bucket,midday_lull_120_240,-0.1762380357885976,0
2025.11.25 20:35:00,2025-11-25T20:35:00Z,oos,2271,0,Tier A,tier_a_primary,Tier_A_full_context,c08_exclude_weak_session_bucket,late_cash_240_330,-0.17209668943772988,0
2025.11.25 20:40:00,2025-11-25T20:40:00Z,oos,2272,-1,Tier A,tier_a_primary,Tier_A_full_context,c08_exclude_weak_session_bucket,late_cash_240_330,-0.17209668943772988,-1
2025.11.25 20:45:00,2025-11-25T20:45:00Z,oos,2273,0,Tier A,tier_a_primary,Tier_A_full_context,c08_exclude_weak_session_bucket,late_cash_240_330,-0.17209668943772988,0
2025.11.25 20:55:00,2025-11-25T20:55:00Z,oos,2274,0,Tier A,tier_a_primary,Tier_A_full_context,c08_exclude_weak_session_bucket,late_cash_240_330,-0.17209668943772988,0
2025.11.25 21:00:00,2025-11-25T21:00:00Z,oos,2275,-1,Tier A,tier_a_primary,Tier_A_full_context,c08_exclude_weak_session_bucket,late_cash_240_330,-0.17209668943772988,-1
2025.11.25 21:05:00,2025-11-25T21:05:00Z,oos,2276,0,Tier A,tier_a_primary,Tier_A_full_context,c08_exclude_weak_session_bucket,late_cash_240_330,-0.17209668943772988,0
2025.11.25 21:10:00,2025-11-25T21:10:00Z,oos,2277,0,Tier A,tier_a_primary,Tier_A_full_context,c08_exclude_weak_session_bucket,late_cash_240_330,-0.17209668943772988,0
2025.11.25 21:20:00,2025-11-25T21:20:00Z,oos,2278,-1,Tier A,tier_a_primary,Tier_A_full_context,c08_exclude_weak_session_bucket,late_cash_240_330,-0.17209668943772988,-1
2025.11.25 21:25:00,2025-11-25T21:25:00Z,oos,2279,0,Tier A,tier_a_primary,Tier_A_full_context,c08_exclude_weak_session_bucket,late_cash_240_330,-0.17209668943772988,0
2025.11.25 21:40:00,2025-11-25T21:40:00Z,oos,2280,0,Tier A,tier_a_primary,Tier_A_full_context,c08_exclude_weak_session_bucket,late_cash_240_330,-0.17209668943772988,0
2025.11.25 21:45:00,2025-11-25T21:45:00Z,oos,2281,0,Tier A,tier_a_primary,Tier_A_full_context,c08_exclude_weak_session_bucket,late_cash_240_330,-0.17209668943772988,0
2025.11.25 21:50:00,2025-11-25T21:50:00Z,oos,2282,0,Tier A,tier_a_primary,Tier_A_full_context,c08_exclude_weak_session_bucket,late_cash_240_330,-0.17209668943772988,0
2025.11.25 21:55:00,2025-11-25T21:55:00Z,oos,2283,0,Tier A,tier_a_primary,Tier_A_full_context,c08_exclude_weak_session_bucket,late_cash_240_330,-0.17209668943772988,0
2025.11.25 22:00:00,2025-11-25T22:00:00Z,oos,2284,0,Tier A,tier_a_primary,Tier_A_full_context,c08_exclude_weak_session_bucket,late_cash_240_330,-0.17209668943772988,0
2025.11.26 16:35:00,2025-11-26T16:35:00Z,oos,2285,0,Tier A,tier_a_primary,Tier_A_full_context,c08_exclude_weak_session_bucket,cash_open_0_30,-0.09635811836115327,0
2025.11.26 16:40:00,2025-11-26T16:40:00Z,oos,2286,0,Tier A,tier_a_primary,Tier_A_full_context,c08_exclude_weak_session_bucket,cash_open_0_30,-0.09635811836115327,0
2025.11.26 16:45:00,2025-11-26T16:45:00Z,oos,2287,0,Tier A,tier_a_primary,Tier_A_full_context,c08_exclude_weak_session_bucket,cash_open_0_30,-0.09635811836115327,0
2025.11.26 16:50:00,2025-11-26T16:50:00Z,oos,2288,0,Tier A,tier_a_primary,Tier_A_full_context,c08_exclude_weak_session_bucket,cash_open_0_30,-0.09635811836115327,0
2025.11.26 16:55:00,2025-11-26T16:55:00Z,oos,2289,0,Tier A,tier_a_primary,Tier_A_full_context,c08_exclude_weak_session_bucket,cash_open_0_30,-0.09635811836115327,0
2025.11.26 17:00:00,2025-11-26T17:00:00Z,oos,2290,0,Tier A,tier_a_primary,Tier_A_full_context,c08_exclude_weak_session_bucket,cash_open_0_30,-0.09635811836115327,0
2025.11.26 17:05:00,2025-11-26T17:05:00Z,oos,2291,0,Tier A,tier_a_primary,Tier_A_full_context,c08_exclude_weak_session_bucket,early_cash_30_60,-0.12775735294117646,0
2025.11.26 17:10:00,2025-11-26T17:10:00Z,oos,2292,0,Tier A,tier_a_primary,Tier_A_full_context,c08_exclude_weak_session_bucket,early_cash_30_60,-0.12775735294117646,0
2025.11.26 17:15:00,2025-11-26T17:15:00Z,oos,2293,0,Tier A,tier_a_primary,Tier_A_full_context,c08_exclude_weak_session_bucket,early_cash_30_60,-0.12775735294117646,0
2025.11.26 17:20:00,2025-11-26T17:20:00Z,oos,2294,0,Tier A,tier_a_primary,Tier_A_full_context,c08_exclude_weak_session_bucket,early_cash_30_60,-0.12775735294117646,0
2025.11.26 17:25:00,2025-11-26T17:25:00Z,oos,2295,0,Tier A,tier_a_primary,Tier_A_full_context,c08_exclude_weak_session_bucket,early_cash_30_60,-0.12775735294117646,0
2025.11.26 17:30:00,2025-11-26T17:30:00Z,oos,2296,0,Tier A,tier_a_primary,Tier_A_full_context,c08_exclude_weak_session_bucket,early_cash_30_60,-0.12775735294117646,0
2025.11.26 17:35:00,2025-11-26T17:35:00Z,oos,2297,0,Tier A,tier_a_primary,Tier_A_full_context,c08_exclude_weak_session_bucket,morning_60_120,-0.1698966408268734,0
2025.11.26 17:40:00,2025-11-26T17:40:00Z,oos,2298,0,Tier A,tier_a_primary,Tier_A_full_context,c08_exclude_weak_session_bucket,morning_60_120,-0.1698966408268734,0
2025.11.26 17:45:00,2025-11-26T17:45:00Z,oos,2299,0,Tier A,tier_a_primary,Tier_A_full_context,c08_exclude_weak_session_bucket,morning_60_120,-0.1698966408268734,0
2025.11.26 17:50:00,2025-11-26T17:50:00Z,oos,2300,0,Tier A,tier_a_primary,Tier_A_full_context,c08_exclude_weak_session_bucket,morning_60_120,-0.1698966408268734,0
2025.11.26 17:55:00,2025-11-26T17:55:00Z,oos,2301,0,Tier A,tier_a_primary,Tier_A_full_context,c08_exclude_weak_session_bucket,morning_60_120,-0.1698966408268734,0
2025.11.26 18:00:00,2025-11-26T18:00:00Z,oos,2302,0,Tier A,tier_a_primary,Tier_A_full_context,c08_exclude_weak_session_bucket,morning_60_120,-0.1698966408268734,0
2025.11.26 18:05:00,2025-11-26T18:05:00Z,oos,2303,0,Tier A,tier_a_primary,Tier_A_full_context,c08_exclude_weak_session_bucket,morning_60_120,-0.1698966408268734,0
2025.11.26 18:10:00,2025-11-26T18:10:00Z,oos,2304,0,Tier A,tier_a_primary,Tier_A_full_context,c08_exclude_weak_session_bucket,morning_60_120,-0.1698966408268734,0
2025.11.26 18:15:00,2025-11-26T18:15:00Z,oos,2305,0,Tier A,tier_a_primary,Tier_A_full_context,c08_exclude_weak_session_bucket,morning_60_120,-0.1698966408268734,0
2025.11.26 18:20:00,2025-11-26T18:20:00Z,oos,2306,0,Tier A,tier_a_primary,Tier_A_full_context,c08_exclude_weak_session_bucket,morning_60_120,-0.1698966408268734,0
2025.11.26 18:25:00,2025-11-26T18:25:00Z,oos,2307,0,Tier A,tier_a_primary,Tier_A_full_context,c08_exclude_weak_session_bucket,morning_60_120,-0.1698966408268734,0
2025.11.26 18:30:00,2025-11-26T18:30:00Z,oos,2308,0,Tier A,tier_a_primary,Tier_A_full_context,c08_exclude_weak_session_bucket,morning_60_120,-0.1698966408268734,0
2025.11.26 18:35:00,2025-11-26T18:35:00Z,oos,2309,0,Tier A,tier_a_primary,Tier_A_full_context,c08_exclude_weak_session_bucket,midday_lull_120_240,-0.1762380357885976,0
2025.11.26 18:40:00,2025-11-26T18:40:00Z,oos,2310,0,Tier A,tier_a_primary,Tier_A_full_context,c08_exclude_weak_session_bucket,midday_lull_120_240,-0.1762380357885976,0
2025.11.26 18:45:00,2025-11-26T18:45:00Z,oos,2311,0,Tier A,tier_a_primary,Tier_A_full_context,c08_exclude_weak_session_bucket,midday_lull_120_240,-0.1762380357885976,0
2025.11.26 18:50:00,2025-11-26T18:50:00Z,oos,2312,0,Tier A,tier_a_primary,Tier_A_full_context,c08_exclude_weak_session_bucket,midday_lull_120_240,-0.1762380357885976,0
2025.11.26 18:55:00,2025-11-26T18:55:00Z,oos,2313,0,Tier A,tier_a_primary,Tier_A_full_context,c08_exclude_weak_session_bucket,midday_lull_120_240,-0.1762380357885976,0
2025.11.26 19:00:00,2025-11-26T19:00:00Z,oos,2314,0,Tier A,tier_a_primary,Tier_A_full_context,c08_exclude_weak_session_bucket,midday_lull_120_240,-0.1762380357885976,0
2025.11.26 19:05:00,2025-11-26T19:05:00Z,oos,2315,0,Tier A,tier_a_primary,Tier_A_full_context,c08_exclude_weak_session_bucket,midday_lull_120_240,-0.1762380357885976,0
2025.11.26 19:10:00,2025-11-26T19:10:00Z,oos,2316,0,Tier A,tier_a_primary,Tier_A_full_context,c08_exclude_weak_session_bucket,midday_lull_120_240,-0.1762380357885976,0
2025.11.26 19:15:00,2025-11-26T19:15:00Z,oos,2317,0,Tier A,tier_a_primary,Tier_A_full_context,c08_exclude_weak_session_bucket,midday_lull_120_240,-0.1762380357885976,0
2025.11.26 19:20:00,2025-11-26T19:20:00Z,oos,2318,0,Tier A,tier_a_primary,Tier_A_full_context,c08_exclude_weak_session_bucket,midday_lull_120_240,-0.1762380357885976,0
2025.11.26 19:25:00,2025-11-26T19:25:00Z,oos,2319,0,Tier A,tier_a_primary,Tier_A_full_context,c08_exclude_weak_session_bucket,midday_lull_120_240,-0.1762380357885976,0
2025.11.26 19:35:00,2025-11-26T19:35:00Z,oos,2320,0,Tier A,tier_a_primary,Tier_A_full_context,c08_exclude_weak_session_bucket,midday_lull_120_240,-0.1762380357885976,0
2025.11.26 19:40:00,2025-11-26T19:40:00Z,oos,2321,0,Tier A,tier_a_primary,Tier_A_full_context,c08_exclude_weak_session_bucket,midday_lull_120_240,-0.1762380357885976,0
2025.11.26 19:45:00,2025-11-26T19:45:00Z,oos,2322,0,Tier A,tier_a_primary,Tier_A_full_context,c08_exclude_weak_session_bucket,midday_lull_120_240,-0.1762380357885976,0
2025.11.26 19:50:00,2025-11-26T19:50:00Z,oos,2323,0,Tier A,tier_a_primary,Tier_A_full_context,c08_exclude_weak_session_bucket,midday_lull_120_240,-0.1762380357885976,0
2025.11.26 20:00:00,2025-11-26T20:00:00Z,oos,2324,0,Tier A,tier_a_primary,Tier_A_full_context,c08_exclude_weak_session_bucket,midday_lull_120_240,-0.1762380357885976,0
2025.11.26 20:05:00,2025-11-26T20:05:00Z,oos,2325,0,Tier A,tier_a_primary,Tier_A_full_context,c08_exclude_weak_session_bucket,midday_lull_120_240,-0.1762380357885976,0
2025.11.26 20:10:00,2025-11-26T20:10:00Z,oos,2326,0,Tier A,tier_a_primary,Tier_A_full_context,c08_exclude_weak_session_bucket,midday_lull_120_240,-0.1762380357885976,0
2025.11.26 20:15:00,2025-11-26T20:15:00Z,oos,2327,0,Tier A,tier_a_primary,Tier_A_full_context,c08_exclude_weak_session_bucket,midday_lull_120_240,-0.1762380357885976,0
2025.11.26 20:25:00,2025-11-26T20:25:00Z,oos,2328,0,Tier A,tier_a_primary,Tier_A_full_context,c08_exclude_weak_session_bucket,midday_lull_120_240,-0.1762380357885976,0
2025.11.26 20:30:00,2025-11-26T20:30:00Z,oos,2329,0,Tier A,tier_a_primary,Tier_A_full_context,c08_exclude_weak_session_bucket,midday_lull_120_240,-0.1762380357885976,0
2025.11.26 20:45:00,2025-11-26T20:45:00Z,oos,2330,0,Tier A,tier_a_primary,Tier_A_full_context,c08_exclude_weak_session_bucket,late_cash_240_330,-0.17209668943772988,0
2025.11.26 20:50:00,2025-11-26T20:50:00Z,oos,2331,0,Tier A,tier_a_primary,Tier_A_full_context,c08_exclude_weak_session_bucket,late_cash_240_330,-0.17209668943772988,0
2025.11.26 20:55:00,2025-11-26T20:55:00Z,oos,2332,0,Tier A,tier_a_primary,Tier_A_full_context,c08_exclude_weak_session_bucket,late_cash_240_330,-0.17209668943772988,0
2025.11.26 21:00:00,2025-11-26T21:00:00Z,oos,2333,0,Tier A,tier_a_primary,Tier_A_full_context,c08_exclude_weak_session_bucket,late_cash_240_330,-0.17209668943772988,0
2025.11.26 21:05:00,2025-11-26T21:05:00Z,oos,2334,0,Tier A,tier_a_primary,Tier_A_full_context,c08_exclude_weak_session_bucket,late_cash_240_330,-0.17209668943772988,0
2025.11.26 21:10:00,2025-11-26T21:10:00Z,oos,2335,0,Tier A,tier_a_primary,Tier_A_full_context,c08_exclude_weak_session_bucket,late_cash_240_330,-0.17209668943772988,0
2025.11.26 21:15:00,2025-11-26T21:15:00Z,oos,2336,0,Tier A,tier_a_primary,Tier_A_full_context,c08_exclude_weak_session_bucket,late_cash_240_330,-0.17209668943772988,0
2025.11.26 21:20:00,2025-11-26T21:20:00Z,oos,2337,0,Tier A,tier_a_primary,Tier_A_full_context,c08_exclude_weak_session_bucket,late_cash_240_330,-0.17209668943772988,0
2025.11.26 21:30:00,2025-11-26T21:30:00Z,oos,2338,0,Tier A,tier_a_primary,Tier_A_full_context,c08_exclude_weak_session_bucket,late_cash_240_330,-0.17209668943772988,0
2025.11.26 21:35:00,2025-11-26T21:35:00Z,oos,2339,0,Tier A,tier_a_primary,Tier_A_full_context,c08_exclude_weak_session_bucket,late_cash_240_330,-0.17209668943772988,0
2025.11.26 21:40:00,2025-11-26T21:40:00Z,oos,2340,0,Tier A,tier_a_primary,Tier_A_full_context,c08_exclude_weak_session_bucket,late_cash_240_330,-0.17209668943772988,0
2025.11.26 21:45:00,2025-11-26T21:45:00Z,oos,2341,0,Tier A,tier_a_primary,Tier_A_full_context,c08_exclude_weak_session_bucket,late_cash_240_330,-0.17209668943772988,0
2025.11.26 22:00:00,2025-11-26T22:00:00Z,oos,2342,0,Tier A,tier_a_primary,Tier_A_full_context,c08_exclude_weak_session_bucket,late_cash_240_330,-0.17209668943772988,0
2025.12.01 16:35:00,2025-12-01T16:35:00Z,oos,2343,0,Tier A,tier_a_primary,Tier_A_full_context,c08_exclude_weak_session_bucket,cash_open_0_30,-0.09635811836115327,0
2025.12.01 16:45:00,2025-12-01T16:45:00Z,oos,2344,0,Tier A,tier_a_primary,Tier_A_full_context,c08_exclude_weak_session_bucket,cash_open_0_30,-0.09635811836115327,0
2025.12.01 16:50:00,2025-12-01T16:50:00Z,oos,2345,0,Tier A,tier_a_primary,Tier_A_full_context,c08_exclude_weak_session_bucket,cash_open_0_30,-0.09635811836115327,0
2025.12.01 16:55:00,2025-12-01T16:55:00Z,oos,2346,0,Tier A,tier_a_primary,Tier_A_full_context,c08_exclude_weak_session_bucket,cash_open_0_30,-0.09635811836115327,0
2025.12.01 17:00:00,2025-12-01T17:00:00Z,oos,2347,0,Tier A,tier_a_primary,Tier_A_full_context,c08_exclude_weak_session_bucket,cash_open_0_30,-0.09635811836115327,0
2025.12.01 17:05:00,2025-12-01T17:05:00Z,oos,2348,0,Tier A,tier_a_primary,Tier_A_full_context,c08_exclude_weak_session_bucket,early_cash_30_60,-0.12775735294117646,0
2025.12.01 17:10:00,2025-12-01T17:10:00Z,oos,2349,0,Tier A,tier_a_primary,Tier_A_full_context,c08_exclude_weak_session_bucket,early_cash_30_60,-0.12775735294117646,0
2025.12.01 17:15:00,2025-12-01T17:15:00Z,oos,2350,0,Tier A,tier_a_primary,Tier_A_full_context,c08_exclude_weak_session_bucket,early_cash_30_60,-0.12775735294117646,0
2025.12.01 17:20:00,2025-12-01T17:20:00Z,oos,2351,0,Tier A,tier_a_primary,Tier_A_full_context,c08_exclude_weak_session_bucket,early_cash_30_60,-0.12775735294117646,0
2025.12.01 17:25:00,2025-12-01T17:25:00Z,oos,2352,0,Tier A,tier_a_primary,Tier_A_full_context,c08_exclude_weak_session_bucket,early_cash_30_60,-0.12775735294117646,0
2025.12.01 17:30:00,2025-12-01T17:30:00Z,oos,2353,0,Tier A,tier_a_primary,Tier_A_full_context,c08_exclude_weak_session_bucket,early_cash_30_60,-0.12775735294117646,0
2025.12.01 17:35:00,2025-12-01T17:35:00Z,oos,2354,0,Tier A,tier_a_primary,Tier_A_full_context,c08_exclude_weak_session_bucket,morning_60_120,-0.1698966408268734,0
2025.12.01 17:40:00,2025-12-01T17:40:00Z,oos,2355,0,Tier A,tier_a_primary,Tier_A_full_context,c08_exclude_weak_session_bucket,morning_60_120,-0.1698966408268734,0
2025.12.01 17:45:00,2025-12-01T17:45:00Z,oos,2356,0,Tier A,tier_a_primary,Tier_A_full_context,c08_exclude_weak_session_bucket,morning_60_120,-0.1698966408268734,0
2025.12.01 17:50:00,2025-12-01T17:50:00Z,oos,2357,0,Tier A,tier_a_primary,Tier_A_full_context,c08_exclude_weak_session_bucket,morning_60_120,-0.1698966408268734,0
2025.12.01 17:55:00,2025-12-01T17:55:00Z,oos,2358,0,Tier A,tier_a_primary,Tier_A_full_context,c08_exclude_weak_session_bucket,morning_60_120,-0.1698966408268734,0
2025.12.01 18:00:00,2025-12-01T18:00:00Z,oos,2359,0,Tier A,tier_a_primary,Tier_A_full_context,c08_exclude_weak_session_bucket,morning_60_120,-0.1698966408268734,0
2025.12.01 18:05:00,2025-12-01T18:05:00Z,oos,2360,0,Tier A,tier_a_primary,Tier_A_full_context,c08_exclude_weak_session_bucket,morning_60_120,-0.1698966408268734,0
2025.12.01 18:10:00,2025-12-01T18:10:00Z,oos,2361,0,Tier A,tier_a_primary,Tier_A_full_context,c08_exclude_weak_session_bucket,morning_60_120,-0.1698966408268734,0
2025.12.01 18:15:00,2025-12-01T18:15:00Z,oos,2362,0,Tier A,tier_a_primary,Tier_A_full_context,c08_exclude_weak_session_bucket,morning_60_120,-0.1698966408268734,0
2025.12.01 18:20:00,2025-12-01T18:20:00Z,oos,2363,0,Tier A,tier_a_primary,Tier_A_full_context,c08_exclude_weak_session_bucket,morning_60_120,-0.1698966408268734,0
2025.12.01 18:25:00,2025-12-01T18:25:00Z,oos,2364,0,Tier A,tier_a_primary,Tier_A_full_context,c08_exclude_weak_session_bucket,morning_60_120,-0.1698966408268734,0
2025.12.01 18:30:00,2025-12-01T18:30:00Z,oos,2365,0,Tier A,tier_a_primary,Tier_A_full_context,c08_exclude_weak_session_bucket,morning_60_120,-0.1698966408268734,0
2025.12.01 18:35:00,2025-12-01T18:35:00Z,oos,2366,0,Tier A,tier_a_primary,Tier_A_full_context,c08_exclude_weak_session_bucket,midday_lull_120_240,-0.1762380357885976,0
2025.12.01 18:40:00,2025-12-01T18:40:00Z,oos,2367,0,Tier A,tier_a_primary,Tier_A_full_context,c08_exclude_weak_session_bucket,midday_lull_120_240,-0.1762380357885976,0
2025.12.01 18:45:00,2025-12-01T18:45:00Z,oos,2368,0,Tier A,tier_a_primary,Tier_A_full_context,c08_exclude_weak_session_bucket,midday_lull_120_240,-0.1762380357885976,0
2025.12.01 18:50:00,2025-12-01T18:50:00Z,oos,2369,0,Tier A,tier_a_primary,Tier_A_full_context,c08_exclude_weak_session_bucket,midday_lull_120_240,-0.1762380357885976,0
2025.12.01 18:55:00,2025-12-01T18:55:00Z,oos,2370,0,Tier A,tier_a_primary,Tier_A_full_context,c08_exclude_weak_session_bucket,midday_lull_120_240,-0.1762380357885976,0
2025.12.01 19:00:00,2025-12-01T19:00:00Z,oos,2371,0,Tier A,tier_a_primary,Tier_A_full_context,c08_exclude_weak_session_bucket,midday_lull_120_240,-0.1762380357885976,0
2025.12.01 19:05:00,2025-12-01T19:05:00Z,oos,2372,0,Tier A,tier_a_primary,Tier_A_full_context,c08_exclude_weak_session_bucket,midday_lull_120_240,-0.1762380357885976,0
2025.12.01 19:15:00,2025-12-01T19:15:00Z,oos,2373,0,Tier A,tier_a_primary,Tier_A_full_context,c08_exclude_weak_session_bucket,midday_lull_120_240,-0.1762380357885976,0
2025.12.01 19:20:00,2025-12-01T19:20:00Z,oos,2374,0,Tier A,tier_a_primary,Tier_A_full_context,c08_exclude_weak_session_bucket,midday_lull_120_240,-0.1762380357885976,0
2025.12.01 19:30:00,2025-12-01T19:30:00Z,oos,2375,0,Tier A,tier_a_primary,Tier_A_full_context,c08_exclude_weak_session_bucket,midday_lull_120_240,-0.1762380357885976,0
2025.12.01 19:35:00,2025-12-01T19:35:00Z,oos,2376,0,Tier A,tier_a_primary,Tier_A_full_context,c08_exclude_weak_session_bucket,midday_lull_120_240,-0.1762380357885976,0
2025.12.01 19:40:00,2025-12-01T19:40:00Z,oos,2377,0,Tier A,tier_a_primary,Tier_A_full_context,c08_exclude_weak_session_bucket,midday_lull_120_240,-0.1762380357885976,0
2025.12.01 19:50:00,2025-12-01T19:50:00Z,oos,2378,0,Tier A,tier_a_primary,Tier_A_full_context,c08_exclude_weak_session_bucket,midday_lull_120_240,-0.1762380357885976,0
2025.12.01 20:00:00,2025-12-01T20:00:00Z,oos,2379,0,Tier A,tier_a_primary,Tier_A_full_context,c08_exclude_weak_session_bucket,midday_lull_120_240,-0.1762380357885976,0
2025.12.01 20:05:00,2025-12-01T20:05:00Z,oos,2380,0,Tier A,tier_a_primary,Tier_A_full_context,c08_exclude_weak_session_bucket,midday_lull_120_240,-0.1762380357885976,0
2025.12.01 20:10:00,2025-12-01T20:10:00Z,oos,2381,0,Tier A,tier_a_primary,Tier_A_full_context,c08_exclude_weak_session_bucket,midday_lull_120_240,-0.1762380357885976,0
2025.12.01 20:25:00,2025-12-01T20:25:00Z,oos,2382,0,Tier A,tier_a_primary,Tier_A_full_context,c08_exclude_weak_session_bucket,midday_lull_120_240,-0.1762380357885976,0
2025.12.01 20:30:00,2025-12-01T20:30:00Z,oos,2383,0,Tier A,tier_a_primary,Tier_A_full_context,c08_exclude_weak_session_bucket,midday_lull_120_240,-0.1762380357885976,0
2025.12.01 20:35:00,2025-12-01T20:35:00Z,oos,2384,0,Tier A,tier_a_primary,Tier_A_full_context,c08_exclude_weak_session_bucket,late_cash_240_330,-0.17209668943772988,0
2025.12.01 20:45:00,2025-12-01T20:45:00Z,oos,2385,0,Tier A,tier_a_primary,Tier_A_full_context,c08_exclude_weak_session_bucket,late_cash_240_330,-0.17209668943772988,0
2025.12.01 20:50:00,2025-12-01T20:50:00Z,oos,2386,0,Tier A,tier_a_primary,Tier_A_full_context,c08_exclude_weak_session_bucket,late_cash_240_330,-0.17209668943772988,0
2025.12.01 21:00:00,2025-12-01T21:00:00Z,oos,2387,0,Tier A,tier_a_primary,Tier_A_full_context,c08_exclude_weak_session_bucket,late_cash_240_330,-0.17209668943772988,0
2025.12.01 21:05:00,2025-12-01T21:05:00Z,oos,2388,0,Tier A,tier_a_primary,Tier_A_full_context,c08_exclude_weak_session_bucket,late_cash_240_330,-0.17209668943772988,0
2025.12.01 21:15:00,2025-12-01T21:15:00Z,oos,2389,0,Tier A,tier_a_primary,Tier_A_full_context,c08_exclude_weak_session_bucket,late_cash_240_330,-0.17209668943772988,0
2025.12.01 21:20:00,2025-12-01T21:20:00Z,oos,2390,0,Tier A,tier_a_primary,Tier_A_full_context,c08_exclude_weak_session_bucket,late_cash_240_330,-0.17209668943772988,0
2025.12.01 21:25:00,2025-12-01T21:25:00Z,oos,2391,0,Tier A,tier_a_primary,Tier_A_full_context,c08_exclude_weak_session_bucket,late_cash_240_330,-0.17209668943772988,0
2025.12.01 21:35:00,2025-12-01T21:35:00Z,oos,2392,0,Tier A,tier_a_primary,Tier_A_full_context,c08_exclude_weak_session_bucket,late_cash_240_330,-0.17209668943772988,0
2025.12.01 21:55:00,2025-12-01T21:55:00Z,oos,2393,1,Tier A,tier_a_primary,Tier_A_full_context,c08_exclude_weak_session_bucket,late_cash_240_330,-0.17209668943772988,1
2025.12.01 22:00:00,2025-12-01T22:00:00Z,oos,2394,0,Tier A,tier_a_primary,Tier_A_full_context,c08_exclude_weak_session_bucket,late_cash_240_330,-0.17209668943772988,0
2025.12.02 16:35:00,2025-12-02T16:35:00Z,oos,2395,0,Tier A,tier_a_primary,Tier_A_full_context,c08_exclude_weak_session_bucket,cash_open_0_30,-0.09635811836115327,0
2025.12.02 16:40:00,2025-12-02T16:40:00Z,oos,2396,0,Tier A,tier_a_primary,Tier_A_full_context,c08_exclude_weak_session_bucket,cash_open_0_30,-0.09635811836115327,0
2025.12.02 16:45:00,2025-12-02T16:45:00Z,oos,2397,0,Tier A,tier_a_primary,Tier_A_full_context,c08_exclude_weak_session_bucket,cash_open_0_30,-0.09635811836115327,0
2025.12.02 16:50:00,2025-12-02T16:50:00Z,oos,2398,0,Tier A,tier_a_primary,Tier_A_full_context,c08_exclude_weak_session_bucket,cash_open_0_30,-0.09635811836115327,0
2025.12.02 16:55:00,2025-12-02T16:55:00Z,oos,2399,-1,Tier A,tier_a_primary,Tier_A_full_context,c08_exclude_weak_session_bucket,cash_open_0_30,-0.09635811836115327,-1
2025.12.02 17:00:00,2025-12-02T17:00:00Z,oos,2400,1,Tier A,tier_a_primary,Tier_A_full_context,c08_exclude_weak_session_bucket,cash_open_0_30,-0.09635811836115327,1
2025.12.02 17:05:00,2025-12-02T17:05:00Z,oos,2401,1,Tier A,tier_a_primary,Tier_A_full_context,c08_exclude_weak_session_bucket,early_cash_30_60,-0.12775735294117646,1
2025.12.02 17:10:00,2025-12-02T17:10:00Z,oos,2402,0,Tier A,tier_a_primary,Tier_A_full_context,c08_exclude_weak_session_bucket,early_cash_30_60,-0.12775735294117646,0
2025.12.02 17:15:00,2025-12-02T17:15:00Z,oos,2403,0,Tier A,tier_a_primary,Tier_A_full_context,c08_exclude_weak_session_bucket,early_cash_30_60,-0.12775735294117646,0
2025.12.02 17:20:00,2025-12-02T17:20:00Z,oos,2404,0,Tier A,tier_a_primary,Tier_A_full_context,c08_exclude_weak_session_bucket,early_cash_30_60,-0.12775735294117646,0
2025.12.02 17:25:00,2025-12-02T17:25:00Z,oos,2405,0,Tier A,tier_a_primary,Tier_A_full_context,c08_exclude_weak_session_bucket,early_cash_30_60,-0.12775735294117646,0
2025.12.02 17:30:00,2025-12-02T17:30:00Z,oos,2406,-1,Tier A,tier_a_primary,Tier_A_full_context,c08_exclude_weak_session_bucket,early_cash_30_60,-0.12775735294117646,-1
2025.12.02 17:35:00,2025-12-02T17:35:00Z,oos,2407,-1,Tier A,tier_a_primary,Tier_A_full_context,c08_exclude_weak_session_bucket,morning_60_120,-0.1698966408268734,-1
2025.12.02 17:40:00,2025-12-02T17:40:00Z,oos,2408,0,Tier A,tier_a_primary,Tier_A_full_context,c08_exclude_weak_session_bucket,morning_60_120,-0.1698966408268734,0
2025.12.02 17:45:00,2025-12-02T17:45:00Z,oos,2409,1,Tier A,tier_a_primary,Tier_A_full_context,c08_exclude_weak_session_bucket,morning_60_120,-0.1698966408268734,1
2025.12.02 17:50:00,2025-12-02T17:50:00Z,oos,2410,0,Tier A,tier_a_primary,Tier_A_full_context,c08_exclude_weak_session_bucket,morning_60_120,-0.1698966408268734,0
2025.12.02 17:55:00,2025-12-02T17:55:00Z,oos,2411,0,Tier A,tier_a_primary,Tier_A_full_context,c08_exclude_weak_session_bucket,morning_60_120,-0.1698966408268734,0
2025.12.02 18:00:00,2025-12-02T18:00:00Z,oos,2412,0,Tier A,tier_a_primary,Tier_A_full_context,c08_exclude_weak_session_bucket,morning_60_120,-0.1698966408268734,0
2025.12.02 18:05:00,2025-12-02T18:05:00Z,oos,2413,0,Tier A,tier_a_primary,Tier_A_full_context,c08_exclude_weak_session_bucket,morning_60_120,-0.1698966408268734,0
2025.12.02 18:10:00,2025-12-02T18:10:00Z,oos,2414,-1,Tier A,tier_a_primary,Tier_A_full_context,c08_exclude_weak_session_bucket,morning_60_120,-0.1698966408268734,-1
2025.12.02 18:15:00,2025-12-02T18:15:00Z,oos,2415,0,Tier A,tier_a_primary,Tier_A_full_context,c08_exclude_weak_session_bucket,morning_60_120,-0.1698966408268734,0
2025.12.02 18:20:00,2025-12-02T18:20:00Z,oos,2416,0,Tier A,tier_a_primary,Tier_A_full_context,c08_exclude_weak_session_bucket,morning_60_120,-0.1698966408268734,0
2025.12.02 18:25:00,2025-12-02T18:25:00Z,oos,2417,-1,Tier A,tier_a_primary,Tier_A_full_context,c08_exclude_weak_session_bucket,morning_60_120,-0.1698966408268734,-1
2025.12.02 18:30:00,2025-12-02T18:30:00Z,oos,2418,0,Tier A,tier_a_primary,Tier_A_full_context,c08_exclude_weak_session_bucket,morning_60_120,-0.1698966408268734,0
2025.12.02 18:35:00,2025-12-02T18:35:00Z,oos,2419,0,Tier A,tier_a_primary,Tier_A_full_context,c08_exclude_weak_session_bucket,midday_lull_120_240,-0.1762380357885976,0
2025.12.02 18:40:00,2025-12-02T18:40:00Z,oos,2420,0,Tier A,tier_a_primary,Tier_A_full_context,c08_exclude_weak_session_bucket,midday_lull_120_240,-0.1762380357885976,0
2025.12.02 18:45:00,2025-12-02T18:45:00Z,oos,2421,0,Tier A,tier_a_primary,Tier_A_full_context,c08_exclude_weak_session_bucket,midday_lull_120_240,-0.1762380357885976,0
2025.12.02 18:50:00,2025-12-02T18:50:00Z,oos,2422,0,Tier A,tier_a_primary,Tier_A_full_context,c08_exclude_weak_session_bucket,midday_lull_120_240,-0.1762380357885976,0
2025.12.02 18:55:00,2025-12-02T18:55:00Z,oos,2423,0,Tier A,tier_a_primary,Tier_A_full_context,c08_exclude_weak_session_bucket,midday_lull_120_240,-0.1762380357885976,0
2025.12.02 19:00:00,2025-12-02T19:00:00Z,oos,2424,0,Tier A,tier_a_primary,Tier_A_full_context,c08_exclude_weak_session_bucket,midday_lull_120_240,-0.1762380357885976,0
2025.12.02 19:05:00,2025-12-02T19:05:00Z,oos,2425,0,Tier A,tier_a_primary,Tier_A_full_context,c08_exclude_weak_session_bucket,midday_lull_120_240,-0.1762380357885976,0
2025.12.02 19:10:00,2025-12-02T19:10:00Z,oos,2426,0,Tier A,tier_a_primary,Tier_A_full_context,c08_exclude_weak_session_bucket,midday_lull_120_240,-0.1762380357885976,0
2025.12.02 19:15:00,2025-12-02T19:15:00Z,oos,2427,0,Tier A,tier_a_primary,Tier_A_full_context,c08_exclude_weak_session_bucket,midday_lull_120_240,-0.1762380357885976,0
2025.12.02 19:20:00,2025-12-02T19:20:00Z,oos,2428,0,Tier A,tier_a_primary,Tier_A_full_context,c08_exclude_weak_session_bucket,midday_lull_120_240,-0.1762380357885976,0
2025.12.02 19:25:00,2025-12-02T19:25:00Z,oos,2429,0,Tier A,tier_a_primary,Tier_A_full_context,c08_exclude_weak_session_bucket,midday_lull_120_240,-0.1762380357885976,0
2025.12.02 19:30:00,2025-12-02T19:30:00Z,oos,2430,0,Tier A,tier_a_primary,Tier_A_full_context,c08_exclude_weak_session_bucket,midday_lull_120_240,-0.1762380357885976,0
2025.12.02 19:35:00,2025-12-02T19:35:00Z,oos,2431,0,Tier A,tier_a_primary,Tier_A_full_context,c08_exclude_weak_session_bucket,midday_lull_120_240,-0.1762380357885976,0
2025.12.02 19:40:00,2025-12-02T19:40:00Z,oos,2432,0,Tier A,tier_a_primary,Tier_A_full_context,c08_exclude_weak_session_bucket,midday_lull_120_240,-0.1762380357885976,0
2025.12.02 19:45:00,2025-12-02T19:45:00Z,oos,2433,0,Tier A,tier_a_primary,Tier_A_full_context,c08_exclude_weak_session_bucket,midday_lull_120_240,-0.1762380357885976,0
2025.12.02 19:50:00,2025-12-02T19:50:00Z,oos,2434,0,Tier A,tier_a_primary,Tier_A_full_context,c08_exclude_weak_session_bucket,midday_lull_120_240,-0.1762380357885976,0
2025.12.02 19:55:00,2025-12-02T19:55:00Z,oos,2435,0,Tier A,tier_a_primary,Tier_A_full_context,c08_exclude_weak_session_bucket,midday_lull_120_240,-0.1762380357885976,0
2025.12.02 20:00:00,2025-12-02T20:00:00Z,oos,2436,0,Tier A,tier_a_primary,Tier_A_full_context,c08_exclude_weak_session_bucket,midday_lull_120_240,-0.1762380357885976,0
2025.12.02 20:05:00,2025-12-02T20:05:00Z,oos,2437,0,Tier A,tier_a_primary,Tier_A_full_context,c08_exclude_weak_session_bucket,midday_lull_120_240,-0.1762380357885976,0
2025.12.02 20:10:00,2025-12-02T20:10:00Z,oos,2438,0,Tier A,tier_a_primary,Tier_A_full_context,c08_exclude_weak_session_bucket,midday_lull_120_240,-0.1762380357885976,0
2025.12.02 20:15:00,2025-12-02T20:15:00Z,oos,2439,0,Tier A,tier_a_primary,Tier_A_full_context,c08_exclude_weak_session_bucket,midday_lull_120_240,-0.1762380357885976,0
2025.12.02 20:20:00,2025-12-02T20:20:00Z,oos,2440,0,Tier A,tier_a_primary,Tier_A_full_context,c08_exclude_weak_session_bucket,midday_lull_120_240,-0.1762380357885976,0
2025.12.02 20:30:00,2025-12-02T20:30:00Z,oos,2441,0,Tier A,tier_a_primary,Tier_A_full_context,c08_exclude_weak_session_bucket,midday_lull_120_240,-0.1762380357885976,0
2025.12.02 20:35:00,2025-12-02T20:35:00Z,oos,2442,0,Tier A,tier_a_primary,Tier_A_full_context,c08_exclude_weak_session_bucket,late_cash_240_330,-0.17209668943772988,0
2025.12.02 20:40:00,2025-12-02T20:40:00Z,oos,2443,0,Tier A,tier_a_primary,Tier_A_full_context,c08_exclude_weak_session_bucket,late_cash_240_330,-0.17209668943772988,0
2025.12.02 20:50:00,2025-12-02T20:50:00Z,oos,2444,0,Tier A,tier_a_primary,Tier_A_full_context,c08_exclude_weak_session_bucket,late_cash_240_330,-0.17209668943772988,0
2025.12.02 20:55:00,2025-12-02T20:55:00Z,oos,2445,0,Tier A,tier_a_primary,Tier_A_full_context,c08_exclude_weak_session_bucket,late_cash_240_330,-0.17209668943772988,0
2025.12.02 21:00:00,2025-12-02T21:00:00Z,oos,2446,0,Tier A,tier_a_primary,Tier_A_full_context,c08_exclude_weak_session_bucket,late_cash_240_330,-0.17209668943772988,0
2025.12.02 21:05:00,2025-12-02T21:05:00Z,oos,2447,0,Tier A,tier_a_primary,Tier_A_full_context,c08_exclude_weak_session_bucket,late_cash_240_330,-0.17209668943772988,0
2025.12.02 21:10:00,2025-12-02T21:10:00Z,oos,2448,0,Tier A,tier_a_primary,Tier_A_full_context,c08_exclude_weak_session_bucket,late_cash_240_330,-0.17209668943772988,0
2025.12.02 21:15:00,2025-12-02T21:15:00Z,oos,2449,0,Tier A,tier_a_primary,Tier_A_full_context,c08_exclude_weak_session_bucket,late_cash_240_330,-0.17209668943772988,0
2025.12.02 21:20:00,2025-12-02T21:20:00Z,oos,2450,0,Tier A,tier_a_primary,Tier_A_full_context,c08_exclude_weak_session_bucket,late_cash_240_330,-0.17209668943772988,0
2025.12.02 21:25:00,2025-12-02T21:25:00Z,oos,2451,0,Tier A,tier_a_primary,Tier_A_full_context,c08_exclude_weak_session_bucket,late_cash_240_330,-0.17209668943772988,0
2025.12.02 21:30:00,2025-12-02T21:30:00Z,oos,2452,0,Tier A,tier_a_primary,Tier_A_full_context,c08_exclude_weak_session_bucket,late_cash_240_330,-0.17209668943772988,0
2025.12.02 21:35:00,2025-12-02T21:35:00Z,oos,2453,0,Tier A,tier_a_primary,Tier_A_full_context,c08_exclude_weak_session_bucket,late_cash_240_330,-0.17209668943772988,0
2025.12.02 21:45:00,2025-12-02T21:45:00Z,oos,2454,0,Tier A,tier_a_primary,Tier_A_full_context,c08_exclude_weak_session_bucket,late_cash_240_330,-0.17209668943772988,0
2025.12.02 21:50:00,2025-12-02T21:50:00Z,oos,2455,0,Tier A,tier_a_primary,Tier_A_full_context,c08_exclude_weak_session_bucket,late_cash_240_330,-0.17209668943772988,0
2025.12.02 21:55:00,2025-12-02T21:55:00Z,oos,2456,0,Tier A,tier_a_primary,Tier_A_full_context,c08_exclude_weak_session_bucket,late_cash_240_330,-0.17209668943772988,0
2025.12.02 22:00:00,2025-12-02T22:00:00Z,oos,2457,0,Tier A,tier_a_primary,Tier_A_full_context,c08_exclude_weak_session_bucket,late_cash_240_330,-0.17209668943772988,0
2025.12.03 16:35:00,2025-12-03T16:35:00Z,oos,2458,0,Tier A,tier_a_primary,Tier_A_full_context,c08_exclude_weak_session_bucket,cash_open_0_30,-0.09635811836115327,0
2025.12.03 16:40:00,2025-12-03T16:40:00Z,oos,2459,0,Tier A,tier_a_primary,Tier_A_full_context,c08_exclude_weak_session_bucket,cash_open_0_30,-0.09635811836115327,0
2025.12.03 16:45:00,2025-12-03T16:45:00Z,oos,2460,0,Tier A,tier_a_primary,Tier_A_full_context,c08_exclude_weak_session_bucket,cash_open_0_30,-0.09635811836115327,0
2025.12.03 16:50:00,2025-12-03T16:50:00Z,oos,2461,0,Tier A,tier_a_primary,Tier_A_full_context,c08_exclude_weak_session_bucket,cash_open_0_30,-0.09635811836115327,0
2025.12.03 16:55:00,2025-12-03T16:55:00Z,oos,2462,1,Tier A,tier_a_primary,Tier_A_full_context,c08_exclude_weak_session_bucket,cash_open_0_30,-0.09635811836115327,1
2025.12.03 17:00:00,2025-12-03T17:00:00Z,oos,2463,0,Tier A,tier_a_primary,Tier_A_full_context,c08_exclude_weak_session_bucket,cash_open_0_30,-0.09635811836115327,0
2025.12.03 17:05:00,2025-12-03T17:05:00Z,oos,2464,1,Tier A,tier_a_primary,Tier_A_full_context,c08_exclude_weak_session_bucket,early_cash_30_60,-0.12775735294117646,1
2025.12.03 17:10:00,2025-12-03T17:10:00Z,oos,2465,-1,Tier A,tier_a_primary,Tier_A_full_context,c08_exclude_weak_session_bucket,early_cash_30_60,-0.12775735294117646,-1
2025.12.03 17:15:00,2025-12-03T17:15:00Z,oos,2466,0,Tier A,tier_a_primary,Tier_A_full_context,c08_exclude_weak_session_bucket,early_cash_30_60,-0.12775735294117646,0
2025.12.03 17:20:00,2025-12-03T17:20:00Z,oos,2467,0,Tier A,tier_a_primary,Tier_A_full_context,c08_exclude_weak_session_bucket,early_cash_30_60,-0.12775735294117646,0
2025.12.03 17:25:00,2025-12-03T17:25:00Z,oos,2468,0,Tier A,tier_a_primary,Tier_A_full_context,c08_exclude_weak_session_bucket,early_cash_30_60,-0.12775735294117646,0
2025.12.03 17:30:00,2025-12-03T17:30:00Z,oos,2469,0,Tier A,tier_a_primary,Tier_A_full_context,c08_exclude_weak_session_bucket,early_cash_30_60,-0.12775735294117646,0
2025.12.03 17:35:00,2025-12-03T17:35:00Z,oos,2470,0,Tier A,tier_a_primary,Tier_A_full_context,c08_exclude_weak_session_bucket,morning_60_120,-0.1698966408268734,0
2025.12.03 17:40:00,2025-12-03T17:40:00Z,oos,2471,0,Tier A,tier_a_primary,Tier_A_full_context,c08_exclude_weak_session_bucket,morning_60_120,-0.1698966408268734,0
2025.12.03 17:45:00,2025-12-03T17:45:00Z,oos,2472,0,Tier A,tier_a_primary,Tier_A_full_context,c08_exclude_weak_session_bucket,morning_60_120,-0.1698966408268734,0
2025.12.03 17:50:00,2025-12-03T17:50:00Z,oos,2473,0,Tier A,tier_a_primary,Tier_A_full_context,c08_exclude_weak_session_bucket,morning_60_120,-0.1698966408268734,0
2025.12.03 17:55:00,2025-12-03T17:55:00Z,oos,2474,0,Tier A,tier_a_primary,Tier_A_full_context,c08_exclude_weak_session_bucket,morning_60_120,-0.1698966408268734,0
2025.12.03 18:00:00,2025-12-03T18:00:00Z,oos,2475,0,Tier A,tier_a_primary,Tier_A_full_context,c08_exclude_weak_session_bucket,morning_60_120,-0.1698966408268734,0
2025.12.03 18:05:00,2025-12-03T18:05:00Z,oos,2476,0,Tier A,tier_a_primary,Tier_A_full_context,c08_exclude_weak_session_bucket,morning_60_120,-0.1698966408268734,0
2025.12.03 18:10:00,2025-12-03T18:10:00Z,oos,2477,0,Tier A,tier_a_primary,Tier_A_full_context,c08_exclude_weak_session_bucket,morning_60_120,-0.1698966408268734,0
2025.12.03 18:15:00,2025-12-03T18:15:00Z,oos,2478,0,Tier A,tier_a_primary,Tier_A_full_context,c08_exclude_weak_session_bucket,morning_60_120,-0.1698966408268734,0
2025.12.03 18:20:00,2025-12-03T18:20:00Z,oos,2479,0,Tier A,tier_a_primary,Tier_A_full_context,c08_exclude_weak_session_bucket,morning_60_120,-0.1698966408268734,0
2025.12.03 18:25:00,2025-12-03T18:25:00Z,oos,2480,0,Tier A,tier_a_primary,Tier_A_full_context,c08_exclude_weak_session_bucket,morning_60_120,-0.1698966408268734,0
2025.12.03 18:30:00,2025-12-03T18:30:00Z,oos,2481,0,Tier A,tier_a_primary,Tier_A_full_context,c08_exclude_weak_session_bucket,morning_60_120,-0.1698966408268734,0
2025.12.03 18:35:00,2025-12-03T18:35:00Z,oos,2482,0,Tier A,tier_a_primary,Tier_A_full_context,c08_exclude_weak_session_bucket,midday_lull_120_240,-0.1762380357885976,0
2025.12.03 18:40:00,2025-12-03T18:40:00Z,oos,2483,0,Tier A,tier_a_primary,Tier_A_full_context,c08_exclude_weak_session_bucket,midday_lull_120_240,-0.1762380357885976,0
2025.12.03 18:45:00,2025-12-03T18:45:00Z,oos,2484,0,Tier A,tier_a_primary,Tier_A_full_context,c08_exclude_weak_session_bucket,midday_lull_120_240,-0.1762380357885976,0
2025.12.03 18:55:00,2025-12-03T18:55:00Z,oos,2485,0,Tier A,tier_a_primary,Tier_A_full_context,c08_exclude_weak_session_bucket,midday_lull_120_240,-0.1762380357885976,0
2025.12.03 19:00:00,2025-12-03T19:00:00Z,oos,2486,0,Tier A,tier_a_primary,Tier_A_full_context,c08_exclude_weak_session_bucket,midday_lull_120_240,-0.1762380357885976,0
2025.12.03 19:05:00,2025-12-03T19:05:00Z,oos,2487,0,Tier A,tier_a_primary,Tier_A_full_context,c08_exclude_weak_session_bucket,midday_lull_120_240,-0.1762380357885976,0
2025.12.03 19:10:00,2025-12-03T19:10:00Z,oos,2488,0,Tier A,tier_a_primary,Tier_A_full_context,c08_exclude_weak_session_bucket,midday_lull_120_240,-0.1762380357885976,0
2025.12.03 19:15:00,2025-12-03T19:15:00Z,oos,2489,0,Tier A,tier_a_primary,Tier_A_full_context,c08_exclude_weak_session_bucket,midday_lull_120_240,-0.1762380357885976,0
2025.12.03 19:30:00,2025-12-03T19:30:00Z,oos,2490,0,Tier A,tier_a_primary,Tier_A_full_context,c08_exclude_weak_session_bucket,midday_lull_120_240,-0.1762380357885976,0
2025.12.03 19:40:00,2025-12-03T19:40:00Z,oos,2491,0,Tier A,tier_a_primary,Tier_A_full_context,c08_exclude_weak_session_bucket,midday_lull_120_240,-0.1762380357885976,0
2025.12.03 19:45:00,2025-12-03T19:45:00Z,oos,2492,0,Tier A,tier_a_primary,Tier_A_full_context,c08_exclude_weak_session_bucket,midday_lull_120_240,-0.1762380357885976,0
2025.12.03 19:55:00,2025-12-03T19:55:00Z,oos,2493,0,Tier A,tier_a_primary,Tier_A_full_context,c08_exclude_weak_session_bucket,midday_lull_120_240,-0.1762380357885976,0
2025.12.03 20:00:00,2025-12-03T20:00:00Z,oos,2494,0,Tier A,tier_a_primary,Tier_A_full_context,c08_exclude_weak_session_bucket,midday_lull_120_240,-0.1762380357885976,0
2025.12.03 20:05:00,2025-12-03T20:05:00Z,oos,2495,0,Tier A,tier_a_primary,Tier_A_full_context,c08_exclude_weak_session_bucket,midday_lull_120_240,-0.1762380357885976,0
2025.12.03 20:10:00,2025-12-03T20:10:00Z,oos,2496,0,Tier A,tier_a_primary,Tier_A_full_context,c08_exclude_weak_session_bucket,midday_lull_120_240,-0.1762380357885976,0
2025.12.03 20:20:00,2025-12-03T20:20:00Z,oos,2497,0,Tier A,tier_a_primary,Tier_A_full_context,c08_exclude_weak_session_bucket,midday_lull_120_240,-0.1762380357885976,0
2025.12.03 20:25:00,2025-12-03T20:25:00Z,oos,2498,0,Tier A,tier_a_primary,Tier_A_full_context,c08_exclude_weak_session_bucket,midday_lull_120_240,-0.1762380357885976,0
2025.12.03 20:30:00,2025-12-03T20:30:00Z,oos,2499,0,Tier A,tier_a_primary,Tier_A_full_context,c08_exclude_weak_session_bucket,midday_lull_120_240,-0.1762380357885976,0
2025.12.03 20:45:00,2025-12-03T20:45:00Z,oos,2500,0,Tier A,tier_a_primary,Tier_A_full_context,c08_exclude_weak_session_bucket,late_cash_240_330,-0.17209668943772988,0
2025.12.03 20:50:00,2025-12-03T20:50:00Z,oos,2501,0,Tier A,tier_a_primary,Tier_A_full_context,c08_exclude_weak_session_bucket,late_cash_240_330,-0.17209668943772988,0
2025.12.03 20:55:00,2025-12-03T20:55:00Z,oos,2502,0,Tier A,tier_a_primary,Tier_A_full_context,c08_exclude_weak_session_bucket,late_cash_240_330,-0.17209668943772988,0
2025.12.03 21:00:00,2025-12-03T21:00:00Z,oos,2503,0,Tier A,tier_a_primary,Tier_A_full_context,c08_exclude_weak_session_bucket,late_cash_240_330,-0.17209668943772988,0
2025.12.03 21:05:00,2025-12-03T21:05:00Z,oos,2504,0,Tier A,tier_a_primary,Tier_A_full_context,c08_exclude_weak_session_bucket,late_cash_240_330,-0.17209668943772988,0
2025.12.03 21:10:00,2025-12-03T21:10:00Z,oos,2505,0,Tier A,tier_a_primary,Tier_A_full_context,c08_exclude_weak_session_bucket,late_cash_240_330,-0.17209668943772988,0
2025.12.03 21:15:00,2025-12-03T21:15:00Z,oos,2506,0,Tier A,tier_a_primary,Tier_A_full_context,c08_exclude_weak_session_bucket,late_cash_240_330,-0.17209668943772988,0
2025.12.03 21:20:00,2025-12-03T21:20:00Z,oos,2507,0,Tier A,tier_a_primary,Tier_A_full_context,c08_exclude_weak_session_bucket,late_cash_240_330,-0.17209668943772988,0
2025.12.03 21:30:00,2025-12-03T21:30:00Z,oos,2508,0,Tier A,tier_a_primary,Tier_A_full_context,c08_exclude_weak_session_bucket,late_cash_240_330,-0.17209668943772988,0
2025.12.03 21:40:00,2025-12-03T21:40:00Z,oos,2509,0,Tier A,tier_a_primary,Tier_A_full_context,c08_exclude_weak_session_bucket,late_cash_240_330,-0.17209668943772988,0
2025.12.03 21:50:00,2025-12-03T21:50:00Z,oos,2510,0,Tier A,tier_a_primary,Tier_A_full_context,c08_exclude_weak_session_bucket,late_cash_240_330,-0.17209668943772988,0
2025.12.03 21:55:00,2025-12-03T21:55:00Z,oos,2511,0,Tier A,tier_a_primary,Tier_A_full_context,c08_exclude_weak_session_bucket,late_cash_240_330,-0.17209668943772988,0
2025.12.03 22:00:00,2025-12-03T22:00:00Z,oos,2512,0,Tier A,tier_a_primary,Tier_A_full_context,c08_exclude_weak_session_bucket,late_cash_240_330,-0.17209668943772988,0
2025.12.04 16:35:00,2025-12-04T16:35:00Z,oos,2513,-1,Tier A,tier_a_primary,Tier_A_full_context,c08_exclude_weak_session_bucket,cash_open_0_30,-0.09635811836115327,-1
2025.12.04 16:40:00,2025-12-04T16:40:00Z,oos,2514,1,Tier A,tier_a_primary,Tier_A_full_context,c08_exclude_weak_session_bucket,cash_open_0_30,-0.09635811836115327,1
2025.12.04 16:45:00,2025-12-04T16:45:00Z,oos,2515,0,Tier A,tier_a_primary,Tier_A_full_context,c08_exclude_weak_session_bucket,cash_open_0_30,-0.09635811836115327,0
2025.12.04 16:50:00,2025-12-04T16:50:00Z,oos,2516,0,Tier A,tier_a_primary,Tier_A_full_context,c08_exclude_weak_session_bucket,cash_open_0_30,-0.09635811836115327,0
2025.12.04 16:55:00,2025-12-04T16:55:00Z,oos,2517,0,Tier A,tier_a_primary,Tier_A_full_context,c08_exclude_weak_session_bucket,cash_open_0_30,-0.09635811836115327,0
2025.12.04 17:00:00,2025-12-04T17:00:00Z,oos,2518,0,Tier A,tier_a_primary,Tier_A_full_context,c08_exclude_weak_session_bucket,cash_open_0_30,-0.09635811836115327,0
2025.12.04 17:05:00,2025-12-04T17:05:00Z,oos,2519,0,Tier A,tier_a_primary,Tier_A_full_context,c08_exclude_weak_session_bucket,early_cash_30_60,-0.12775735294117646,0
2025.12.04 17:10:00,2025-12-04T17:10:00Z,oos,2520,0,Tier A,tier_a_primary,Tier_A_full_context,c08_exclude_weak_session_bucket,early_cash_30_60,-0.12775735294117646,0
2025.12.04 17:15:00,2025-12-04T17:15:00Z,oos,2521,0,Tier A,tier_a_primary,Tier_A_full_context,c08_exclude_weak_session_bucket,early_cash_30_60,-0.12775735294117646,0
2025.12.04 17:20:00,2025-12-04T17:20:00Z,oos,2522,0,Tier A,tier_a_primary,Tier_A_full_context,c08_exclude_weak_session_bucket,early_cash_30_60,-0.12775735294117646,0
2025.12.04 17:25:00,2025-12-04T17:25:00Z,oos,2523,0,Tier A,tier_a_primary,Tier_A_full_context,c08_exclude_weak_session_bucket,early_cash_30_60,-0.12775735294117646,0
2025.12.04 17:30:00,2025-12-04T17:30:00Z,oos,2524,0,Tier A,tier_a_primary,Tier_A_full_context,c08_exclude_weak_session_bucket,early_cash_30_60,-0.12775735294117646,0
2025.12.04 17:35:00,2025-12-04T17:35:00Z,oos,2525,0,Tier A,tier_a_primary,Tier_A_full_context,c08_exclude_weak_session_bucket,morning_60_120,-0.1698966408268734,0
2025.12.04 17:40:00,2025-12-04T17:40:00Z,oos,2526,0,Tier A,tier_a_primary,Tier_A_full_context,c08_exclude_weak_session_bucket,morning_60_120,-0.1698966408268734,0
2025.12.04 17:45:00,2025-12-04T17:45:00Z,oos,2527,0,Tier A,tier_a_primary,Tier_A_full_context,c08_exclude_weak_session_bucket,morning_60_120,-0.1698966408268734,0
2025.12.04 17:50:00,2025-12-04T17:50:00Z,oos,2528,0,Tier A,tier_a_primary,Tier_A_full_context,c08_exclude_weak_session_bucket,morning_60_120,-0.1698966408268734,0
2025.12.04 17:55:00,2025-12-04T17:55:00Z,oos,2529,0,Tier A,tier_a_primary,Tier_A_full_context,c08_exclude_weak_session_bucket,morning_60_120,-0.1698966408268734,0
2025.12.04 18:00:00,2025-12-04T18:00:00Z,oos,2530,0,Tier A,tier_a_primary,Tier_A_full_context,c08_exclude_weak_session_bucket,morning_60_120,-0.1698966408268734,0
2025.12.04 18:10:00,2025-12-04T18:10:00Z,oos,2531,0,Tier A,tier_a_primary,Tier_A_full_context,c08_exclude_weak_session_bucket,morning_60_120,-0.1698966408268734,0
2025.12.04 18:15:00,2025-12-04T18:15:00Z,oos,2532,0,Tier A,tier_a_primary,Tier_A_full_context,c08_exclude_weak_session_bucket,morning_60_120,-0.1698966408268734,0
2025.12.04 18:20:00,2025-12-04T18:20:00Z,oos,2533,1,Tier A,tier_a_primary,Tier_A_full_context,c08_exclude_weak_session_bucket,morning_60_120,-0.1698966408268734,1
2025.12.04 18:25:00,2025-12-04T18:25:00Z,oos,2534,1,Tier A,tier_a_primary,Tier_A_full_context,c08_exclude_weak_session_bucket,morning_60_120,-0.1698966408268734,1
2025.12.04 18:30:00,2025-12-04T18:30:00Z,oos,2535,0,Tier A,tier_a_primary,Tier_A_full_context,c08_exclude_weak_session_bucket,morning_60_120,-0.1698966408268734,0
2025.12.04 18:35:00,2025-12-04T18:35:00Z,oos,2536,0,Tier A,tier_a_primary,Tier_A_full_context,c08_exclude_weak_session_bucket,midday_lull_120_240,-0.1762380357885976,0
2025.12.04 18:40:00,2025-12-04T18:40:00Z,oos,2537,0,Tier A,tier_a_primary,Tier_A_full_context,c08_exclude_weak_session_bucket,midday_lull_120_240,-0.1762380357885976,0
2025.12.04 18:45:00,2025-12-04T18:45:00Z,oos,2538,0,Tier A,tier_a_primary,Tier_A_full_context,c08_exclude_weak_session_bucket,midday_lull_120_240,-0.1762380357885976,0
2025.12.04 18:50:00,2025-12-04T18:50:00Z,oos,2539,0,Tier A,tier_a_primary,Tier_A_full_context,c08_exclude_weak_session_bucket,midday_lull_120_240,-0.1762380357885976,0
2025.12.04 18:55:00,2025-12-04T18:55:00Z,oos,2540,0,Tier A,tier_a_primary,Tier_A_full_context,c08_exclude_weak_session_bucket,midday_lull_120_240,-0.1762380357885976,0
2025.12.04 19:00:00,2025-12-04T19:00:00Z,oos,2541,0,Tier A,tier_a_primary,Tier_A_full_context,c08_exclude_weak_session_bucket,midday_lull_120_240,-0.1762380357885976,0
2025.12.04 19:05:00,2025-12-04T19:05:00Z,oos,2542,0,Tier A,tier_a_primary,Tier_A_full_context,c08_exclude_weak_session_bucket,midday_lull_120_240,-0.1762380357885976,0
2025.12.04 19:10:00,2025-12-04T19:10:00Z,oos,2543,0,Tier A,tier_a_primary,Tier_A_full_context,c08_exclude_weak_session_bucket,midday_lull_120_240,-0.1762380357885976,0
2025.12.04 19:15:00,2025-12-04T19:15:00Z,oos,2544,0,Tier A,tier_a_primary,Tier_A_full_context,c08_exclude_weak_session_bucket,midday_lull_120_240,-0.1762380357885976,0
2025.12.04 19:25:00,2025-12-04T19:25:00Z,oos,2545,0,Tier A,tier_a_primary,Tier_A_full_context,c08_exclude_weak_session_bucket,midday_lull_120_240,-0.1762380357885976,0
2025.12.04 19:30:00,2025-12-04T19:30:00Z,oos,2546,0,Tier A,tier_a_primary,Tier_A_full_context,c08_exclude_weak_session_bucket,midday_lull_120_240,-0.1762380357885976,0
2025.12.04 19:35:00,2025-12-04T19:35:00Z,oos,2547,0,Tier A,tier_a_primary,Tier_A_full_context,c08_exclude_weak_session_bucket,midday_lull_120_240,-0.1762380357885976,0
2025.12.04 19:40:00,2025-12-04T19:40:00Z,oos,2548,0,Tier A,tier_a_primary,Tier_A_full_context,c08_exclude_weak_session_bucket,midday_lull_120_240,-0.1762380357885976,0
2025.12.04 19:45:00,2025-12-04T19:45:00Z,oos,2549,0,Tier A,tier_a_primary,Tier_A_full_context,c08_exclude_weak_session_bucket,midday_lull_120_240,-0.1762380357885976,0
2025.12.04 19:50:00,2025-12-04T19:50:00Z,oos,2550,0,Tier A,tier_a_primary,Tier_A_full_context,c08_exclude_weak_session_bucket,midday_lull_120_240,-0.1762380357885976,0
2025.12.04 20:00:00,2025-12-04T20:00:00Z,oos,2551,0,Tier A,tier_a_primary,Tier_A_full_context,c08_exclude_weak_session_bucket,midday_lull_120_240,-0.1762380357885976,0
2025.12.04 20:05:00,2025-12-04T20:05:00Z,oos,2552,0,Tier A,tier_a_primary,Tier_A_full_context,c08_exclude_weak_session_bucket,midday_lull_120_240,-0.1762380357885976,0
2025.12.04 20:10:00,2025-12-04T20:10:00Z,oos,2553,0,Tier A,tier_a_primary,Tier_A_full_context,c08_exclude_weak_session_bucket,midday_lull_120_240,-0.1762380357885976,0
2025.12.04 20:20:00,2025-12-04T20:20:00Z,oos,2554,0,Tier A,tier_a_primary,Tier_A_full_context,c08_exclude_weak_session_bucket,midday_lull_120_240,-0.1762380357885976,0
2025.12.04 20:25:00,2025-12-04T20:25:00Z,oos,2555,0,Tier A,tier_a_primary,Tier_A_full_context,c08_exclude_weak_session_bucket,midday_lull_120_240,-0.1762380357885976,0
2025.12.04 20:30:00,2025-12-04T20:30:00Z,oos,2556,0,Tier A,tier_a_primary,Tier_A_full_context,c08_exclude_weak_session_bucket,midday_lull_120_240,-0.1762380357885976,0
2025.12.04 20:35:00,2025-12-04T20:35:00Z,oos,2557,0,Tier A,tier_a_primary,Tier_A_full_context,c08_exclude_weak_session_bucket,late_cash_240_330,-0.17209668943772988,0
2025.12.04 20:40:00,2025-12-04T20:40:00Z,oos,2558,0,Tier A,tier_a_primary,Tier_A_full_context,c08_exclude_weak_session_bucket,late_cash_240_330,-0.17209668943772988,0
2025.12.04 20:45:00,2025-12-04T20:45:00Z,oos,2559,0,Tier A,tier_a_primary,Tier_A_full_context,c08_exclude_weak_session_bucket,late_cash_240_330,-0.17209668943772988,0
2025.12.04 20:50:00,2025-12-04T20:50:00Z,oos,2560,0,Tier A,tier_a_primary,Tier_A_full_context,c08_exclude_weak_session_bucket,late_cash_240_330,-0.17209668943772988,0
2025.12.04 20:55:00,2025-12-04T20:55:00Z,oos,2561,0,Tier A,tier_a_primary,Tier_A_full_context,c08_exclude_weak_session_bucket,late_cash_240_330,-0.17209668943772988,0
2025.12.04 21:00:00,2025-12-04T21:00:00Z,oos,2562,0,Tier A,tier_a_primary,Tier_A_full_context,c08_exclude_weak_session_bucket,late_cash_240_330,-0.17209668943772988,0
2025.12.04 21:05:00,2025-12-04T21:05:00Z,oos,2563,0,Tier A,tier_a_primary,Tier_A_full_context,c08_exclude_weak_session_bucket,late_cash_240_330,-0.17209668943772988,0
2025.12.04 21:10:00,2025-12-04T21:10:00Z,oos,2564,0,Tier A,tier_a_primary,Tier_A_full_context,c08_exclude_weak_session_bucket,late_cash_240_330,-0.17209668943772988,0
2025.12.04 21:15:00,2025-12-04T21:15:00Z,oos,2565,0,Tier A,tier_a_primary,Tier_A_full_context,c08_exclude_weak_session_bucket,late_cash_240_330,-0.17209668943772988,0
2025.12.04 21:20:00,2025-12-04T21:20:00Z,oos,2566,0,Tier A,tier_a_primary,Tier_A_full_context,c08_exclude_weak_session_bucket,late_cash_240_330,-0.17209668943772988,0
2025.12.04 21:25:00,2025-12-04T21:25:00Z,oos,2567,0,Tier A,tier_a_primary,Tier_A_full_context,c08_exclude_weak_session_bucket,late_cash_240_330,-0.17209668943772988,0
2025.12.04 21:30:00,2025-12-04T21:30:00Z,oos,2568,0,Tier A,tier_a_primary,Tier_A_full_context,c08_exclude_weak_session_bucket,late_cash_240_330,-0.17209668943772988,0
2025.12.04 21:40:00,2025-12-04T21:40:00Z,oos,2569,0,Tier A,tier_a_primary,Tier_A_full_context,c08_exclude_weak_session_bucket,late_cash_240_330,-0.17209668943772988,0
2025.12.04 21:45:00,2025-12-04T21:45:00Z,oos,2570,0,Tier A,tier_a_primary,Tier_A_full_context,c08_exclude_weak_session_bucket,late_cash_240_330,-0.17209668943772988,0
2025.12.04 21:50:00,2025-12-04T21:50:00Z,oos,2571,0,Tier A,tier_a_primary,Tier_A_full_context,c08_exclude_weak_session_bucket,late_cash_240_330,-0.17209668943772988,0
2025.12.04 22:00:00,2025-12-04T22:00:00Z,oos,2572,0,Tier A,tier_a_primary,Tier_A_full_context,c08_exclude_weak_session_bucket,late_cash_240_330,-0.17209668943772988,0
2025.12.05 16:35:00,2025-12-05T16:35:00Z,oos,2573,1,Tier A,tier_a_primary,Tier_A_full_context,c08_exclude_weak_session_bucket,cash_open_0_30,-0.09635811836115327,1
2025.12.05 16:40:00,2025-12-05T16:40:00Z,oos,2574,-1,Tier A,tier_a_primary,Tier_A_full_context,c08_exclude_weak_session_bucket,cash_open_0_30,-0.09635811836115327,-1
2025.12.05 16:45:00,2025-12-05T16:45:00Z,oos,2575,-1,Tier A,tier_a_primary,Tier_A_full_context,c08_exclude_weak_session_bucket,cash_open_0_30,-0.09635811836115327,-1
2025.12.05 16:50:00,2025-12-05T16:50:00Z,oos,2576,1,Tier A,tier_a_primary,Tier_A_full_context,c08_exclude_weak_session_bucket,cash_open_0_30,-0.09635811836115327,1
2025.12.05 16:55:00,2025-12-05T16:55:00Z,oos,2577,1,Tier A,tier_a_primary,Tier_A_full_context,c08_exclude_weak_session_bucket,cash_open_0_30,-0.09635811836115327,1
2025.12.05 17:00:00,2025-12-05T17:00:00Z,oos,2578,0,Tier A,tier_a_primary,Tier_A_full_context,c08_exclude_weak_session_bucket,cash_open_0_30,-0.09635811836115327,0
2025.12.05 17:05:00,2025-12-05T17:05:00Z,oos,2579,0,Tier A,tier_a_primary,Tier_A_full_context,c08_exclude_weak_session_bucket,early_cash_30_60,-0.12775735294117646,0
2025.12.05 17:10:00,2025-12-05T17:10:00Z,oos,2580,0,Tier A,tier_a_primary,Tier_A_full_context,c08_exclude_weak_session_bucket,early_cash_30_60,-0.12775735294117646,0
2025.12.05 17:15:00,2025-12-05T17:15:00Z,oos,2581,0,Tier A,tier_a_primary,Tier_A_full_context,c08_exclude_weak_session_bucket,early_cash_30_60,-0.12775735294117646,0
2025.12.05 17:20:00,2025-12-05T17:20:00Z,oos,2582,-1,Tier A,tier_a_primary,Tier_A_full_context,c08_exclude_weak_session_bucket,early_cash_30_60,-0.12775735294117646,-1
2025.12.05 17:25:00,2025-12-05T17:25:00Z,oos,2583,0,Tier A,tier_a_primary,Tier_A_full_context,c08_exclude_weak_session_bucket,early_cash_30_60,-0.12775735294117646,0
2025.12.05 17:30:00,2025-12-05T17:30:00Z,oos,2584,-1,Tier A,tier_a_primary,Tier_A_full_context,c08_exclude_weak_session_bucket,early_cash_30_60,-0.12775735294117646,-1
2025.12.05 17:35:00,2025-12-05T17:35:00Z,oos,2585,0,Tier A,tier_a_primary,Tier_A_full_context,c08_exclude_weak_session_bucket,morning_60_120,-0.1698966408268734,0
2025.12.05 17:40:00,2025-12-05T17:40:00Z,oos,2586,-1,Tier A,tier_a_primary,Tier_A_full_context,c08_exclude_weak_session_bucket,morning_60_120,-0.1698966408268734,-1
2025.12.05 17:45:00,2025-12-05T17:45:00Z,oos,2587,-1,Tier A,tier_a_primary,Tier_A_full_context,c08_exclude_weak_session_bucket,morning_60_120,-0.1698966408268734,-1
2025.12.05 17:50:00,2025-12-05T17:50:00Z,oos,2588,0,Tier A,tier_a_primary,Tier_A_full_context,c08_exclude_weak_session_bucket,morning_60_120,-0.1698966408268734,0
2025.12.05 17:55:00,2025-12-05T17:55:00Z,oos,2589,-1,Tier A,tier_a_primary,Tier_A_full_context,c08_exclude_weak_session_bucket,morning_60_120,-0.1698966408268734,-1
2025.12.05 18:00:00,2025-12-05T18:00:00Z,oos,2590,-1,Tier A,tier_a_primary,Tier_A_full_context,c08_exclude_weak_session_bucket,morning_60_120,-0.1698966408268734,-1
2025.12.05 18:05:00,2025-12-05T18:05:00Z,oos,2591,0,Tier A,tier_a_primary,Tier_A_full_context,c08_exclude_weak_session_bucket,morning_60_120,-0.1698966408268734,0
2025.12.05 18:10:00,2025-12-05T18:10:00Z,oos,2592,0,Tier A,tier_a_primary,Tier_A_full_context,c08_exclude_weak_session_bucket,morning_60_120,-0.1698966408268734,0
2025.12.05 18:15:00,2025-12-05T18:15:00Z,oos,2593,-1,Tier A,tier_a_primary,Tier_A_full_context,c08_exclude_weak_session_bucket,morning_60_120,-0.1698966408268734,-1
2025.12.05 18:20:00,2025-12-05T18:20:00Z,oos,2594,0,Tier A,tier_a_primary,Tier_A_full_context,c08_exclude_weak_session_bucket,morning_60_120,-0.1698966408268734,0
2025.12.05 18:25:00,2025-12-05T18:25:00Z,oos,2595,0,Tier A,tier_a_primary,Tier_A_full_context,c08_exclude_weak_session_bucket,morning_60_120,-0.1698966408268734,0
2025.12.05 18:30:00,2025-12-05T18:30:00Z,oos,2596,0,Tier A,tier_a_primary,Tier_A_full_context,c08_exclude_weak_session_bucket,morning_60_120,-0.1698966408268734,0
2025.12.05 18:35:00,2025-12-05T18:35:00Z,oos,2597,0,Tier A,tier_a_primary,Tier_A_full_context,c08_exclude_weak_session_bucket,midday_lull_120_240,-0.1762380357885976,0
2025.12.05 18:40:00,2025-12-05T18:40:00Z,oos,2598,0,Tier A,tier_a_primary,Tier_A_full_context,c08_exclude_weak_session_bucket,midday_lull_120_240,-0.1762380357885976,0
2025.12.05 18:45:00,2025-12-05T18:45:00Z,oos,2599,0,Tier A,tier_a_primary,Tier_A_full_context,c08_exclude_weak_session_bucket,midday_lull_120_240,-0.1762380357885976,0
2025.12.05 18:50:00,2025-12-05T18:50:00Z,oos,2600,0,Tier A,tier_a_primary,Tier_A_full_context,c08_exclude_weak_session_bucket,midday_lull_120_240,-0.1762380357885976,0
2025.12.05 18:55:00,2025-12-05T18:55:00Z,oos,2601,0,Tier A,tier_a_primary,Tier_A_full_context,c08_exclude_weak_session_bucket,midday_lull_120_240,-0.1762380357885976,0
2025.12.05 19:00:00,2025-12-05T19:00:00Z,oos,2602,0,Tier A,tier_a_primary,Tier_A_full_context,c08_exclude_weak_session_bucket,midday_lull_120_240,-0.1762380357885976,0
2025.12.05 19:05:00,2025-12-05T19:05:00Z,oos,2603,0,Tier A,tier_a_primary,Tier_A_full_context,c08_exclude_weak_session_bucket,midday_lull_120_240,-0.1762380357885976,0
2025.12.05 19:10:00,2025-12-05T19:10:00Z,oos,2604,0,Tier A,tier_a_primary,Tier_A_full_context,c08_exclude_weak_session_bucket,midday_lull_120_240,-0.1762380357885976,0
2025.12.05 19:15:00,2025-12-05T19:15:00Z,oos,2605,0,Tier A,tier_a_primary,Tier_A_full_context,c08_exclude_weak_session_bucket,midday_lull_120_240,-0.1762380357885976,0
2025.12.05 19:20:00,2025-12-05T19:20:00Z,oos,2606,0,Tier A,tier_a_primary,Tier_A_full_context,c08_exclude_weak_session_bucket,midday_lull_120_240,-0.1762380357885976,0
2025.12.05 19:25:00,2025-12-05T19:25:00Z,oos,2607,0,Tier A,tier_a_primary,Tier_A_full_context,c08_exclude_weak_session_bucket,midday_lull_120_240,-0.1762380357885976,0
2025.12.05 19:30:00,2025-12-05T19:30:00Z,oos,2608,0,Tier A,tier_a_primary,Tier_A_full_context,c08_exclude_weak_session_bucket,midday_lull_120_240,-0.1762380357885976,0
2025.12.05 19:35:00,2025-12-05T19:35:00Z,oos,2609,0,Tier A,tier_a_primary,Tier_A_full_context,c08_exclude_weak_session_bucket,midday_lull_120_240,-0.1762380357885976,0
2025.12.05 19:40:00,2025-12-05T19:40:00Z,oos,2610,0,Tier A,tier_a_primary,Tier_A_full_context,c08_exclude_weak_session_bucket,midday_lull_120_240,-0.1762380357885976,0
2025.12.05 19:45:00,2025-12-05T19:45:00Z,oos,2611,0,Tier A,tier_a_primary,Tier_A_full_context,c08_exclude_weak_session_bucket,midday_lull_120_240,-0.1762380357885976,0
2025.12.05 19:50:00,2025-12-05T19:50:00Z,oos,2612,0,Tier A,tier_a_primary,Tier_A_full_context,c08_exclude_weak_session_bucket,midday_lull_120_240,-0.1762380357885976,0
2025.12.05 19:55:00,2025-12-05T19:55:00Z,oos,2613,0,Tier A,tier_a_primary,Tier_A_full_context,c08_exclude_weak_session_bucket,midday_lull_120_240,-0.1762380357885976,0
2025.12.05 20:00:00,2025-12-05T20:00:00Z,oos,2614,0,Tier A,tier_a_primary,Tier_A_full_context,c08_exclude_weak_session_bucket,midday_lull_120_240,-0.1762380357885976,0
2025.12.05 20:05:00,2025-12-05T20:05:00Z,oos,2615,0,Tier A,tier_a_primary,Tier_A_full_context,c08_exclude_weak_session_bucket,midday_lull_120_240,-0.1762380357885976,0
2025.12.05 20:10:00,2025-12-05T20:10:00Z,oos,2616,0,Tier A,tier_a_primary,Tier_A_full_context,c08_exclude_weak_session_bucket,midday_lull_120_240,-0.1762380357885976,0
2025.12.05 20:15:00,2025-12-05T20:15:00Z,oos,2617,0,Tier A,tier_a_primary,Tier_A_full_context,c08_exclude_weak_session_bucket,midday_lull_120_240,-0.1762380357885976,0
2025.12.05 20:20:00,2025-12-05T20:20:00Z,oos,2618,0,Tier A,tier_a_primary,Tier_A_full_context,c08_exclude_weak_session_bucket,midday_lull_120_240,-0.1762380357885976,0
2025.12.05 20:25:00,2025-12-05T20:25:00Z,oos,2619,0,Tier A,tier_a_primary,Tier_A_full_context,c08_exclude_weak_session_bucket,midday_lull_120_240,-0.1762380357885976,0
2025.12.05 20:35:00,2025-12-05T20:35:00Z,oos,2620,0,Tier A,tier_a_primary,Tier_A_full_context,c08_exclude_weak_session_bucket,late_cash_240_330,-0.17209668943772988,0
2025.12.05 20:40:00,2025-12-05T20:40:00Z,oos,2621,0,Tier A,tier_a_primary,Tier_A_full_context,c08_exclude_weak_session_bucket,late_cash_240_330,-0.17209668943772988,0
2025.12.05 20:45:00,2025-12-05T20:45:00Z,oos,2622,0,Tier A,tier_a_primary,Tier_A_full_context,c08_exclude_weak_session_bucket,late_cash_240_330,-0.17209668943772988,0
2025.12.05 20:50:00,2025-12-05T20:50:00Z,oos,2623,0,Tier A,tier_a_primary,Tier_A_full_context,c08_exclude_weak_session_bucket,late_cash_240_330,-0.17209668943772988,0
2025.12.05 20:55:00,2025-12-05T20:55:00Z,oos,2624,0,Tier A,tier_a_primary,Tier_A_full_context,c08_exclude_weak_session_bucket,late_cash_240_330,-0.17209668943772988,0
2025.12.05 21:00:00,2025-12-05T21:00:00Z,oos,2625,0,Tier A,tier_a_primary,Tier_A_full_context,c08_exclude_weak_session_bucket,late_cash_240_330,-0.17209668943772988,0
2025.12.05 21:05:00,2025-12-05T21:05:00Z,oos,2626,0,Tier A,tier_a_primary,Tier_A_full_context,c08_exclude_weak_session_bucket,late_cash_240_330,-0.17209668943772988,0
2025.12.05 21:15:00,2025-12-05T21:15:00Z,oos,2627,0,Tier A,tier_a_primary,Tier_A_full_context,c08_exclude_weak_session_bucket,late_cash_240_330,-0.17209668943772988,0
2025.12.05 21:20:00,2025-12-05T21:20:00Z,oos,2628,0,Tier A,tier_a_primary,Tier_A_full_context,c08_exclude_weak_session_bucket,late_cash_240_330,-0.17209668943772988,0
2025.12.05 21:25:00,2025-12-05T21:25:00Z,oos,2629,0,Tier A,tier_a_primary,Tier_A_full_context,c08_exclude_weak_session_bucket,late_cash_240_330,-0.17209668943772988,0
2025.12.05 21:35:00,2025-12-05T21:35:00Z,oos,2630,0,Tier A,tier_a_primary,Tier_A_full_context,c08_exclude_weak_session_bucket,late_cash_240_330,-0.17209668943772988,0
2025.12.05 21:40:00,2025-12-05T21:40:00Z,oos,2631,0,Tier A,tier_a_primary,Tier_A_full_context,c08_exclude_weak_session_bucket,late_cash_240_330,-0.17209668943772988,0
2025.12.05 21:45:00,2025-12-05T21:45:00Z,oos,2632,0,Tier A,tier_a_primary,Tier_A_full_context,c08_exclude_weak_session_bucket,late_cash_240_330,-0.17209668943772988,0
2025.12.05 21:50:00,2025-12-05T21:50:00Z,oos,2633,0,Tier A,tier_a_primary,Tier_A_full_context,c08_exclude_weak_session_bucket,late_cash_240_330,-0.17209668943772988,0
2025.12.05 21:55:00,2025-12-05T21:55:00Z,oos,2634,0,Tier A,tier_a_primary,Tier_A_full_context,c08_exclude_weak_session_bucket,late_cash_240_330,-0.17209668943772988,0
2025.12.05 22:00:00,2025-12-05T22:00:00Z,oos,2635,0,Tier A,tier_a_primary,Tier_A_full_context,c08_exclude_weak_session_bucket,late_cash_240_330,-0.17209668943772988,0
2025.12.08 16:35:00,2025-12-08T16:35:00Z,oos,2636,1,Tier A,tier_a_primary,Tier_A_full_context,c08_exclude_weak_session_bucket,cash_open_0_30,-0.09635811836115327,1
2025.12.08 16:40:00,2025-12-08T16:40:00Z,oos,2637,-1,Tier A,tier_a_primary,Tier_A_full_context,c08_exclude_weak_session_bucket,cash_open_0_30,-0.09635811836115327,-1
2025.12.08 16:45:00,2025-12-08T16:45:00Z,oos,2638,0,Tier A,tier_a_primary,Tier_A_full_context,c08_exclude_weak_session_bucket,cash_open_0_30,-0.09635811836115327,0
2025.12.08 16:50:00,2025-12-08T16:50:00Z,oos,2639,0,Tier A,tier_a_primary,Tier_A_full_context,c08_exclude_weak_session_bucket,cash_open_0_30,-0.09635811836115327,0
2025.12.08 16:55:00,2025-12-08T16:55:00Z,oos,2640,0,Tier A,tier_a_primary,Tier_A_full_context,c08_exclude_weak_session_bucket,cash_open_0_30,-0.09635811836115327,0
2025.12.08 17:00:00,2025-12-08T17:00:00Z,oos,2641,-1,Tier A,tier_a_primary,Tier_A_full_context,c08_exclude_weak_session_bucket,cash_open_0_30,-0.09635811836115327,-1
2025.12.08 17:05:00,2025-12-08T17:05:00Z,oos,2642,1,Tier A,tier_a_primary,Tier_A_full_context,c08_exclude_weak_session_bucket,early_cash_30_60,-0.12775735294117646,1
2025.12.08 17:10:00,2025-12-08T17:10:00Z,oos,2643,0,Tier A,tier_a_primary,Tier_A_full_context,c08_exclude_weak_session_bucket,early_cash_30_60,-0.12775735294117646,0
2025.12.08 17:15:00,2025-12-08T17:15:00Z,oos,2644,0,Tier A,tier_a_primary,Tier_A_full_context,c08_exclude_weak_session_bucket,early_cash_30_60,-0.12775735294117646,0
2025.12.08 17:20:00,2025-12-08T17:20:00Z,oos,2645,0,Tier A,tier_a_primary,Tier_A_full_context,c08_exclude_weak_session_bucket,early_cash_30_60,-0.12775735294117646,0
2025.12.08 17:25:00,2025-12-08T17:25:00Z,oos,2646,-1,Tier A,tier_a_primary,Tier_A_full_context,c08_exclude_weak_session_bucket,early_cash_30_60,-0.12775735294117646,-1
2025.12.08 17:30:00,2025-12-08T17:30:00Z,oos,2647,0,Tier A,tier_a_primary,Tier_A_full_context,c08_exclude_weak_session_bucket,early_cash_30_60,-0.12775735294117646,0
2025.12.08 17:35:00,2025-12-08T17:35:00Z,oos,2648,1,Tier A,tier_a_primary,Tier_A_full_context,c08_exclude_weak_session_bucket,morning_60_120,-0.1698966408268734,1
2025.12.08 17:40:00,2025-12-08T17:40:00Z,oos,2649,0,Tier A,tier_a_primary,Tier_A_full_context,c08_exclude_weak_session_bucket,morning_60_120,-0.1698966408268734,0
2025.12.08 17:45:00,2025-12-08T17:45:00Z,oos,2650,0,Tier A,tier_a_primary,Tier_A_full_context,c08_exclude_weak_session_bucket,morning_60_120,-0.1698966408268734,0
2025.12.08 17:50:00,2025-12-08T17:50:00Z,oos,2651,0,Tier A,tier_a_primary,Tier_A_full_context,c08_exclude_weak_session_bucket,morning_60_120,-0.1698966408268734,0
2025.12.08 17:55:00,2025-12-08T17:55:00Z,oos,2652,0,Tier A,tier_a_primary,Tier_A_full_context,c08_exclude_weak_session_bucket,morning_60_120,-0.1698966408268734,0
2025.12.08 18:00:00,2025-12-08T18:00:00Z,oos,2653,0,Tier A,tier_a_primary,Tier_A_full_context,c08_exclude_weak_session_bucket,morning_60_120,-0.1698966408268734,0
2025.12.08 18:05:00,2025-12-08T18:05:00Z,oos,2654,0,Tier A,tier_a_primary,Tier_A_full_context,c08_exclude_weak_session_bucket,morning_60_120,-0.1698966408268734,0
2025.12.08 18:10:00,2025-12-08T18:10:00Z,oos,2655,1,Tier A,tier_a_primary,Tier_A_full_context,c08_exclude_weak_session_bucket,morning_60_120,-0.1698966408268734,1
2025.12.08 18:15:00,2025-12-08T18:15:00Z,oos,2656,0,Tier A,tier_a_primary,Tier_A_full_context,c08_exclude_weak_session_bucket,morning_60_120,-0.1698966408268734,0
2025.12.08 18:20:00,2025-12-08T18:20:00Z,oos,2657,0,Tier A,tier_a_primary,Tier_A_full_context,c08_exclude_weak_session_bucket,morning_60_120,-0.1698966408268734,0
2025.12.08 18:25:00,2025-12-08T18:25:00Z,oos,2658,1,Tier A,tier_a_primary,Tier_A_full_context,c08_exclude_weak_session_bucket,morning_60_120,-0.1698966408268734,1
2025.12.08 18:30:00,2025-12-08T18:30:00Z,oos,2659,0,Tier A,tier_a_primary,Tier_A_full_context,c08_exclude_weak_session_bucket,morning_60_120,-0.1698966408268734,0
2025.12.08 18:35:00,2025-12-08T18:35:00Z,oos,2660,0,Tier A,tier_a_primary,Tier_A_full_context,c08_exclude_weak_session_bucket,midday_lull_120_240,-0.1762380357885976,0
2025.12.08 18:40:00,2025-12-08T18:40:00Z,oos,2661,0,Tier A,tier_a_primary,Tier_A_full_context,c08_exclude_weak_session_bucket,midday_lull_120_240,-0.1762380357885976,0
2025.12.08 18:45:00,2025-12-08T18:45:00Z,oos,2662,0,Tier A,tier_a_primary,Tier_A_full_context,c08_exclude_weak_session_bucket,midday_lull_120_240,-0.1762380357885976,0
2025.12.08 18:50:00,2025-12-08T18:50:00Z,oos,2663,0,Tier A,tier_a_primary,Tier_A_full_context,c08_exclude_weak_session_bucket,midday_lull_120_240,-0.1762380357885976,0
2025.12.08 18:55:00,2025-12-08T18:55:00Z,oos,2664,0,Tier A,tier_a_primary,Tier_A_full_context,c08_exclude_weak_session_bucket,midday_lull_120_240,-0.1762380357885976,0
2025.12.08 19:00:00,2025-12-08T19:00:00Z,oos,2665,0,Tier A,tier_a_primary,Tier_A_full_context,c08_exclude_weak_session_bucket,midday_lull_120_240,-0.1762380357885976,0
2025.12.08 19:05:00,2025-12-08T19:05:00Z,oos,2666,0,Tier A,tier_a_primary,Tier_A_full_context,c08_exclude_weak_session_bucket,midday_lull_120_240,-0.1762380357885976,0
2025.12.08 19:20:00,2025-12-08T19:20:00Z,oos,2667,0,Tier A,tier_a_primary,Tier_A_full_context,c08_exclude_weak_session_bucket,midday_lull_120_240,-0.1762380357885976,0
2025.12.08 19:25:00,2025-12-08T19:25:00Z,oos,2668,0,Tier A,tier_a_primary,Tier_A_full_context,c08_exclude_weak_session_bucket,midday_lull_120_240,-0.1762380357885976,0
2025.12.08 19:30:00,2025-12-08T19:30:00Z,oos,2669,0,Tier A,tier_a_primary,Tier_A_full_context,c08_exclude_weak_session_bucket,midday_lull_120_240,-0.1762380357885976,0
2025.12.08 19:35:00,2025-12-08T19:35:00Z,oos,2670,0,Tier A,tier_a_primary,Tier_A_full_context,c08_exclude_weak_session_bucket,midday_lull_120_240,-0.1762380357885976,0
2025.12.08 19:40:00,2025-12-08T19:40:00Z,oos,2671,0,Tier A,tier_a_primary,Tier_A_full_context,c08_exclude_weak_session_bucket,midday_lull_120_240,-0.1762380357885976,0
2025.12.08 19:50:00,2025-12-08T19:50:00Z,oos,2672,0,Tier A,tier_a_primary,Tier_A_full_context,c08_exclude_weak_session_bucket,midday_lull_120_240,-0.1762380357885976,0
2025.12.08 19:55:00,2025-12-08T19:55:00Z,oos,2673,0,Tier A,tier_a_primary,Tier_A_full_context,c08_exclude_weak_session_bucket,midday_lull_120_240,-0.1762380357885976,0
2025.12.08 20:00:00,2025-12-08T20:00:00Z,oos,2674,0,Tier A,tier_a_primary,Tier_A_full_context,c08_exclude_weak_session_bucket,midday_lull_120_240,-0.1762380357885976,0
2025.12.08 20:05:00,2025-12-08T20:05:00Z,oos,2675,0,Tier A,tier_a_primary,Tier_A_full_context,c08_exclude_weak_session_bucket,midday_lull_120_240,-0.1762380357885976,0
2025.12.08 20:10:00,2025-12-08T20:10:00Z,oos,2676,0,Tier A,tier_a_primary,Tier_A_full_context,c08_exclude_weak_session_bucket,midday_lull_120_240,-0.1762380357885976,0
2025.12.08 20:15:00,2025-12-08T20:15:00Z,oos,2677,0,Tier A,tier_a_primary,Tier_A_full_context,c08_exclude_weak_session_bucket,midday_lull_120_240,-0.1762380357885976,0
2025.12.08 20:20:00,2025-12-08T20:20:00Z,oos,2678,0,Tier A,tier_a_primary,Tier_A_full_context,c08_exclude_weak_session_bucket,midday_lull_120_240,-0.1762380357885976,0
2025.12.08 20:25:00,2025-12-08T20:25:00Z,oos,2679,0,Tier A,tier_a_primary,Tier_A_full_context,c08_exclude_weak_session_bucket,midday_lull_120_240,-0.1762380357885976,0
2025.12.08 20:35:00,2025-12-08T20:35:00Z,oos,2680,-1,Tier A,tier_a_primary,Tier_A_full_context,c08_exclude_weak_session_bucket,late_cash_240_330,-0.17209668943772988,-1
2025.12.08 20:40:00,2025-12-08T20:40:00Z,oos,2681,1,Tier A,tier_a_primary,Tier_A_full_context,c08_exclude_weak_session_bucket,late_cash_240_330,-0.17209668943772988,1
2025.12.08 20:45:00,2025-12-08T20:45:00Z,oos,2682,0,Tier A,tier_a_primary,Tier_A_full_context,c08_exclude_weak_session_bucket,late_cash_240_330,-0.17209668943772988,0
2025.12.08 20:50:00,2025-12-08T20:50:00Z,oos,2683,0,Tier A,tier_a_primary,Tier_A_full_context,c08_exclude_weak_session_bucket,late_cash_240_330,-0.17209668943772988,0
2025.12.08 20:55:00,2025-12-08T20:55:00Z,oos,2684,0,Tier A,tier_a_primary,Tier_A_full_context,c08_exclude_weak_session_bucket,late_cash_240_330,-0.17209668943772988,0
2025.12.08 21:00:00,2025-12-08T21:00:00Z,oos,2685,-1,Tier A,tier_a_primary,Tier_A_full_context,c08_exclude_weak_session_bucket,late_cash_240_330,-0.17209668943772988,-1
2025.12.08 21:05:00,2025-12-08T21:05:00Z,oos,2686,0,Tier A,tier_a_primary,Tier_A_full_context,c08_exclude_weak_session_bucket,late_cash_240_330,-0.17209668943772988,0
2025.12.08 21:10:00,2025-12-08T21:10:00Z,oos,2687,0,Tier A,tier_a_primary,Tier_A_full_context,c08_exclude_weak_session_bucket,late_cash_240_330,-0.17209668943772988,0
2025.12.08 21:20:00,2025-12-08T21:20:00Z,oos,2688,1,Tier A,tier_a_primary,Tier_A_full_context,c08_exclude_weak_session_bucket,late_cash_240_330,-0.17209668943772988,1
2025.12.08 21:25:00,2025-12-08T21:25:00Z,oos,2689,0,Tier A,tier_a_primary,Tier_A_full_context,c08_exclude_weak_session_bucket,late_cash_240_330,-0.17209668943772988,0
2025.12.08 21:30:00,2025-12-08T21:30:00Z,oos,2690,0,Tier A,tier_a_primary,Tier_A_full_context,c08_exclude_weak_session_bucket,late_cash_240_330,-0.17209668943772988,0
2025.12.08 21:35:00,2025-12-08T21:35:00Z,oos,2691,0,Tier A,tier_a_primary,Tier_A_full_context,c08_exclude_weak_session_bucket,late_cash_240_330,-0.17209668943772988,0
2025.12.08 21:40:00,2025-12-08T21:40:00Z,oos,2692,0,Tier A,tier_a_primary,Tier_A_full_context,c08_exclude_weak_session_bucket,late_cash_240_330,-0.17209668943772988,0
2025.12.08 21:45:00,2025-12-08T21:45:00Z,oos,2693,0,Tier A,tier_a_primary,Tier_A_full_context,c08_exclude_weak_session_bucket,late_cash_240_330,-0.17209668943772988,0
2025.12.08 21:55:00,2025-12-08T21:55:00Z,oos,2694,0,Tier A,tier_a_primary,Tier_A_full_context,c08_exclude_weak_session_bucket,late_cash_240_330,-0.17209668943772988,0
2025.12.08 22:00:00,2025-12-08T22:00:00Z,oos,2695,-1,Tier A,tier_a_primary,Tier_A_full_context,c08_exclude_weak_session_bucket,late_cash_240_330,-0.17209668943772988,-1
2025.12.09 16:35:00,2025-12-09T16:35:00Z,oos,2696,-1,Tier A,tier_a_primary,Tier_A_full_context,c08_exclude_weak_session_bucket,cash_open_0_30,-0.09635811836115327,-1
2025.12.09 16:40:00,2025-12-09T16:40:00Z,oos,2697,1,Tier A,tier_a_primary,Tier_A_full_context,c08_exclude_weak_session_bucket,cash_open_0_30,-0.09635811836115327,1
2025.12.09 16:45:00,2025-12-09T16:45:00Z,oos,2698,-1,Tier A,tier_a_primary,Tier_A_full_context,c08_exclude_weak_session_bucket,cash_open_0_30,-0.09635811836115327,-1
2025.12.09 16:50:00,2025-12-09T16:50:00Z,oos,2699,0,Tier A,tier_a_primary,Tier_A_full_context,c08_exclude_weak_session_bucket,cash_open_0_30,-0.09635811836115327,0
2025.12.09 16:55:00,2025-12-09T16:55:00Z,oos,2700,0,Tier A,tier_a_primary,Tier_A_full_context,c08_exclude_weak_session_bucket,cash_open_0_30,-0.09635811836115327,0
2025.12.09 17:00:00,2025-12-09T17:00:00Z,oos,2701,1,Tier A,tier_a_primary,Tier_A_full_context,c08_exclude_weak_session_bucket,cash_open_0_30,-0.09635811836115327,1
2025.12.09 17:05:00,2025-12-09T17:05:00Z,oos,2702,0,Tier A,tier_a_primary,Tier_A_full_context,c08_exclude_weak_session_bucket,early_cash_30_60,-0.12775735294117646,0
2025.12.09 17:10:00,2025-12-09T17:10:00Z,oos,2703,0,Tier A,tier_a_primary,Tier_A_full_context,c08_exclude_weak_session_bucket,early_cash_30_60,-0.12775735294117646,0
2025.12.09 17:15:00,2025-12-09T17:15:00Z,oos,2704,0,Tier A,tier_a_primary,Tier_A_full_context,c08_exclude_weak_session_bucket,early_cash_30_60,-0.12775735294117646,0
2025.12.09 17:20:00,2025-12-09T17:20:00Z,oos,2705,0,Tier A,tier_a_primary,Tier_A_full_context,c08_exclude_weak_session_bucket,early_cash_30_60,-0.12775735294117646,0
2025.12.09 17:25:00,2025-12-09T17:25:00Z,oos,2706,0,Tier A,tier_a_primary,Tier_A_full_context,c08_exclude_weak_session_bucket,early_cash_30_60,-0.12775735294117646,0
2025.12.09 17:30:00,2025-12-09T17:30:00Z,oos,2707,0,Tier A,tier_a_primary,Tier_A_full_context,c08_exclude_weak_session_bucket,early_cash_30_60,-0.12775735294117646,0
2025.12.09 17:35:00,2025-12-09T17:35:00Z,oos,2708,0,Tier A,tier_a_primary,Tier_A_full_context,c08_exclude_weak_session_bucket,morning_60_120,-0.1698966408268734,0
2025.12.09 17:40:00,2025-12-09T17:40:00Z,oos,2709,0,Tier A,tier_a_primary,Tier_A_full_context,c08_exclude_weak_session_bucket,morning_60_120,-0.1698966408268734,0
2025.12.09 17:45:00,2025-12-09T17:45:00Z,oos,2710,1,Tier A,tier_a_primary,Tier_A_full_context,c08_exclude_weak_session_bucket,morning_60_120,-0.1698966408268734,1
2025.12.09 17:50:00,2025-12-09T17:50:00Z,oos,2711,-1,Tier A,tier_a_primary,Tier_A_full_context,c08_exclude_weak_session_bucket,morning_60_120,-0.1698966408268734,-1
2025.12.09 17:55:00,2025-12-09T17:55:00Z,oos,2712,0,Tier A,tier_a_primary,Tier_A_full_context,c08_exclude_weak_session_bucket,morning_60_120,-0.1698966408268734,0
2025.12.09 18:00:00,2025-12-09T18:00:00Z,oos,2713,0,Tier A,tier_a_primary,Tier_A_full_context,c08_exclude_weak_session_bucket,morning_60_120,-0.1698966408268734,0
2025.12.09 18:05:00,2025-12-09T18:05:00Z,oos,2714,0,Tier A,tier_a_primary,Tier_A_full_context,c08_exclude_weak_session_bucket,morning_60_120,-0.1698966408268734,0
2025.12.09 18:10:00,2025-12-09T18:10:00Z,oos,2715,0,Tier A,tier_a_primary,Tier_A_full_context,c08_exclude_weak_session_bucket,morning_60_120,-0.1698966408268734,0
2025.12.09 18:15:00,2025-12-09T18:15:00Z,oos,2716,0,Tier A,tier_a_primary,Tier_A_full_context,c08_exclude_weak_session_bucket,morning_60_120,-0.1698966408268734,0
2025.12.09 18:20:00,2025-12-09T18:20:00Z,oos,2717,0,Tier A,tier_a_primary,Tier_A_full_context,c08_exclude_weak_session_bucket,morning_60_120,-0.1698966408268734,0
2025.12.09 18:30:00,2025-12-09T18:30:00Z,oos,2718,-1,Tier A,tier_a_primary,Tier_A_full_context,c08_exclude_weak_session_bucket,morning_60_120,-0.1698966408268734,-1
2025.12.09 18:35:00,2025-12-09T18:35:00Z,oos,2719,0,Tier A,tier_a_primary,Tier_A_full_context,c08_exclude_weak_session_bucket,midday_lull_120_240,-0.1762380357885976,0
2025.12.09 18:40:00,2025-12-09T18:40:00Z,oos,2720,0,Tier A,tier_a_primary,Tier_A_full_context,c08_exclude_weak_session_bucket,midday_lull_120_240,-0.1762380357885976,0
2025.12.09 18:45:00,2025-12-09T18:45:00Z,oos,2721,0,Tier A,tier_a_primary,Tier_A_full_context,c08_exclude_weak_session_bucket,midday_lull_120_240,-0.1762380357885976,0
2025.12.09 18:50:00,2025-12-09T18:50:00Z,oos,2722,0,Tier A,tier_a_primary,Tier_A_full_context,c08_exclude_weak_session_bucket,midday_lull_120_240,-0.1762380357885976,0
2025.12.09 18:55:00,2025-12-09T18:55:00Z,oos,2723,0,Tier A,tier_a_primary,Tier_A_full_context,c08_exclude_weak_session_bucket,midday_lull_120_240,-0.1762380357885976,0
2025.12.09 19:00:00,2025-12-09T19:00:00Z,oos,2724,0,Tier A,tier_a_primary,Tier_A_full_context,c08_exclude_weak_session_bucket,midday_lull_120_240,-0.1762380357885976,0
2025.12.09 19:05:00,2025-12-09T19:05:00Z,oos,2725,0,Tier A,tier_a_primary,Tier_A_full_context,c08_exclude_weak_session_bucket,midday_lull_120_240,-0.1762380357885976,0
2025.12.09 19:10:00,2025-12-09T19:10:00Z,oos,2726,0,Tier A,tier_a_primary,Tier_A_full_context,c08_exclude_weak_session_bucket,midday_lull_120_240,-0.1762380357885976,0
2025.12.09 19:15:00,2025-12-09T19:15:00Z,oos,2727,0,Tier A,tier_a_primary,Tier_A_full_context,c08_exclude_weak_session_bucket,midday_lull_120_240,-0.1762380357885976,0
2025.12.09 19:20:00,2025-12-09T19:20:00Z,oos,2728,0,Tier A,tier_a_primary,Tier_A_full_context,c08_exclude_weak_session_bucket,midday_lull_120_240,-0.1762380357885976,0
2025.12.09 19:30:00,2025-12-09T19:30:00Z,oos,2729,0,Tier A,tier_a_primary,Tier_A_full_context,c08_exclude_weak_session_bucket,midday_lull_120_240,-0.1762380357885976,0
2025.12.09 19:35:00,2025-12-09T19:35:00Z,oos,2730,0,Tier A,tier_a_primary,Tier_A_full_context,c08_exclude_weak_session_bucket,midday_lull_120_240,-0.1762380357885976,0
2025.12.09 19:40:00,2025-12-09T19:40:00Z,oos,2731,0,Tier A,tier_a_primary,Tier_A_full_context,c08_exclude_weak_session_bucket,midday_lull_120_240,-0.1762380357885976,0
2025.12.09 19:50:00,2025-12-09T19:50:00Z,oos,2732,0,Tier A,tier_a_primary,Tier_A_full_context,c08_exclude_weak_session_bucket,midday_lull_120_240,-0.1762380357885976,0
2025.12.09 19:55:00,2025-12-09T19:55:00Z,oos,2733,0,Tier A,tier_a_primary,Tier_A_full_context,c08_exclude_weak_session_bucket,midday_lull_120_240,-0.1762380357885976,0
2025.12.09 20:05:00,2025-12-09T20:05:00Z,oos,2734,0,Tier A,tier_a_primary,Tier_A_full_context,c08_exclude_weak_session_bucket,midday_lull_120_240,-0.1762380357885976,0
2025.12.09 20:10:00,2025-12-09T20:10:00Z,oos,2735,0,Tier A,tier_a_primary,Tier_A_full_context,c08_exclude_weak_session_bucket,midday_lull_120_240,-0.1762380357885976,0
2025.12.09 20:15:00,2025-12-09T20:15:00Z,oos,2736,0,Tier A,tier_a_primary,Tier_A_full_context,c08_exclude_weak_session_bucket,midday_lull_120_240,-0.1762380357885976,0
2025.12.09 20:20:00,2025-12-09T20:20:00Z,oos,2737,0,Tier A,tier_a_primary,Tier_A_full_context,c08_exclude_weak_session_bucket,midday_lull_120_240,-0.1762380357885976,0
2025.12.09 20:35:00,2025-12-09T20:35:00Z,oos,2738,0,Tier A,tier_a_primary,Tier_A_full_context,c08_exclude_weak_session_bucket,late_cash_240_330,-0.17209668943772988,0
2025.12.09 20:40:00,2025-12-09T20:40:00Z,oos,2739,0,Tier A,tier_a_primary,Tier_A_full_context,c08_exclude_weak_session_bucket,late_cash_240_330,-0.17209668943772988,0
2025.12.09 20:45:00,2025-12-09T20:45:00Z,oos,2740,0,Tier A,tier_a_primary,Tier_A_full_context,c08_exclude_weak_session_bucket,late_cash_240_330,-0.17209668943772988,0
2025.12.09 20:55:00,2025-12-09T20:55:00Z,oos,2741,0,Tier A,tier_a_primary,Tier_A_full_context,c08_exclude_weak_session_bucket,late_cash_240_330,-0.17209668943772988,0
2025.12.09 21:00:00,2025-12-09T21:00:00Z,oos,2742,0,Tier A,tier_a_primary,Tier_A_full_context,c08_exclude_weak_session_bucket,late_cash_240_330,-0.17209668943772988,0
2025.12.09 21:10:00,2025-12-09T21:10:00Z,oos,2743,0,Tier A,tier_a_primary,Tier_A_full_context,c08_exclude_weak_session_bucket,late_cash_240_330,-0.17209668943772988,0
2025.12.09 21:15:00,2025-12-09T21:15:00Z,oos,2744,0,Tier A,tier_a_primary,Tier_A_full_context,c08_exclude_weak_session_bucket,late_cash_240_330,-0.17209668943772988,0
2025.12.09 21:25:00,2025-12-09T21:25:00Z,oos,2745,0,Tier A,tier_a_primary,Tier_A_full_context,c08_exclude_weak_session_bucket,late_cash_240_330,-0.17209668943772988,0
2025.12.09 21:30:00,2025-12-09T21:30:00Z,oos,2746,0,Tier A,tier_a_primary,Tier_A_full_context,c08_exclude_weak_session_bucket,late_cash_240_330,-0.17209668943772988,0
2025.12.09 21:35:00,2025-12-09T21:35:00Z,oos,2747,0,Tier A,tier_a_primary,Tier_A_full_context,c08_exclude_weak_session_bucket,late_cash_240_330,-0.17209668943772988,0
2025.12.09 21:40:00,2025-12-09T21:40:00Z,oos,2748,0,Tier A,tier_a_primary,Tier_A_full_context,c08_exclude_weak_session_bucket,late_cash_240_330,-0.17209668943772988,0
2025.12.09 21:45:00,2025-12-09T21:45:00Z,oos,2749,0,Tier A,tier_a_primary,Tier_A_full_context,c08_exclude_weak_session_bucket,late_cash_240_330,-0.17209668943772988,0
2025.12.09 21:50:00,2025-12-09T21:50:00Z,oos,2750,0,Tier A,tier_a_primary,Tier_A_full_context,c08_exclude_weak_session_bucket,late_cash_240_330,-0.17209668943772988,0
2025.12.09 21:55:00,2025-12-09T21:55:00Z,oos,2751,0,Tier A,tier_a_primary,Tier_A_full_context,c08_exclude_weak_session_bucket,late_cash_240_330,-0.17209668943772988,0
2025.12.09 22:00:00,2025-12-09T22:00:00Z,oos,2752,0,Tier A,tier_a_primary,Tier_A_full_context,c08_exclude_weak_session_bucket,late_cash_240_330,-0.17209668943772988,0
2025.12.10 16:35:00,2025-12-10T16:35:00Z,oos,2753,0,Tier A,tier_a_primary,Tier_A_full_context,c08_exclude_weak_session_bucket,cash_open_0_30,-0.09635811836115327,0
2025.12.10 16:40:00,2025-12-10T16:40:00Z,oos,2754,0,Tier A,tier_a_primary,Tier_A_full_context,c08_exclude_weak_session_bucket,cash_open_0_30,-0.09635811836115327,0
2025.12.10 16:45:00,2025-12-10T16:45:00Z,oos,2755,0,Tier A,tier_a_primary,Tier_A_full_context,c08_exclude_weak_session_bucket,cash_open_0_30,-0.09635811836115327,0
2025.12.10 16:50:00,2025-12-10T16:50:00Z,oos,2756,0,Tier A,tier_a_primary,Tier_A_full_context,c08_exclude_weak_session_bucket,cash_open_0_30,-0.09635811836115327,0
2025.12.10 16:55:00,2025-12-10T16:55:00Z,oos,2757,0,Tier A,tier_a_primary,Tier_A_full_context,c08_exclude_weak_session_bucket,cash_open_0_30,-0.09635811836115327,0
2025.12.10 17:00:00,2025-12-10T17:00:00Z,oos,2758,0,Tier A,tier_a_primary,Tier_A_full_context,c08_exclude_weak_session_bucket,cash_open_0_30,-0.09635811836115327,0
2025.12.10 17:05:00,2025-12-10T17:05:00Z,oos,2759,0,Tier A,tier_a_primary,Tier_A_full_context,c08_exclude_weak_session_bucket,early_cash_30_60,-0.12775735294117646,0
2025.12.10 17:10:00,2025-12-10T17:10:00Z,oos,2760,0,Tier A,tier_a_primary,Tier_A_full_context,c08_exclude_weak_session_bucket,early_cash_30_60,-0.12775735294117646,0
2025.12.10 17:15:00,2025-12-10T17:15:00Z,oos,2761,0,Tier A,tier_a_primary,Tier_A_full_context,c08_exclude_weak_session_bucket,early_cash_30_60,-0.12775735294117646,0
2025.12.10 17:20:00,2025-12-10T17:20:00Z,oos,2762,1,Tier A,tier_a_primary,Tier_A_full_context,c08_exclude_weak_session_bucket,early_cash_30_60,-0.12775735294117646,1
2025.12.10 17:25:00,2025-12-10T17:25:00Z,oos,2763,0,Tier A,tier_a_primary,Tier_A_full_context,c08_exclude_weak_session_bucket,early_cash_30_60,-0.12775735294117646,0
2025.12.10 17:30:00,2025-12-10T17:30:00Z,oos,2764,0,Tier A,tier_a_primary,Tier_A_full_context,c08_exclude_weak_session_bucket,early_cash_30_60,-0.12775735294117646,0
2025.12.10 17:35:00,2025-12-10T17:35:00Z,oos,2765,-1,Tier A,tier_a_primary,Tier_A_full_context,c08_exclude_weak_session_bucket,morning_60_120,-0.1698966408268734,-1
2025.12.10 17:40:00,2025-12-10T17:40:00Z,oos,2766,-1,Tier A,tier_a_primary,Tier_A_full_context,c08_exclude_weak_session_bucket,morning_60_120,-0.1698966408268734,-1
2025.12.10 17:45:00,2025-12-10T17:45:00Z,oos,2767,0,Tier A,tier_a_primary,Tier_A_full_context,c08_exclude_weak_session_bucket,morning_60_120,-0.1698966408268734,0
2025.12.10 17:50:00,2025-12-10T17:50:00Z,oos,2768,1,Tier A,tier_a_primary,Tier_A_full_context,c08_exclude_weak_session_bucket,morning_60_120,-0.1698966408268734,1
2025.12.10 17:55:00,2025-12-10T17:55:00Z,oos,2769,-1,Tier A,tier_a_primary,Tier_A_full_context,c08_exclude_weak_session_bucket,morning_60_120,-0.1698966408268734,-1
2025.12.10 18:00:00,2025-12-10T18:00:00Z,oos,2770,0,Tier A,tier_a_primary,Tier_A_full_context,c08_exclude_weak_session_bucket,morning_60_120,-0.1698966408268734,0
2025.12.10 18:05:00,2025-12-10T18:05:00Z,oos,2771,0,Tier A,tier_a_primary,Tier_A_full_context,c08_exclude_weak_session_bucket,morning_60_120,-0.1698966408268734,0
2025.12.10 18:10:00,2025-12-10T18:10:00Z,oos,2772,1,Tier A,tier_a_primary,Tier_A_full_context,c08_exclude_weak_session_bucket,morning_60_120,-0.1698966408268734,1
2025.12.10 18:20:00,2025-12-10T18:20:00Z,oos,2773,1,Tier A,tier_a_primary,Tier_A_full_context,c08_exclude_weak_session_bucket,morning_60_120,-0.1698966408268734,1
2025.12.10 18:25:00,2025-12-10T18:25:00Z,oos,2774,0,Tier A,tier_a_primary,Tier_A_full_context,c08_exclude_weak_session_bucket,morning_60_120,-0.1698966408268734,0
2025.12.10 18:30:00,2025-12-10T18:30:00Z,oos,2775,0,Tier A,tier_a_primary,Tier_A_full_context,c08_exclude_weak_session_bucket,morning_60_120,-0.1698966408268734,0
2025.12.10 18:40:00,2025-12-10T18:40:00Z,oos,2776,0,Tier A,tier_a_primary,Tier_A_full_context,c08_exclude_weak_session_bucket,midday_lull_120_240,-0.1762380357885976,0
2025.12.10 18:50:00,2025-12-10T18:50:00Z,oos,2777,0,Tier A,tier_a_primary,Tier_A_full_context,c08_exclude_weak_session_bucket,midday_lull_120_240,-0.1762380357885976,0
2025.12.10 18:55:00,2025-12-10T18:55:00Z,oos,2778,0,Tier A,tier_a_primary,Tier_A_full_context,c08_exclude_weak_session_bucket,midday_lull_120_240,-0.1762380357885976,0
2025.12.10 19:00:00,2025-12-10T19:00:00Z,oos,2779,0,Tier A,tier_a_primary,Tier_A_full_context,c08_exclude_weak_session_bucket,midday_lull_120_240,-0.1762380357885976,0
2025.12.10 19:05:00,2025-12-10T19:05:00Z,oos,2780,0,Tier A,tier_a_primary,Tier_A_full_context,c08_exclude_weak_session_bucket,midday_lull_120_240,-0.1762380357885976,0
2025.12.10 19:25:00,2025-12-10T19:25:00Z,oos,2781,0,Tier A,tier_a_primary,Tier_A_full_context,c08_exclude_weak_session_bucket,midday_lull_120_240,-0.1762380357885976,0
2025.12.10 19:35:00,2025-12-10T19:35:00Z,oos,2782,0,Tier A,tier_a_primary,Tier_A_full_context,c08_exclude_weak_session_bucket,midday_lull_120_240,-0.1762380357885976,0
2025.12.10 19:40:00,2025-12-10T19:40:00Z,oos,2783,0,Tier A,tier_a_primary,Tier_A_full_context,c08_exclude_weak_session_bucket,midday_lull_120_240,-0.1762380357885976,0
2025.12.10 19:45:00,2025-12-10T19:45:00Z,oos,2784,0,Tier A,tier_a_primary,Tier_A_full_context,c08_exclude_weak_session_bucket,midday_lull_120_240,-0.1762380357885976,0
2025.12.10 19:50:00,2025-12-10T19:50:00Z,oos,2785,0,Tier A,tier_a_primary,Tier_A_full_context,c08_exclude_weak_session_bucket,midday_lull_120_240,-0.1762380357885976,0
2025.12.10 19:55:00,2025-12-10T19:55:00Z,oos,2786,0,Tier A,tier_a_primary,Tier_A_full_context,c08_exclude_weak_session_bucket,midday_lull_120_240,-0.1762380357885976,0
2025.12.10 20:00:00,2025-12-10T20:00:00Z,oos,2787,0,Tier A,tier_a_primary,Tier_A_full_context,c08_exclude_weak_session_bucket,midday_lull_120_240,-0.1762380357885976,0
2025.12.10 20:05:00,2025-12-10T20:05:00Z,oos,2788,0,Tier A,tier_a_primary,Tier_A_full_context,c08_exclude_weak_session_bucket,midday_lull_120_240,-0.1762380357885976,0
2025.12.10 20:10:00,2025-12-10T20:10:00Z,oos,2789,0,Tier A,tier_a_primary,Tier_A_full_context,c08_exclude_weak_session_bucket,midday_lull_120_240,-0.1762380357885976,0
2025.12.10 20:15:00,2025-12-10T20:15:00Z,oos,2790,0,Tier A,tier_a_primary,Tier_A_full_context,c08_exclude_weak_session_bucket,midday_lull_120_240,-0.1762380357885976,0
2025.12.10 20:25:00,2025-12-10T20:25:00Z,oos,2791,0,Tier A,tier_a_primary,Tier_A_full_context,c08_exclude_weak_session_bucket,midday_lull_120_240,-0.1762380357885976,0
2025.12.10 20:30:00,2025-12-10T20:30:00Z,oos,2792,0,Tier A,tier_a_primary,Tier_A_full_context,c08_exclude_weak_session_bucket,midday_lull_120_240,-0.1762380357885976,0
2025.12.10 20:35:00,2025-12-10T20:35:00Z,oos,2793,0,Tier A,tier_a_primary,Tier_A_full_context,c08_exclude_weak_session_bucket,late_cash_240_330,-0.17209668943772988,0
2025.12.10 20:40:00,2025-12-10T20:40:00Z,oos,2794,0,Tier A,tier_a_primary,Tier_A_full_context,c08_exclude_weak_session_bucket,late_cash_240_330,-0.17209668943772988,0
2025.12.10 20:45:00,2025-12-10T20:45:00Z,oos,2795,0,Tier A,tier_a_primary,Tier_A_full_context,c08_exclude_weak_session_bucket,late_cash_240_330,-0.17209668943772988,0
2025.12.10 20:50:00,2025-12-10T20:50:00Z,oos,2796,0,Tier A,tier_a_primary,Tier_A_full_context,c08_exclude_weak_session_bucket,late_cash_240_330,-0.17209668943772988,0
2025.12.10 20:55:00,2025-12-10T20:55:00Z,oos,2797,0,Tier A,tier_a_primary,Tier_A_full_context,c08_exclude_weak_session_bucket,late_cash_240_330,-0.17209668943772988,0
2025.12.10 21:00:00,2025-12-10T21:00:00Z,oos,2798,0,Tier A,tier_a_primary,Tier_A_full_context,c08_exclude_weak_session_bucket,late_cash_240_330,-0.17209668943772988,0
2025.12.10 21:05:00,2025-12-10T21:05:00Z,oos,2799,0,Tier A,tier_a_primary,Tier_A_full_context,c08_exclude_weak_session_bucket,late_cash_240_330,-0.17209668943772988,0
2025.12.10 21:10:00,2025-12-10T21:10:00Z,oos,2800,0,Tier A,tier_a_primary,Tier_A_full_context,c08_exclude_weak_session_bucket,late_cash_240_330,-0.17209668943772988,0
2025.12.10 21:15:00,2025-12-10T21:15:00Z,oos,2801,0,Tier A,tier_a_primary,Tier_A_full_context,c08_exclude_weak_session_bucket,late_cash_240_330,-0.17209668943772988,0
2025.12.10 21:20:00,2025-12-10T21:20:00Z,oos,2802,0,Tier A,tier_a_primary,Tier_A_full_context,c08_exclude_weak_session_bucket,late_cash_240_330,-0.17209668943772988,0
2025.12.10 21:25:00,2025-12-10T21:25:00Z,oos,2803,0,Tier A,tier_a_primary,Tier_A_full_context,c08_exclude_weak_session_bucket,late_cash_240_330,-0.17209668943772988,0
2025.12.10 21:30:00,2025-12-10T21:30:00Z,oos,2804,0,Tier A,tier_a_primary,Tier_A_full_context,c08_exclude_weak_session_bucket,late_cash_240_330,-0.17209668943772988,0
2025.12.10 21:35:00,2025-12-10T21:35:00Z,oos,2805,0,Tier A,tier_a_primary,Tier_A_full_context,c08_exclude_weak_session_bucket,late_cash_240_330,-0.17209668943772988,0
2025.12.10 21:40:00,2025-12-10T21:40:00Z,oos,2806,0,Tier A,tier_a_primary,Tier_A_full_context,c08_exclude_weak_session_bucket,late_cash_240_330,-0.17209668943772988,0
2025.12.10 21:45:00,2025-12-10T21:45:00Z,oos,2807,0,Tier A,tier_a_primary,Tier_A_full_context,c08_exclude_weak_session_bucket,late_cash_240_330,-0.17209668943772988,0
2025.12.10 21:50:00,2025-12-10T21:50:00Z,oos,2808,0,Tier A,tier_a_primary,Tier_A_full_context,c08_exclude_weak_session_bucket,late_cash_240_330,-0.17209668943772988,0
2025.12.10 21:55:00,2025-12-10T21:55:00Z,oos,2809,0,Tier A,tier_a_primary,Tier_A_full_context,c08_exclude_weak_session_bucket,late_cash_240_330,-0.17209668943772988,0
2025.12.10 22:00:00,2025-12-10T22:00:00Z,oos,2810,0,Tier A,tier_a_primary,Tier_A_full_context,c08_exclude_weak_session_bucket,late_cash_240_330,-0.17209668943772988,0
2025.12.11 16:35:00,2025-12-11T16:35:00Z,oos,2811,-1,Tier A,tier_a_primary,Tier_A_full_context,c08_exclude_weak_session_bucket,cash_open_0_30,-0.09635811836115327,-1
2025.12.11 16:40:00,2025-12-11T16:40:00Z,oos,2812,1,Tier A,tier_a_primary,Tier_A_full_context,c08_exclude_weak_session_bucket,cash_open_0_30,-0.09635811836115327,1
2025.12.11 16:45:00,2025-12-11T16:45:00Z,oos,2813,0,Tier A,tier_a_primary,Tier_A_full_context,c08_exclude_weak_session_bucket,cash_open_0_30,-0.09635811836115327,0
2025.12.11 16:50:00,2025-12-11T16:50:00Z,oos,2814,-1,Tier A,tier_a_primary,Tier_A_full_context,c08_exclude_weak_session_bucket,cash_open_0_30,-0.09635811836115327,-1
2025.12.11 16:55:00,2025-12-11T16:55:00Z,oos,2815,-1,Tier A,tier_a_primary,Tier_A_full_context,c08_exclude_weak_session_bucket,cash_open_0_30,-0.09635811836115327,-1
2025.12.11 17:00:00,2025-12-11T17:00:00Z,oos,2816,0,Tier A,tier_a_primary,Tier_A_full_context,c08_exclude_weak_session_bucket,cash_open_0_30,-0.09635811836115327,0
2025.12.11 17:05:00,2025-12-11T17:05:00Z,oos,2817,1,Tier A,tier_a_primary,Tier_A_full_context,c08_exclude_weak_session_bucket,early_cash_30_60,-0.12775735294117646,1
2025.12.11 17:10:00,2025-12-11T17:10:00Z,oos,2818,1,Tier A,tier_a_primary,Tier_A_full_context,c08_exclude_weak_session_bucket,early_cash_30_60,-0.12775735294117646,1
2025.12.11 17:15:00,2025-12-11T17:15:00Z,oos,2819,0,Tier A,tier_a_primary,Tier_A_full_context,c08_exclude_weak_session_bucket,early_cash_30_60,-0.12775735294117646,0
2025.12.11 17:20:00,2025-12-11T17:20:00Z,oos,2820,0,Tier A,tier_a_primary,Tier_A_full_context,c08_exclude_weak_session_bucket,early_cash_30_60,-0.12775735294117646,0
2025.12.11 17:25:00,2025-12-11T17:25:00Z,oos,2821,1,Tier A,tier_a_primary,Tier_A_full_context,c08_exclude_weak_session_bucket,early_cash_30_60,-0.12775735294117646,1
2025.12.11 17:30:00,2025-12-11T17:30:00Z,oos,2822,0,Tier A,tier_a_primary,Tier_A_full_context,c08_exclude_weak_session_bucket,early_cash_30_60,-0.12775735294117646,0
2025.12.11 17:35:00,2025-12-11T17:35:00Z,oos,2823,0,Tier A,tier_a_primary,Tier_A_full_context,c08_exclude_weak_session_bucket,morning_60_120,-0.1698966408268734,0
2025.12.11 17:40:00,2025-12-11T17:40:00Z,oos,2824,0,Tier A,tier_a_primary,Tier_A_full_context,c08_exclude_weak_session_bucket,morning_60_120,-0.1698966408268734,0
2025.12.11 17:45:00,2025-12-11T17:45:00Z,oos,2825,0,Tier A,tier_a_primary,Tier_A_full_context,c08_exclude_weak_session_bucket,morning_60_120,-0.1698966408268734,0
2025.12.11 17:50:00,2025-12-11T17:50:00Z,oos,2826,-1,Tier A,tier_a_primary,Tier_A_full_context,c08_exclude_weak_session_bucket,morning_60_120,-0.1698966408268734,-1
2025.12.11 17:55:00,2025-12-11T17:55:00Z,oos,2827,0,Tier A,tier_a_primary,Tier_A_full_context,c08_exclude_weak_session_bucket,morning_60_120,-0.1698966408268734,0
2025.12.11 18:00:00,2025-12-11T18:00:00Z,oos,2828,1,Tier A,tier_a_primary,Tier_A_full_context,c08_exclude_weak_session_bucket,morning_60_120,-0.1698966408268734,1
2025.12.11 18:05:00,2025-12-11T18:05:00Z,oos,2829,0,Tier A,tier_a_primary,Tier_A_full_context,c08_exclude_weak_session_bucket,morning_60_120,-0.1698966408268734,0
2025.12.11 18:10:00,2025-12-11T18:10:00Z,oos,2830,-1,Tier A,tier_a_primary,Tier_A_full_context,c08_exclude_weak_session_bucket,morning_60_120,-0.1698966408268734,-1
2025.12.11 18:15:00,2025-12-11T18:15:00Z,oos,2831,0,Tier A,tier_a_primary,Tier_A_full_context,c08_exclude_weak_session_bucket,morning_60_120,-0.1698966408268734,0
2025.12.11 18:20:00,2025-12-11T18:20:00Z,oos,2832,0,Tier A,tier_a_primary,Tier_A_full_context,c08_exclude_weak_session_bucket,morning_60_120,-0.1698966408268734,0
2025.12.11 18:25:00,2025-12-11T18:25:00Z,oos,2833,0,Tier A,tier_a_primary,Tier_A_full_context,c08_exclude_weak_session_bucket,morning_60_120,-0.1698966408268734,0
2025.12.11 18:30:00,2025-12-11T18:30:00Z,oos,2834,-1,Tier A,tier_a_primary,Tier_A_full_context,c08_exclude_weak_session_bucket,morning_60_120,-0.1698966408268734,-1
2025.12.11 18:35:00,2025-12-11T18:35:00Z,oos,2835,0,Tier A,tier_a_primary,Tier_A_full_context,c08_exclude_weak_session_bucket,midday_lull_120_240,-0.1762380357885976,0
2025.12.11 18:40:00,2025-12-11T18:40:00Z,oos,2836,0,Tier A,tier_a_primary,Tier_A_full_context,c08_exclude_weak_session_bucket,midday_lull_120_240,-0.1762380357885976,0
2025.12.11 18:45:00,2025-12-11T18:45:00Z,oos,2837,0,Tier A,tier_a_primary,Tier_A_full_context,c08_exclude_weak_session_bucket,midday_lull_120_240,-0.1762380357885976,0
2025.12.11 18:50:00,2025-12-11T18:50:00Z,oos,2838,0,Tier A,tier_a_primary,Tier_A_full_context,c08_exclude_weak_session_bucket,midday_lull_120_240,-0.1762380357885976,0
2025.12.11 18:55:00,2025-12-11T18:55:00Z,oos,2839,0,Tier A,tier_a_primary,Tier_A_full_context,c08_exclude_weak_session_bucket,midday_lull_120_240,-0.1762380357885976,0
2025.12.11 19:00:00,2025-12-11T19:00:00Z,oos,2840,0,Tier A,tier_a_primary,Tier_A_full_context,c08_exclude_weak_session_bucket,midday_lull_120_240,-0.1762380357885976,0
2025.12.11 19:05:00,2025-12-11T19:05:00Z,oos,2841,0,Tier A,tier_a_primary,Tier_A_full_context,c08_exclude_weak_session_bucket,midday_lull_120_240,-0.1762380357885976,0
2025.12.11 19:10:00,2025-12-11T19:10:00Z,oos,2842,0,Tier A,tier_a_primary,Tier_A_full_context,c08_exclude_weak_session_bucket,midday_lull_120_240,-0.1762380357885976,0
2025.12.11 19:15:00,2025-12-11T19:15:00Z,oos,2843,0,Tier A,tier_a_primary,Tier_A_full_context,c08_exclude_weak_session_bucket,midday_lull_120_240,-0.1762380357885976,0
2025.12.11 19:20:00,2025-12-11T19:20:00Z,oos,2844,0,Tier A,tier_a_primary,Tier_A_full_context,c08_exclude_weak_session_bucket,midday_lull_120_240,-0.1762380357885976,0
2025.12.11 19:25:00,2025-12-11T19:25:00Z,oos,2845,0,Tier A,tier_a_primary,Tier_A_full_context,c08_exclude_weak_session_bucket,midday_lull_120_240,-0.1762380357885976,0
2025.12.11 19:35:00,2025-12-11T19:35:00Z,oos,2846,0,Tier A,tier_a_primary,Tier_A_full_context,c08_exclude_weak_session_bucket,midday_lull_120_240,-0.1762380357885976,0
2025.12.11 19:40:00,2025-12-11T19:40:00Z,oos,2847,0,Tier A,tier_a_primary,Tier_A_full_context,c08_exclude_weak_session_bucket,midday_lull_120_240,-0.1762380357885976,0
2025.12.11 19:45:00,2025-12-11T19:45:00Z,oos,2848,0,Tier A,tier_a_primary,Tier_A_full_context,c08_exclude_weak_session_bucket,midday_lull_120_240,-0.1762380357885976,0
2025.12.11 19:50:00,2025-12-11T19:50:00Z,oos,2849,0,Tier A,tier_a_primary,Tier_A_full_context,c08_exclude_weak_session_bucket,midday_lull_120_240,-0.1762380357885976,0
2025.12.11 19:55:00,2025-12-11T19:55:00Z,oos,2850,0,Tier A,tier_a_primary,Tier_A_full_context,c08_exclude_weak_session_bucket,midday_lull_120_240,-0.1762380357885976,0
2025.12.11 20:00:00,2025-12-11T20:00:00Z,oos,2851,0,Tier A,tier_a_primary,Tier_A_full_context,c08_exclude_weak_session_bucket,midday_lull_120_240,-0.1762380357885976,0
2025.12.11 20:05:00,2025-12-11T20:05:00Z,oos,2852,0,Tier A,tier_a_primary,Tier_A_full_context,c08_exclude_weak_session_bucket,midday_lull_120_240,-0.1762380357885976,0
2025.12.11 20:10:00,2025-12-11T20:10:00Z,oos,2853,0,Tier A,tier_a_primary,Tier_A_full_context,c08_exclude_weak_session_bucket,midday_lull_120_240,-0.1762380357885976,0
2025.12.11 20:15:00,2025-12-11T20:15:00Z,oos,2854,0,Tier A,tier_a_primary,Tier_A_full_context,c08_exclude_weak_session_bucket,midday_lull_120_240,-0.1762380357885976,0
2025.12.11 20:25:00,2025-12-11T20:25:00Z,oos,2855,0,Tier A,tier_a_primary,Tier_A_full_context,c08_exclude_weak_session_bucket,midday_lull_120_240,-0.1762380357885976,0
2025.12.11 20:30:00,2025-12-11T20:30:00Z,oos,2856,0,Tier A,tier_a_primary,Tier_A_full_context,c08_exclude_weak_session_bucket,midday_lull_120_240,-0.1762380357885976,0
2025.12.11 20:35:00,2025-12-11T20:35:00Z,oos,2857,0,Tier A,tier_a_primary,Tier_A_full_context,c08_exclude_weak_session_bucket,late_cash_240_330,-0.17209668943772988,0
2025.12.11 20:40:00,2025-12-11T20:40:00Z,oos,2858,0,Tier A,tier_a_primary,Tier_A_full_context,c08_exclude_weak_session_bucket,late_cash_240_330,-0.17209668943772988,0
2025.12.11 20:45:00,2025-12-11T20:45:00Z,oos,2859,0,Tier A,tier_a_primary,Tier_A_full_context,c08_exclude_weak_session_bucket,late_cash_240_330,-0.17209668943772988,0
2025.12.11 20:50:00,2025-12-11T20:50:00Z,oos,2860,0,Tier A,tier_a_primary,Tier_A_full_context,c08_exclude_weak_session_bucket,late_cash_240_330,-0.17209668943772988,0
2025.12.11 21:00:00,2025-12-11T21:00:00Z,oos,2861,0,Tier A,tier_a_primary,Tier_A_full_context,c08_exclude_weak_session_bucket,late_cash_240_330,-0.17209668943772988,0
2025.12.11 21:05:00,2025-12-11T21:05:00Z,oos,2862,0,Tier A,tier_a_primary,Tier_A_full_context,c08_exclude_weak_session_bucket,late_cash_240_330,-0.17209668943772988,0
2025.12.11 21:10:00,2025-12-11T21:10:00Z,oos,2863,0,Tier A,tier_a_primary,Tier_A_full_context,c08_exclude_weak_session_bucket,late_cash_240_330,-0.17209668943772988,0
2025.12.11 21:15:00,2025-12-11T21:15:00Z,oos,2864,0,Tier A,tier_a_primary,Tier_A_full_context,c08_exclude_weak_session_bucket,late_cash_240_330,-0.17209668943772988,0
2025.12.11 21:20:00,2025-12-11T21:20:00Z,oos,2865,0,Tier A,tier_a_primary,Tier_A_full_context,c08_exclude_weak_session_bucket,late_cash_240_330,-0.17209668943772988,0
2025.12.11 21:25:00,2025-12-11T21:25:00Z,oos,2866,0,Tier A,tier_a_primary,Tier_A_full_context,c08_exclude_weak_session_bucket,late_cash_240_330,-0.17209668943772988,0
2025.12.11 21:30:00,2025-12-11T21:30:00Z,oos,2867,0,Tier A,tier_a_primary,Tier_A_full_context,c08_exclude_weak_session_bucket,late_cash_240_330,-0.17209668943772988,0
2025.12.11 21:35:00,2025-12-11T21:35:00Z,oos,2868,0,Tier A,tier_a_primary,Tier_A_full_context,c08_exclude_weak_session_bucket,late_cash_240_330,-0.17209668943772988,0
2025.12.11 21:40:00,2025-12-11T21:40:00Z,oos,2869,0,Tier A,tier_a_primary,Tier_A_full_context,c08_exclude_weak_session_bucket,late_cash_240_330,-0.17209668943772988,0
2025.12.11 21:45:00,2025-12-11T21:45:00Z,oos,2870,0,Tier A,tier_a_primary,Tier_A_full_context,c08_exclude_weak_session_bucket,late_cash_240_330,-0.17209668943772988,0
2025.12.11 21:50:00,2025-12-11T21:50:00Z,oos,2871,0,Tier A,tier_a_primary,Tier_A_full_context,c08_exclude_weak_session_bucket,late_cash_240_330,-0.17209668943772988,0
2025.12.11 21:55:00,2025-12-11T21:55:00Z,oos,2872,-1,Tier A,tier_a_primary,Tier_A_full_context,c08_exclude_weak_session_bucket,late_cash_240_330,-0.17209668943772988,-1
2025.12.11 22:00:00,2025-12-11T22:00:00Z,oos,2873,0,Tier A,tier_a_primary,Tier_A_full_context,c08_exclude_weak_session_bucket,late_cash_240_330,-0.17209668943772988,0
2025.12.12 16:35:00,2025-12-12T16:35:00Z,oos,2874,1,Tier A,tier_a_primary,Tier_A_full_context,c08_exclude_weak_session_bucket,cash_open_0_30,-0.09635811836115327,1
2025.12.12 16:40:00,2025-12-12T16:40:00Z,oos,2875,1,Tier A,tier_a_primary,Tier_A_full_context,c08_exclude_weak_session_bucket,cash_open_0_30,-0.09635811836115327,1
2025.12.12 16:45:00,2025-12-12T16:45:00Z,oos,2876,-1,Tier A,tier_a_primary,Tier_A_full_context,c08_exclude_weak_session_bucket,cash_open_0_30,-0.09635811836115327,-1
2025.12.12 16:50:00,2025-12-12T16:50:00Z,oos,2877,-1,Tier A,tier_a_primary,Tier_A_full_context,c08_exclude_weak_session_bucket,cash_open_0_30,-0.09635811836115327,-1
2025.12.12 16:55:00,2025-12-12T16:55:00Z,oos,2878,1,Tier A,tier_a_primary,Tier_A_full_context,c08_exclude_weak_session_bucket,cash_open_0_30,-0.09635811836115327,1
2025.12.12 17:00:00,2025-12-12T17:00:00Z,oos,2879,0,Tier A,tier_a_primary,Tier_A_full_context,c08_exclude_weak_session_bucket,cash_open_0_30,-0.09635811836115327,0
2025.12.12 17:05:00,2025-12-12T17:05:00Z,oos,2880,-1,Tier A,tier_a_primary,Tier_A_full_context,c08_exclude_weak_session_bucket,early_cash_30_60,-0.12775735294117646,-1
2025.12.12 17:10:00,2025-12-12T17:10:00Z,oos,2881,-1,Tier A,tier_a_primary,Tier_A_full_context,c08_exclude_weak_session_bucket,early_cash_30_60,-0.12775735294117646,-1
2025.12.12 17:15:00,2025-12-12T17:15:00Z,oos,2882,0,Tier A,tier_a_primary,Tier_A_full_context,c08_exclude_weak_session_bucket,early_cash_30_60,-0.12775735294117646,0
2025.12.12 17:20:00,2025-12-12T17:20:00Z,oos,2883,0,Tier A,tier_a_primary,Tier_A_full_context,c08_exclude_weak_session_bucket,early_cash_30_60,-0.12775735294117646,0
2025.12.12 17:25:00,2025-12-12T17:25:00Z,oos,2884,-1,Tier A,tier_a_primary,Tier_A_full_context,c08_exclude_weak_session_bucket,early_cash_30_60,-0.12775735294117646,-1
2025.12.12 17:30:00,2025-12-12T17:30:00Z,oos,2885,-1,Tier A,tier_a_primary,Tier_A_full_context,c08_exclude_weak_session_bucket,early_cash_30_60,-0.12775735294117646,-1
2025.12.12 17:35:00,2025-12-12T17:35:00Z,oos,2886,1,Tier A,tier_a_primary,Tier_A_full_context,c08_exclude_weak_session_bucket,morning_60_120,-0.1698966408268734,1
2025.12.12 17:40:00,2025-12-12T17:40:00Z,oos,2887,0,Tier A,tier_a_primary,Tier_A_full_context,c08_exclude_weak_session_bucket,morning_60_120,-0.1698966408268734,0
2025.12.12 17:45:00,2025-12-12T17:45:00Z,oos,2888,1,Tier A,tier_a_primary,Tier_A_full_context,c08_exclude_weak_session_bucket,morning_60_120,-0.1698966408268734,1
2025.12.12 17:50:00,2025-12-12T17:50:00Z,oos,2889,0,Tier A,tier_a_primary,Tier_A_full_context,c08_exclude_weak_session_bucket,morning_60_120,-0.1698966408268734,0
2025.12.12 17:55:00,2025-12-12T17:55:00Z,oos,2890,-1,Tier A,tier_a_primary,Tier_A_full_context,c08_exclude_weak_session_bucket,morning_60_120,-0.1698966408268734,-1
2025.12.12 18:00:00,2025-12-12T18:00:00Z,oos,2891,-1,Tier A,tier_a_primary,Tier_A_full_context,c08_exclude_weak_session_bucket,morning_60_120,-0.1698966408268734,-1
2025.12.12 18:05:00,2025-12-12T18:05:00Z,oos,2892,-1,Tier A,tier_a_primary,Tier_A_full_context,c08_exclude_weak_session_bucket,morning_60_120,-0.1698966408268734,-1
2025.12.12 18:10:00,2025-12-12T18:10:00Z,oos,2893,1,Tier A,tier_a_primary,Tier_A_full_context,c08_exclude_weak_session_bucket,morning_60_120,-0.1698966408268734,1
2025.12.12 18:15:00,2025-12-12T18:15:00Z,oos,2894,0,Tier A,tier_a_primary,Tier_A_full_context,c08_exclude_weak_session_bucket,morning_60_120,-0.1698966408268734,0
2025.12.12 18:20:00,2025-12-12T18:20:00Z,oos,2895,0,Tier A,tier_a_primary,Tier_A_full_context,c08_exclude_weak_session_bucket,morning_60_120,-0.1698966408268734,0
2025.12.12 18:25:00,2025-12-12T18:25:00Z,oos,2896,0,Tier A,tier_a_primary,Tier_A_full_context,c08_exclude_weak_session_bucket,morning_60_120,-0.1698966408268734,0
2025.12.12 18:30:00,2025-12-12T18:30:00Z,oos,2897,1,Tier A,tier_a_primary,Tier_A_full_context,c08_exclude_weak_session_bucket,morning_60_120,-0.1698966408268734,1
2025.12.12 18:35:00,2025-12-12T18:35:00Z,oos,2898,0,Tier A,tier_a_primary,Tier_A_full_context,c08_exclude_weak_session_bucket,midday_lull_120_240,-0.1762380357885976,0
2025.12.12 18:40:00,2025-12-12T18:40:00Z,oos,2899,0,Tier A,tier_a_primary,Tier_A_full_context,c08_exclude_weak_session_bucket,midday_lull_120_240,-0.1762380357885976,0
2025.12.12 18:45:00,2025-12-12T18:45:00Z,oos,2900,0,Tier A,tier_a_primary,Tier_A_full_context,c08_exclude_weak_session_bucket,midday_lull_120_240,-0.1762380357885976,0
2025.12.12 18:50:00,2025-12-12T18:50:00Z,oos,2901,0,Tier A,tier_a_primary,Tier_A_full_context,c08_exclude_weak_session_bucket,midday_lull_120_240,-0.1762380357885976,0
2025.12.12 18:55:00,2025-12-12T18:55:00Z,oos,2902,0,Tier A,tier_a_primary,Tier_A_full_context,c08_exclude_weak_session_bucket,midday_lull_120_240,-0.1762380357885976,0
2025.12.12 19:00:00,2025-12-12T19:00:00Z,oos,2903,0,Tier A,tier_a_primary,Tier_A_full_context,c08_exclude_weak_session_bucket,midday_lull_120_240,-0.1762380357885976,0
2025.12.12 19:05:00,2025-12-12T19:05:00Z,oos,2904,0,Tier A,tier_a_primary,Tier_A_full_context,c08_exclude_weak_session_bucket,midday_lull_120_240,-0.1762380357885976,0
2025.12.12 19:10:00,2025-12-12T19:10:00Z,oos,2905,0,Tier A,tier_a_primary,Tier_A_full_context,c08_exclude_weak_session_bucket,midday_lull_120_240,-0.1762380357885976,0
2025.12.12 19:15:00,2025-12-12T19:15:00Z,oos,2906,0,Tier A,tier_a_primary,Tier_A_full_context,c08_exclude_weak_session_bucket,midday_lull_120_240,-0.1762380357885976,0
2025.12.12 19:20:00,2025-12-12T19:20:00Z,oos,2907,0,Tier A,tier_a_primary,Tier_A_full_context,c08_exclude_weak_session_bucket,midday_lull_120_240,-0.1762380357885976,0
2025.12.12 19:25:00,2025-12-12T19:25:00Z,oos,2908,0,Tier A,tier_a_primary,Tier_A_full_context,c08_exclude_weak_session_bucket,midday_lull_120_240,-0.1762380357885976,0
2025.12.12 19:30:00,2025-12-12T19:30:00Z,oos,2909,0,Tier A,tier_a_primary,Tier_A_full_context,c08_exclude_weak_session_bucket,midday_lull_120_240,-0.1762380357885976,0
2025.12.12 19:35:00,2025-12-12T19:35:00Z,oos,2910,0,Tier A,tier_a_primary,Tier_A_full_context,c08_exclude_weak_session_bucket,midday_lull_120_240,-0.1762380357885976,0
2025.12.12 19:40:00,2025-12-12T19:40:00Z,oos,2911,0,Tier A,tier_a_primary,Tier_A_full_context,c08_exclude_weak_session_bucket,midday_lull_120_240,-0.1762380357885976,0
2025.12.12 19:45:00,2025-12-12T19:45:00Z,oos,2912,0,Tier A,tier_a_primary,Tier_A_full_context,c08_exclude_weak_session_bucket,midday_lull_120_240,-0.1762380357885976,0
2025.12.12 19:50:00,2025-12-12T19:50:00Z,oos,2913,0,Tier A,tier_a_primary,Tier_A_full_context,c08_exclude_weak_session_bucket,midday_lull_120_240,-0.1762380357885976,0
2025.12.12 19:55:00,2025-12-12T19:55:00Z,oos,2914,0,Tier A,tier_a_primary,Tier_A_full_context,c08_exclude_weak_session_bucket,midday_lull_120_240,-0.1762380357885976,0
2025.12.12 20:00:00,2025-12-12T20:00:00Z,oos,2915,0,Tier A,tier_a_primary,Tier_A_full_context,c08_exclude_weak_session_bucket,midday_lull_120_240,-0.1762380357885976,0
2025.12.12 20:05:00,2025-12-12T20:05:00Z,oos,2916,0,Tier A,tier_a_primary,Tier_A_full_context,c08_exclude_weak_session_bucket,midday_lull_120_240,-0.1762380357885976,0
2025.12.12 20:10:00,2025-12-12T20:10:00Z,oos,2917,0,Tier A,tier_a_primary,Tier_A_full_context,c08_exclude_weak_session_bucket,midday_lull_120_240,-0.1762380357885976,0
2025.12.12 20:15:00,2025-12-12T20:15:00Z,oos,2918,0,Tier A,tier_a_primary,Tier_A_full_context,c08_exclude_weak_session_bucket,midday_lull_120_240,-0.1762380357885976,0
2025.12.12 20:25:00,2025-12-12T20:25:00Z,oos,2919,0,Tier A,tier_a_primary,Tier_A_full_context,c08_exclude_weak_session_bucket,midday_lull_120_240,-0.1762380357885976,0
2025.12.12 20:30:00,2025-12-12T20:30:00Z,oos,2920,0,Tier A,tier_a_primary,Tier_A_full_context,c08_exclude_weak_session_bucket,midday_lull_120_240,-0.1762380357885976,0
2025.12.12 20:35:00,2025-12-12T20:35:00Z,oos,2921,0,Tier A,tier_a_primary,Tier_A_full_context,c08_exclude_weak_session_bucket,late_cash_240_330,-0.17209668943772988,0
2025.12.12 20:40:00,2025-12-12T20:40:00Z,oos,2922,0,Tier A,tier_a_primary,Tier_A_full_context,c08_exclude_weak_session_bucket,late_cash_240_330,-0.17209668943772988,0
2025.12.12 20:45:00,2025-12-12T20:45:00Z,oos,2923,0,Tier A,tier_a_primary,Tier_A_full_context,c08_exclude_weak_session_bucket,late_cash_240_330,-0.17209668943772988,0
2025.12.12 20:50:00,2025-12-12T20:50:00Z,oos,2924,0,Tier A,tier_a_primary,Tier_A_full_context,c08_exclude_weak_session_bucket,late_cash_240_330,-0.17209668943772988,0
2025.12.12 20:55:00,2025-12-12T20:55:00Z,oos,2925,0,Tier A,tier_a_primary,Tier_A_full_context,c08_exclude_weak_session_bucket,late_cash_240_330,-0.17209668943772988,0
2025.12.12 21:00:00,2025-12-12T21:00:00Z,oos,2926,0,Tier A,tier_a_primary,Tier_A_full_context,c08_exclude_weak_session_bucket,late_cash_240_330,-0.17209668943772988,0
2025.12.12 21:05:00,2025-12-12T21:05:00Z,oos,2927,0,Tier A,tier_a_primary,Tier_A_full_context,c08_exclude_weak_session_bucket,late_cash_240_330,-0.17209668943772988,0
2025.12.12 21:15:00,2025-12-12T21:15:00Z,oos,2928,0,Tier A,tier_a_primary,Tier_A_full_context,c08_exclude_weak_session_bucket,late_cash_240_330,-0.17209668943772988,0
2025.12.12 21:20:00,2025-12-12T21:20:00Z,oos,2929,0,Tier A,tier_a_primary,Tier_A_full_context,c08_exclude_weak_session_bucket,late_cash_240_330,-0.17209668943772988,0
2025.12.12 21:30:00,2025-12-12T21:30:00Z,oos,2930,0,Tier A,tier_a_primary,Tier_A_full_context,c08_exclude_weak_session_bucket,late_cash_240_330,-0.17209668943772988,0
2025.12.12 21:40:00,2025-12-12T21:40:00Z,oos,2931,0,Tier A,tier_a_primary,Tier_A_full_context,c08_exclude_weak_session_bucket,late_cash_240_330,-0.17209668943772988,0
2025.12.12 21:55:00,2025-12-12T21:55:00Z,oos,2932,0,Tier A,tier_a_primary,Tier_A_full_context,c08_exclude_weak_session_bucket,late_cash_240_330,-0.17209668943772988,0
2025.12.12 22:00:00,2025-12-12T22:00:00Z,oos,2933,0,Tier A,tier_a_primary,Tier_A_full_context,c08_exclude_weak_session_bucket,late_cash_240_330,-0.17209668943772988,0
2025.12.15 16:35:00,2025-12-15T16:35:00Z,oos,2934,-1,Tier A,tier_a_primary,Tier_A_full_context,c08_exclude_weak_session_bucket,cash_open_0_30,-0.09635811836115327,-1
2025.12.15 16:40:00,2025-12-15T16:40:00Z,oos,2935,0,Tier A,tier_a_primary,Tier_A_full_context,c08_exclude_weak_session_bucket,cash_open_0_30,-0.09635811836115327,0
2025.12.15 16:45:00,2025-12-15T16:45:00Z,oos,2936,0,Tier A,tier_a_primary,Tier_A_full_context,c08_exclude_weak_session_bucket,cash_open_0_30,-0.09635811836115327,0
2025.12.15 16:50:00,2025-12-15T16:50:00Z,oos,2937,0,Tier A,tier_a_primary,Tier_A_full_context,c08_exclude_weak_session_bucket,cash_open_0_30,-0.09635811836115327,0
2025.12.15 16:55:00,2025-12-15T16:55:00Z,oos,2938,-1,Tier A,tier_a_primary,Tier_A_full_context,c08_exclude_weak_session_bucket,cash_open_0_30,-0.09635811836115327,-1
2025.12.15 17:00:00,2025-12-15T17:00:00Z,oos,2939,-1,Tier A,tier_a_primary,Tier_A_full_context,c08_exclude_weak_session_bucket,cash_open_0_30,-0.09635811836115327,-1
2025.12.15 17:05:00,2025-12-15T17:05:00Z,oos,2940,-1,Tier A,tier_a_primary,Tier_A_full_context,c08_exclude_weak_session_bucket,early_cash_30_60,-0.12775735294117646,-1
2025.12.15 17:10:00,2025-12-15T17:10:00Z,oos,2941,0,Tier A,tier_a_primary,Tier_A_full_context,c08_exclude_weak_session_bucket,early_cash_30_60,-0.12775735294117646,0
2025.12.15 17:15:00,2025-12-15T17:15:00Z,oos,2942,0,Tier A,tier_a_primary,Tier_A_full_context,c08_exclude_weak_session_bucket,early_cash_30_60,-0.12775735294117646,0
2025.12.15 17:20:00,2025-12-15T17:20:00Z,oos,2943,-1,Tier A,tier_a_primary,Tier_A_full_context,c08_exclude_weak_session_bucket,early_cash_30_60,-0.12775735294117646,-1
2025.12.15 17:25:00,2025-12-15T17:25:00Z,oos,2944,-1,Tier A,tier_a_primary,Tier_A_full_context,c08_exclude_weak_session_bucket,early_cash_30_60,-0.12775735294117646,-1
2025.12.15 17:30:00,2025-12-15T17:30:00Z,oos,2945,0,Tier A,tier_a_primary,Tier_A_full_context,c08_exclude_weak_session_bucket,early_cash_30_60,-0.12775735294117646,0
2025.12.15 17:35:00,2025-12-15T17:35:00Z,oos,2946,1,Tier A,tier_a_primary,Tier_A_full_context,c08_exclude_weak_session_bucket,morning_60_120,-0.1698966408268734,1
2025.12.15 17:40:00,2025-12-15T17:40:00Z,oos,2947,0,Tier A,tier_a_primary,Tier_A_full_context,c08_exclude_weak_session_bucket,morning_60_120,-0.1698966408268734,0
2025.12.15 17:45:00,2025-12-15T17:45:00Z,oos,2948,1,Tier A,tier_a_primary,Tier_A_full_context,c08_exclude_weak_session_bucket,morning_60_120,-0.1698966408268734,1
2025.12.15 17:50:00,2025-12-15T17:50:00Z,oos,2949,0,Tier A,tier_a_primary,Tier_A_full_context,c08_exclude_weak_session_bucket,morning_60_120,-0.1698966408268734,0
2025.12.15 17:55:00,2025-12-15T17:55:00Z,oos,2950,-1,Tier A,tier_a_primary,Tier_A_full_context,c08_exclude_weak_session_bucket,morning_60_120,-0.1698966408268734,-1
2025.12.15 18:00:00,2025-12-15T18:00:00Z,oos,2951,0,Tier A,tier_a_primary,Tier_A_full_context,c08_exclude_weak_session_bucket,morning_60_120,-0.1698966408268734,0
2025.12.15 18:05:00,2025-12-15T18:05:00Z,oos,2952,0,Tier A,tier_a_primary,Tier_A_full_context,c08_exclude_weak_session_bucket,morning_60_120,-0.1698966408268734,0
2025.12.15 18:10:00,2025-12-15T18:10:00Z,oos,2953,1,Tier A,tier_a_primary,Tier_A_full_context,c08_exclude_weak_session_bucket,morning_60_120,-0.1698966408268734,1
2025.12.15 18:15:00,2025-12-15T18:15:00Z,oos,2954,0,Tier A,tier_a_primary,Tier_A_full_context,c08_exclude_weak_session_bucket,morning_60_120,-0.1698966408268734,0
2025.12.15 18:20:00,2025-12-15T18:20:00Z,oos,2955,1,Tier A,tier_a_primary,Tier_A_full_context,c08_exclude_weak_session_bucket,morning_60_120,-0.1698966408268734,1
2025.12.15 18:25:00,2025-12-15T18:25:00Z,oos,2956,0,Tier A,tier_a_primary,Tier_A_full_context,c08_exclude_weak_session_bucket,morning_60_120,-0.1698966408268734,0
2025.12.15 18:30:00,2025-12-15T18:30:00Z,oos,2957,0,Tier A,tier_a_primary,Tier_A_full_context,c08_exclude_weak_session_bucket,morning_60_120,-0.1698966408268734,0
2025.12.15 18:35:00,2025-12-15T18:35:00Z,oos,2958,0,Tier A,tier_a_primary,Tier_A_full_context,c08_exclude_weak_session_bucket,midday_lull_120_240,-0.1762380357885976,0
2025.12.15 18:40:00,2025-12-15T18:40:00Z,oos,2959,0,Tier A,tier_a_primary,Tier_A_full_context,c08_exclude_weak_session_bucket,midday_lull_120_240,-0.1762380357885976,0
2025.12.15 18:45:00,2025-12-15T18:45:00Z,oos,2960,0,Tier A,tier_a_primary,Tier_A_full_context,c08_exclude_weak_session_bucket,midday_lull_120_240,-0.1762380357885976,0
2025.12.15 18:50:00,2025-12-15T18:50:00Z,oos,2961,0,Tier A,tier_a_primary,Tier_A_full_context,c08_exclude_weak_session_bucket,midday_lull_120_240,-0.1762380357885976,0
2025.12.15 18:55:00,2025-12-15T18:55:00Z,oos,2962,0,Tier A,tier_a_primary,Tier_A_full_context,c08_exclude_weak_session_bucket,midday_lull_120_240,-0.1762380357885976,0
2025.12.15 19:00:00,2025-12-15T19:00:00Z,oos,2963,0,Tier A,tier_a_primary,Tier_A_full_context,c08_exclude_weak_session_bucket,midday_lull_120_240,-0.1762380357885976,0
2025.12.15 19:05:00,2025-12-15T19:05:00Z,oos,2964,0,Tier A,tier_a_primary,Tier_A_full_context,c08_exclude_weak_session_bucket,midday_lull_120_240,-0.1762380357885976,0
2025.12.15 19:10:00,2025-12-15T19:10:00Z,oos,2965,0,Tier A,tier_a_primary,Tier_A_full_context,c08_exclude_weak_session_bucket,midday_lull_120_240,-0.1762380357885976,0
2025.12.15 19:15:00,2025-12-15T19:15:00Z,oos,2966,0,Tier A,tier_a_primary,Tier_A_full_context,c08_exclude_weak_session_bucket,midday_lull_120_240,-0.1762380357885976,0
2025.12.15 19:20:00,2025-12-15T19:20:00Z,oos,2967,0,Tier A,tier_a_primary,Tier_A_full_context,c08_exclude_weak_session_bucket,midday_lull_120_240,-0.1762380357885976,0
2025.12.15 19:30:00,2025-12-15T19:30:00Z,oos,2968,0,Tier A,tier_a_primary,Tier_A_full_context,c08_exclude_weak_session_bucket,midday_lull_120_240,-0.1762380357885976,0
2025.12.15 19:35:00,2025-12-15T19:35:00Z,oos,2969,0,Tier A,tier_a_primary,Tier_A_full_context,c08_exclude_weak_session_bucket,midday_lull_120_240,-0.1762380357885976,0
2025.12.15 19:40:00,2025-12-15T19:40:00Z,oos,2970,0,Tier A,tier_a_primary,Tier_A_full_context,c08_exclude_weak_session_bucket,midday_lull_120_240,-0.1762380357885976,0
2025.12.15 19:45:00,2025-12-15T19:45:00Z,oos,2971,0,Tier A,tier_a_primary,Tier_A_full_context,c08_exclude_weak_session_bucket,midday_lull_120_240,-0.1762380357885976,0
2025.12.15 19:50:00,2025-12-15T19:50:00Z,oos,2972,0,Tier A,tier_a_primary,Tier_A_full_context,c08_exclude_weak_session_bucket,midday_lull_120_240,-0.1762380357885976,0
2025.12.15 19:55:00,2025-12-15T19:55:00Z,oos,2973,0,Tier A,tier_a_primary,Tier_A_full_context,c08_exclude_weak_session_bucket,midday_lull_120_240,-0.1762380357885976,0
2025.12.15 20:00:00,2025-12-15T20:00:00Z,oos,2974,0,Tier A,tier_a_primary,Tier_A_full_context,c08_exclude_weak_session_bucket,midday_lull_120_240,-0.1762380357885976,0
2025.12.15 20:20:00,2025-12-15T20:20:00Z,oos,2975,0,Tier A,tier_a_primary,Tier_A_full_context,c08_exclude_weak_session_bucket,midday_lull_120_240,-0.1762380357885976,0
2025.12.15 20:25:00,2025-12-15T20:25:00Z,oos,2976,0,Tier A,tier_a_primary,Tier_A_full_context,c08_exclude_weak_session_bucket,midday_lull_120_240,-0.1762380357885976,0
2025.12.15 20:35:00,2025-12-15T20:35:00Z,oos,2977,0,Tier A,tier_a_primary,Tier_A_full_context,c08_exclude_weak_session_bucket,late_cash_240_330,-0.17209668943772988,0
2025.12.15 20:40:00,2025-12-15T20:40:00Z,oos,2978,0,Tier A,tier_a_primary,Tier_A_full_context,c08_exclude_weak_session_bucket,late_cash_240_330,-0.17209668943772988,0
2025.12.15 20:45:00,2025-12-15T20:45:00Z,oos,2979,0,Tier A,tier_a_primary,Tier_A_full_context,c08_exclude_weak_session_bucket,late_cash_240_330,-0.17209668943772988,0
2025.12.15 20:55:00,2025-12-15T20:55:00Z,oos,2980,0,Tier A,tier_a_primary,Tier_A_full_context,c08_exclude_weak_session_bucket,late_cash_240_330,-0.17209668943772988,0
2025.12.15 21:00:00,2025-12-15T21:00:00Z,oos,2981,0,Tier A,tier_a_primary,Tier_A_full_context,c08_exclude_weak_session_bucket,late_cash_240_330,-0.17209668943772988,0
2025.12.15 21:10:00,2025-12-15T21:10:00Z,oos,2982,0,Tier A,tier_a_primary,Tier_A_full_context,c08_exclude_weak_session_bucket,late_cash_240_330,-0.17209668943772988,0
2025.12.15 21:15:00,2025-12-15T21:15:00Z,oos,2983,0,Tier A,tier_a_primary,Tier_A_full_context,c08_exclude_weak_session_bucket,late_cash_240_330,-0.17209668943772988,0
2025.12.15 21:55:00,2025-12-15T21:55:00Z,oos,2984,0,Tier A,tier_a_primary,Tier_A_full_context,c08_exclude_weak_session_bucket,late_cash_240_330,-0.17209668943772988,0
2025.12.15 22:00:00,2025-12-15T22:00:00Z,oos,2985,0,Tier A,tier_a_primary,Tier_A_full_context,c08_exclude_weak_session_bucket,late_cash_240_330,-0.17209668943772988,0
2025.12.16 16:35:00,2025-12-16T16:35:00Z,oos,2986,1,Tier A,tier_a_primary,Tier_A_full_context,c08_exclude_weak_session_bucket,cash_open_0_30,-0.09635811836115327,1
2025.12.16 16:40:00,2025-12-16T16:40:00Z,oos,2987,0,Tier A,tier_a_primary,Tier_A_full_context,c08_exclude_weak_session_bucket,cash_open_0_30,-0.09635811836115327,0
2025.12.16 16:45:00,2025-12-16T16:45:00Z,oos,2988,-1,Tier A,tier_a_primary,Tier_A_full_context,c08_exclude_weak_session_bucket,cash_open_0_30,-0.09635811836115327,-1
2025.12.16 16:50:00,2025-12-16T16:50:00Z,oos,2989,0,Tier A,tier_a_primary,Tier_A_full_context,c08_exclude_weak_session_bucket,cash_open_0_30,-0.09635811836115327,0
2025.12.16 16:55:00,2025-12-16T16:55:00Z,oos,2990,0,Tier A,tier_a_primary,Tier_A_full_context,c08_exclude_weak_session_bucket,cash_open_0_30,-0.09635811836115327,0
2025.12.16 17:00:00,2025-12-16T17:00:00Z,oos,2991,0,Tier A,tier_a_primary,Tier_A_full_context,c08_exclude_weak_session_bucket,cash_open_0_30,-0.09635811836115327,0
2025.12.16 17:05:00,2025-12-16T17:05:00Z,oos,2992,0,Tier A,tier_a_primary,Tier_A_full_context,c08_exclude_weak_session_bucket,early_cash_30_60,-0.12775735294117646,0
2025.12.16 17:10:00,2025-12-16T17:10:00Z,oos,2993,0,Tier A,tier_a_primary,Tier_A_full_context,c08_exclude_weak_session_bucket,early_cash_30_60,-0.12775735294117646,0
2025.12.16 17:15:00,2025-12-16T17:15:00Z,oos,2994,0,Tier A,tier_a_primary,Tier_A_full_context,c08_exclude_weak_session_bucket,early_cash_30_60,-0.12775735294117646,0
2025.12.16 17:20:00,2025-12-16T17:20:00Z,oos,2995,0,Tier A,tier_a_primary,Tier_A_full_context,c08_exclude_weak_session_bucket,early_cash_30_60,-0.12775735294117646,0
2025.12.16 17:25:00,2025-12-16T17:25:00Z,oos,2996,0,Tier A,tier_a_primary,Tier_A_full_context,c08_exclude_weak_session_bucket,early_cash_30_60,-0.12775735294117646,0
2025.12.16 17:30:00,2025-12-16T17:30:00Z,oos,2997,0,Tier A,tier_a_primary,Tier_A_full_context,c08_exclude_weak_session_bucket,early_cash_30_60,-0.12775735294117646,0
2025.12.16 17:35:00,2025-12-16T17:35:00Z,oos,2998,0,Tier A,tier_a_primary,Tier_A_full_context,c08_exclude_weak_session_bucket,morning_60_120,-0.1698966408268734,0
2025.12.16 17:40:00,2025-12-16T17:40:00Z,oos,2999,0,Tier A,tier_a_primary,Tier_A_full_context,c08_exclude_weak_session_bucket,morning_60_120,-0.1698966408268734,0
2025.12.16 17:45:00,2025-12-16T17:45:00Z,oos,3000,0,Tier A,tier_a_primary,Tier_A_full_context,c08_exclude_weak_session_bucket,morning_60_120,-0.1698966408268734,0
2025.12.16 17:50:00,2025-12-16T17:50:00Z,oos,3001,0,Tier A,tier_a_primary,Tier_A_full_context,c08_exclude_weak_session_bucket,morning_60_120,-0.1698966408268734,0
2025.12.16 17:55:00,2025-12-16T17:55:00Z,oos,3002,0,Tier A,tier_a_primary,Tier_A_full_context,c08_exclude_weak_session_bucket,morning_60_120,-0.1698966408268734,0
2025.12.16 18:00:00,2025-12-16T18:00:00Z,oos,3003,0,Tier A,tier_a_primary,Tier_A_full_context,c08_exclude_weak_session_bucket,morning_60_120,-0.1698966408268734,0
2025.12.16 18:05:00,2025-12-16T18:05:00Z,oos,3004,0,Tier A,tier_a_primary,Tier_A_full_context,c08_exclude_weak_session_bucket,morning_60_120,-0.1698966408268734,0
2025.12.16 18:10:00,2025-12-16T18:10:00Z,oos,3005,0,Tier A,tier_a_primary,Tier_A_full_context,c08_exclude_weak_session_bucket,morning_60_120,-0.1698966408268734,0
2025.12.16 18:15:00,2025-12-16T18:15:00Z,oos,3006,0,Tier A,tier_a_primary,Tier_A_full_context,c08_exclude_weak_session_bucket,morning_60_120,-0.1698966408268734,0
2025.12.16 18:20:00,2025-12-16T18:20:00Z,oos,3007,0,Tier A,tier_a_primary,Tier_A_full_context,c08_exclude_weak_session_bucket,morning_60_120,-0.1698966408268734,0
2025.12.16 18:25:00,2025-12-16T18:25:00Z,oos,3008,0,Tier A,tier_a_primary,Tier_A_full_context,c08_exclude_weak_session_bucket,morning_60_120,-0.1698966408268734,0
2025.12.16 18:30:00,2025-12-16T18:30:00Z,oos,3009,0,Tier A,tier_a_primary,Tier_A_full_context,c08_exclude_weak_session_bucket,morning_60_120,-0.1698966408268734,0
2025.12.16 18:35:00,2025-12-16T18:35:00Z,oos,3010,0,Tier A,tier_a_primary,Tier_A_full_context,c08_exclude_weak_session_bucket,midday_lull_120_240,-0.1762380357885976,0
2025.12.16 18:40:00,2025-12-16T18:40:00Z,oos,3011,0,Tier A,tier_a_primary,Tier_A_full_context,c08_exclude_weak_session_bucket,midday_lull_120_240,-0.1762380357885976,0
2025.12.16 18:45:00,2025-12-16T18:45:00Z,oos,3012,0,Tier A,tier_a_primary,Tier_A_full_context,c08_exclude_weak_session_bucket,midday_lull_120_240,-0.1762380357885976,0
2025.12.16 18:50:00,2025-12-16T18:50:00Z,oos,3013,0,Tier A,tier_a_primary,Tier_A_full_context,c08_exclude_weak_session_bucket,midday_lull_120_240,-0.1762380357885976,0
2025.12.16 18:55:00,2025-12-16T18:55:00Z,oos,3014,0,Tier A,tier_a_primary,Tier_A_full_context,c08_exclude_weak_session_bucket,midday_lull_120_240,-0.1762380357885976,0
2025.12.16 19:00:00,2025-12-16T19:00:00Z,oos,3015,0,Tier A,tier_a_primary,Tier_A_full_context,c08_exclude_weak_session_bucket,midday_lull_120_240,-0.1762380357885976,0
2025.12.16 19:05:00,2025-12-16T19:05:00Z,oos,3016,0,Tier A,tier_a_primary,Tier_A_full_context,c08_exclude_weak_session_bucket,midday_lull_120_240,-0.1762380357885976,0
2025.12.16 19:10:00,2025-12-16T19:10:00Z,oos,3017,0,Tier A,tier_a_primary,Tier_A_full_context,c08_exclude_weak_session_bucket,midday_lull_120_240,-0.1762380357885976,0
2025.12.16 19:15:00,2025-12-16T19:15:00Z,oos,3018,0,Tier A,tier_a_primary,Tier_A_full_context,c08_exclude_weak_session_bucket,midday_lull_120_240,-0.1762380357885976,0
2025.12.16 19:20:00,2025-12-16T19:20:00Z,oos,3019,0,Tier A,tier_a_primary,Tier_A_full_context,c08_exclude_weak_session_bucket,midday_lull_120_240,-0.1762380357885976,0
2025.12.16 19:25:00,2025-12-16T19:25:00Z,oos,3020,0,Tier A,tier_a_primary,Tier_A_full_context,c08_exclude_weak_session_bucket,midday_lull_120_240,-0.1762380357885976,0
2025.12.16 19:35:00,2025-12-16T19:35:00Z,oos,3021,0,Tier A,tier_a_primary,Tier_A_full_context,c08_exclude_weak_session_bucket,midday_lull_120_240,-0.1762380357885976,0
2025.12.16 19:40:00,2025-12-16T19:40:00Z,oos,3022,0,Tier A,tier_a_primary,Tier_A_full_context,c08_exclude_weak_session_bucket,midday_lull_120_240,-0.1762380357885976,0
2025.12.16 19:45:00,2025-12-16T19:45:00Z,oos,3023,0,Tier A,tier_a_primary,Tier_A_full_context,c08_exclude_weak_session_bucket,midday_lull_120_240,-0.1762380357885976,0
2025.12.16 19:50:00,2025-12-16T19:50:00Z,oos,3024,0,Tier A,tier_a_primary,Tier_A_full_context,c08_exclude_weak_session_bucket,midday_lull_120_240,-0.1762380357885976,0
2025.12.16 19:55:00,2025-12-16T19:55:00Z,oos,3025,0,Tier A,tier_a_primary,Tier_A_full_context,c08_exclude_weak_session_bucket,midday_lull_120_240,-0.1762380357885976,0
2025.12.16 20:00:00,2025-12-16T20:00:00Z,oos,3026,0,Tier A,tier_a_primary,Tier_A_full_context,c08_exclude_weak_session_bucket,midday_lull_120_240,-0.1762380357885976,0
2025.12.16 20:05:00,2025-12-16T20:05:00Z,oos,3027,0,Tier A,tier_a_primary,Tier_A_full_context,c08_exclude_weak_session_bucket,midday_lull_120_240,-0.1762380357885976,0
2025.12.16 20:10:00,2025-12-16T20:10:00Z,oos,3028,0,Tier A,tier_a_primary,Tier_A_full_context,c08_exclude_weak_session_bucket,midday_lull_120_240,-0.1762380357885976,0
2025.12.16 20:20:00,2025-12-16T20:20:00Z,oos,3029,0,Tier A,tier_a_primary,Tier_A_full_context,c08_exclude_weak_session_bucket,midday_lull_120_240,-0.1762380357885976,0
2025.12.16 20:25:00,2025-12-16T20:25:00Z,oos,3030,0,Tier A,tier_a_primary,Tier_A_full_context,c08_exclude_weak_session_bucket,midday_lull_120_240,-0.1762380357885976,0
2025.12.16 20:35:00,2025-12-16T20:35:00Z,oos,3031,0,Tier A,tier_a_primary,Tier_A_full_context,c08_exclude_weak_session_bucket,late_cash_240_330,-0.17209668943772988,0
2025.12.16 20:40:00,2025-12-16T20:40:00Z,oos,3032,0,Tier A,tier_a_primary,Tier_A_full_context,c08_exclude_weak_session_bucket,late_cash_240_330,-0.17209668943772988,0
2025.12.16 21:05:00,2025-12-16T21:05:00Z,oos,3033,0,Tier A,tier_a_primary,Tier_A_full_context,c08_exclude_weak_session_bucket,late_cash_240_330,-0.17209668943772988,0
2025.12.16 21:15:00,2025-12-16T21:15:00Z,oos,3034,0,Tier A,tier_a_primary,Tier_A_full_context,c08_exclude_weak_session_bucket,late_cash_240_330,-0.17209668943772988,0
2025.12.16 21:20:00,2025-12-16T21:20:00Z,oos,3035,0,Tier A,tier_a_primary,Tier_A_full_context,c08_exclude_weak_session_bucket,late_cash_240_330,-0.17209668943772988,0
2025.12.16 21:25:00,2025-12-16T21:25:00Z,oos,3036,0,Tier A,tier_a_primary,Tier_A_full_context,c08_exclude_weak_session_bucket,late_cash_240_330,-0.17209668943772988,0
2025.12.16 21:30:00,2025-12-16T21:30:00Z,oos,3037,0,Tier A,tier_a_primary,Tier_A_full_context,c08_exclude_weak_session_bucket,late_cash_240_330,-0.17209668943772988,0
2025.12.16 21:35:00,2025-12-16T21:35:00Z,oos,3038,0,Tier A,tier_a_primary,Tier_A_full_context,c08_exclude_weak_session_bucket,late_cash_240_330,-0.17209668943772988,0
2025.12.16 21:40:00,2025-12-16T21:40:00Z,oos,3039,0,Tier A,tier_a_primary,Tier_A_full_context,c08_exclude_weak_session_bucket,late_cash_240_330,-0.17209668943772988,0
2025.12.16 21:45:00,2025-12-16T21:45:00Z,oos,3040,0,Tier A,tier_a_primary,Tier_A_full_context,c08_exclude_weak_session_bucket,late_cash_240_330,-0.17209668943772988,0
2025.12.16 21:50:00,2025-12-16T21:50:00Z,oos,3041,0,Tier A,tier_a_primary,Tier_A_full_context,c08_exclude_weak_session_bucket,late_cash_240_330,-0.17209668943772988,0
2025.12.16 21:55:00,2025-12-16T21:55:00Z,oos,3042,0,Tier A,tier_a_primary,Tier_A_full_context,c08_exclude_weak_session_bucket,late_cash_240_330,-0.17209668943772988,0
2025.12.17 16:35:00,2025-12-17T16:35:00Z,oos,3043,-1,Tier A,tier_a_primary,Tier_A_full_context,c08_exclude_weak_session_bucket,cash_open_0_30,-0.09635811836115327,-1
2025.12.17 16:40:00,2025-12-17T16:40:00Z,oos,3044,-1,Tier A,tier_a_primary,Tier_A_full_context,c08_exclude_weak_session_bucket,cash_open_0_30,-0.09635811836115327,-1
2025.12.17 16:45:00,2025-12-17T16:45:00Z,oos,3045,0,Tier A,tier_a_primary,Tier_A_full_context,c08_exclude_weak_session_bucket,cash_open_0_30,-0.09635811836115327,0
2025.12.17 16:50:00,2025-12-17T16:50:00Z,oos,3046,0,Tier A,tier_a_primary,Tier_A_full_context,c08_exclude_weak_session_bucket,cash_open_0_30,-0.09635811836115327,0
2025.12.17 16:55:00,2025-12-17T16:55:00Z,oos,3047,0,Tier A,tier_a_primary,Tier_A_full_context,c08_exclude_weak_session_bucket,cash_open_0_30,-0.09635811836115327,0
2025.12.17 17:00:00,2025-12-17T17:00:00Z,oos,3048,1,Tier A,tier_a_primary,Tier_A_full_context,c08_exclude_weak_session_bucket,cash_open_0_30,-0.09635811836115327,1
2025.12.17 17:05:00,2025-12-17T17:05:00Z,oos,3049,0,Tier A,tier_a_primary,Tier_A_full_context,c08_exclude_weak_session_bucket,early_cash_30_60,-0.12775735294117646,0
2025.12.17 17:10:00,2025-12-17T17:10:00Z,oos,3050,0,Tier A,tier_a_primary,Tier_A_full_context,c08_exclude_weak_session_bucket,early_cash_30_60,-0.12775735294117646,0
2025.12.17 17:15:00,2025-12-17T17:15:00Z,oos,3051,1,Tier A,tier_a_primary,Tier_A_full_context,c08_exclude_weak_session_bucket,early_cash_30_60,-0.12775735294117646,1
2025.12.17 17:20:00,2025-12-17T17:20:00Z,oos,3052,0,Tier A,tier_a_primary,Tier_A_full_context,c08_exclude_weak_session_bucket,early_cash_30_60,-0.12775735294117646,0
2025.12.17 17:25:00,2025-12-17T17:25:00Z,oos,3053,1,Tier A,tier_a_primary,Tier_A_full_context,c08_exclude_weak_session_bucket,early_cash_30_60,-0.12775735294117646,1
2025.12.17 17:30:00,2025-12-17T17:30:00Z,oos,3054,0,Tier A,tier_a_primary,Tier_A_full_context,c08_exclude_weak_session_bucket,early_cash_30_60,-0.12775735294117646,0
2025.12.17 17:35:00,2025-12-17T17:35:00Z,oos,3055,-1,Tier A,tier_a_primary,Tier_A_full_context,c08_exclude_weak_session_bucket,morning_60_120,-0.1698966408268734,-1
2025.12.17 17:40:00,2025-12-17T17:40:00Z,oos,3056,-1,Tier A,tier_a_primary,Tier_A_full_context,c08_exclude_weak_session_bucket,morning_60_120,-0.1698966408268734,-1
2025.12.17 17:45:00,2025-12-17T17:45:00Z,oos,3057,-1,Tier A,tier_a_primary,Tier_A_full_context,c08_exclude_weak_session_bucket,morning_60_120,-0.1698966408268734,-1
2025.12.17 17:50:00,2025-12-17T17:50:00Z,oos,3058,0,Tier A,tier_a_primary,Tier_A_full_context,c08_exclude_weak_session_bucket,morning_60_120,-0.1698966408268734,0
2025.12.17 17:55:00,2025-12-17T17:55:00Z,oos,3059,-1,Tier A,tier_a_primary,Tier_A_full_context,c08_exclude_weak_session_bucket,morning_60_120,-0.1698966408268734,-1
2025.12.17 18:00:00,2025-12-17T18:00:00Z,oos,3060,0,Tier A,tier_a_primary,Tier_A_full_context,c08_exclude_weak_session_bucket,morning_60_120,-0.1698966408268734,0
2025.12.17 18:05:00,2025-12-17T18:05:00Z,oos,3061,1,Tier A,tier_a_primary,Tier_A_full_context,c08_exclude_weak_session_bucket,morning_60_120,-0.1698966408268734,1
2025.12.17 18:10:00,2025-12-17T18:10:00Z,oos,3062,1,Tier A,tier_a_primary,Tier_A_full_context,c08_exclude_weak_session_bucket,morning_60_120,-0.1698966408268734,1
2025.12.17 18:15:00,2025-12-17T18:15:00Z,oos,3063,-1,Tier A,tier_a_primary,Tier_A_full_context,c08_exclude_weak_session_bucket,morning_60_120,-0.1698966408268734,-1
2025.12.17 18:20:00,2025-12-17T18:20:00Z,oos,3064,1,Tier A,tier_a_primary,Tier_A_full_context,c08_exclude_weak_session_bucket,morning_60_120,-0.1698966408268734,1
2025.12.17 18:25:00,2025-12-17T18:25:00Z,oos,3065,0,Tier A,tier_a_primary,Tier_A_full_context,c08_exclude_weak_session_bucket,morning_60_120,-0.1698966408268734,0
2025.12.17 18:30:00,2025-12-17T18:30:00Z,oos,3066,0,Tier A,tier_a_primary,Tier_A_full_context,c08_exclude_weak_session_bucket,morning_60_120,-0.1698966408268734,0
2025.12.17 18:35:00,2025-12-17T18:35:00Z,oos,3067,0,Tier A,tier_a_primary,Tier_A_full_context,c08_exclude_weak_session_bucket,midday_lull_120_240,-0.1762380357885976,0
2025.12.17 18:40:00,2025-12-17T18:40:00Z,oos,3068,0,Tier A,tier_a_primary,Tier_A_full_context,c08_exclude_weak_session_bucket,midday_lull_120_240,-0.1762380357885976,0
2025.12.17 18:45:00,2025-12-17T18:45:00Z,oos,3069,0,Tier A,tier_a_primary,Tier_A_full_context,c08_exclude_weak_session_bucket,midday_lull_120_240,-0.1762380357885976,0
2025.12.17 18:55:00,2025-12-17T18:55:00Z,oos,3070,0,Tier A,tier_a_primary,Tier_A_full_context,c08_exclude_weak_session_bucket,midday_lull_120_240,-0.1762380357885976,0
2025.12.17 19:00:00,2025-12-17T19:00:00Z,oos,3071,0,Tier A,tier_a_primary,Tier_A_full_context,c08_exclude_weak_session_bucket,midday_lull_120_240,-0.1762380357885976,0
2025.12.17 19:05:00,2025-12-17T19:05:00Z,oos,3072,0,Tier A,tier_a_primary,Tier_A_full_context,c08_exclude_weak_session_bucket,midday_lull_120_240,-0.1762380357885976,0
2025.12.17 19:10:00,2025-12-17T19:10:00Z,oos,3073,0,Tier A,tier_a_primary,Tier_A_full_context,c08_exclude_weak_session_bucket,midday_lull_120_240,-0.1762380357885976,0
2025.12.17 19:20:00,2025-12-17T19:20:00Z,oos,3074,0,Tier A,tier_a_primary,Tier_A_full_context,c08_exclude_weak_session_bucket,midday_lull_120_240,-0.1762380357885976,0
2025.12.17 19:25:00,2025-12-17T19:25:00Z,oos,3075,0,Tier A,tier_a_primary,Tier_A_full_context,c08_exclude_weak_session_bucket,midday_lull_120_240,-0.1762380357885976,0
2025.12.17 19:35:00,2025-12-17T19:35:00Z,oos,3076,0,Tier A,tier_a_primary,Tier_A_full_context,c08_exclude_weak_session_bucket,midday_lull_120_240,-0.1762380357885976,0
2025.12.17 19:40:00,2025-12-17T19:40:00Z,oos,3077,0,Tier A,tier_a_primary,Tier_A_full_context,c08_exclude_weak_session_bucket,midday_lull_120_240,-0.1762380357885976,0
2025.12.17 19:45:00,2025-12-17T19:45:00Z,oos,3078,0,Tier A,tier_a_primary,Tier_A_full_context,c08_exclude_weak_session_bucket,midday_lull_120_240,-0.1762380357885976,0
2025.12.17 19:50:00,2025-12-17T19:50:00Z,oos,3079,0,Tier A,tier_a_primary,Tier_A_full_context,c08_exclude_weak_session_bucket,midday_lull_120_240,-0.1762380357885976,0
2025.12.17 19:55:00,2025-12-17T19:55:00Z,oos,3080,0,Tier A,tier_a_primary,Tier_A_full_context,c08_exclude_weak_session_bucket,midday_lull_120_240,-0.1762380357885976,0
2025.12.17 20:00:00,2025-12-17T20:00:00Z,oos,3081,0,Tier A,tier_a_primary,Tier_A_full_context,c08_exclude_weak_session_bucket,midday_lull_120_240,-0.1762380357885976,0
2025.12.17 20:05:00,2025-12-17T20:05:00Z,oos,3082,0,Tier A,tier_a_primary,Tier_A_full_context,c08_exclude_weak_session_bucket,midday_lull_120_240,-0.1762380357885976,0
2025.12.17 20:10:00,2025-12-17T20:10:00Z,oos,3083,0,Tier A,tier_a_primary,Tier_A_full_context,c08_exclude_weak_session_bucket,midday_lull_120_240,-0.1762380357885976,0
2025.12.17 20:15:00,2025-12-17T20:15:00Z,oos,3084,0,Tier A,tier_a_primary,Tier_A_full_context,c08_exclude_weak_session_bucket,midday_lull_120_240,-0.1762380357885976,0
2025.12.17 20:20:00,2025-12-17T20:20:00Z,oos,3085,0,Tier A,tier_a_primary,Tier_A_full_context,c08_exclude_weak_session_bucket,midday_lull_120_240,-0.1762380357885976,0
2025.12.17 20:30:00,2025-12-17T20:30:00Z,oos,3086,0,Tier A,tier_a_primary,Tier_A_full_context,c08_exclude_weak_session_bucket,midday_lull_120_240,-0.1762380357885976,0
2025.12.17 20:35:00,2025-12-17T20:35:00Z,oos,3087,0,Tier A,tier_a_primary,Tier_A_full_context,c08_exclude_weak_session_bucket,late_cash_240_330,-0.17209668943772988,0
2025.12.17 20:45:00,2025-12-17T20:45:00Z,oos,3088,0,Tier A,tier_a_primary,Tier_A_full_context,c08_exclude_weak_session_bucket,late_cash_240_330,-0.17209668943772988,0
2025.12.17 20:55:00,2025-12-17T20:55:00Z,oos,3089,0,Tier A,tier_a_primary,Tier_A_full_context,c08_exclude_weak_session_bucket,late_cash_240_330,-0.17209668943772988,0
2025.12.17 21:00:00,2025-12-17T21:00:00Z,oos,3090,1,Tier A,tier_a_primary,Tier_A_full_context,c08_exclude_weak_session_bucket,late_cash_240_330,-0.17209668943772988,1
2025.12.17 21:05:00,2025-12-17T21:05:00Z,oos,3091,0,Tier A,tier_a_primary,Tier_A_full_context,c08_exclude_weak_session_bucket,late_cash_240_330,-0.17209668943772988,0
2025.12.17 21:10:00,2025-12-17T21:10:00Z,oos,3092,0,Tier A,tier_a_primary,Tier_A_full_context,c08_exclude_weak_session_bucket,late_cash_240_330,-0.17209668943772988,0
2025.12.17 21:15:00,2025-12-17T21:15:00Z,oos,3093,0,Tier A,tier_a_primary,Tier_A_full_context,c08_exclude_weak_session_bucket,late_cash_240_330,-0.17209668943772988,0
2025.12.17 21:30:00,2025-12-17T21:30:00Z,oos,3094,-1,Tier A,tier_a_primary,Tier_A_full_context,c08_exclude_weak_session_bucket,late_cash_240_330,-0.17209668943772988,-1
2025.12.17 21:35:00,2025-12-17T21:35:00Z,oos,3095,0,Tier A,tier_a_primary,Tier_A_full_context,c08_exclude_weak_session_bucket,late_cash_240_330,-0.17209668943772988,0
2025.12.17 21:40:00,2025-12-17T21:40:00Z,oos,3096,1,Tier A,tier_a_primary,Tier_A_full_context,c08_exclude_weak_session_bucket,late_cash_240_330,-0.17209668943772988,1
2025.12.17 21:55:00,2025-12-17T21:55:00Z,oos,3097,1,Tier A,tier_a_primary,Tier_A_full_context,c08_exclude_weak_session_bucket,late_cash_240_330,-0.17209668943772988,1
2025.12.17 22:00:00,2025-12-17T22:00:00Z,oos,3098,0,Tier A,tier_a_primary,Tier_A_full_context,c08_exclude_weak_session_bucket,late_cash_240_330,-0.17209668943772988,0
2025.12.18 16:35:00,2025-12-18T16:35:00Z,oos,3099,-1,Tier A,tier_a_primary,Tier_A_full_context,c08_exclude_weak_session_bucket,cash_open_0_30,-0.09635811836115327,-1
2025.12.18 16:40:00,2025-12-18T16:40:00Z,oos,3100,-1,Tier A,tier_a_primary,Tier_A_full_context,c08_exclude_weak_session_bucket,cash_open_0_30,-0.09635811836115327,-1
2025.12.18 16:45:00,2025-12-18T16:45:00Z,oos,3101,0,Tier A,tier_a_primary,Tier_A_full_context,c08_exclude_weak_session_bucket,cash_open_0_30,-0.09635811836115327,0
2025.12.18 16:50:00,2025-12-18T16:50:00Z,oos,3102,0,Tier A,tier_a_primary,Tier_A_full_context,c08_exclude_weak_session_bucket,cash_open_0_30,-0.09635811836115327,0
2025.12.18 16:55:00,2025-12-18T16:55:00Z,oos,3103,1,Tier A,tier_a_primary,Tier_A_full_context,c08_exclude_weak_session_bucket,cash_open_0_30,-0.09635811836115327,1
2025.12.18 17:00:00,2025-12-18T17:00:00Z,oos,3104,0,Tier A,tier_a_primary,Tier_A_full_context,c08_exclude_weak_session_bucket,cash_open_0_30,-0.09635811836115327,0
2025.12.18 17:05:00,2025-12-18T17:05:00Z,oos,3105,0,Tier A,tier_a_primary,Tier_A_full_context,c08_exclude_weak_session_bucket,early_cash_30_60,-0.12775735294117646,0
2025.12.18 17:10:00,2025-12-18T17:10:00Z,oos,3106,-1,Tier A,tier_a_primary,Tier_A_full_context,c08_exclude_weak_session_bucket,early_cash_30_60,-0.12775735294117646,-1
2025.12.18 17:15:00,2025-12-18T17:15:00Z,oos,3107,-1,Tier A,tier_a_primary,Tier_A_full_context,c08_exclude_weak_session_bucket,early_cash_30_60,-0.12775735294117646,-1
2025.12.18 17:20:00,2025-12-18T17:20:00Z,oos,3108,0,Tier A,tier_a_primary,Tier_A_full_context,c08_exclude_weak_session_bucket,early_cash_30_60,-0.12775735294117646,0
2025.12.18 17:25:00,2025-12-18T17:25:00Z,oos,3109,1,Tier A,tier_a_primary,Tier_A_full_context,c08_exclude_weak_session_bucket,early_cash_30_60,-0.12775735294117646,1
2025.12.18 17:30:00,2025-12-18T17:30:00Z,oos,3110,1,Tier A,tier_a_primary,Tier_A_full_context,c08_exclude_weak_session_bucket,early_cash_30_60,-0.12775735294117646,1
2025.12.18 17:35:00,2025-12-18T17:35:00Z,oos,3111,1,Tier A,tier_a_primary,Tier_A_full_context,c08_exclude_weak_session_bucket,morning_60_120,-0.1698966408268734,1
2025.12.18 17:40:00,2025-12-18T17:40:00Z,oos,3112,0,Tier A,tier_a_primary,Tier_A_full_context,c08_exclude_weak_session_bucket,morning_60_120,-0.1698966408268734,0
2025.12.18 17:45:00,2025-12-18T17:45:00Z,oos,3113,0,Tier A,tier_a_primary,Tier_A_full_context,c08_exclude_weak_session_bucket,morning_60_120,-0.1698966408268734,0
2025.12.18 17:50:00,2025-12-18T17:50:00Z,oos,3114,0,Tier A,tier_a_primary,Tier_A_full_context,c08_exclude_weak_session_bucket,morning_60_120,-0.1698966408268734,0
2025.12.18 17:55:00,2025-12-18T17:55:00Z,oos,3115,0,Tier A,tier_a_primary,Tier_A_full_context,c08_exclude_weak_session_bucket,morning_60_120,-0.1698966408268734,0
2025.12.18 18:00:00,2025-12-18T18:00:00Z,oos,3116,0,Tier A,tier_a_primary,Tier_A_full_context,c08_exclude_weak_session_bucket,morning_60_120,-0.1698966408268734,0
2025.12.18 18:05:00,2025-12-18T18:05:00Z,oos,3117,0,Tier A,tier_a_primary,Tier_A_full_context,c08_exclude_weak_session_bucket,morning_60_120,-0.1698966408268734,0
2025.12.18 18:10:00,2025-12-18T18:10:00Z,oos,3118,0,Tier A,tier_a_primary,Tier_A_full_context,c08_exclude_weak_session_bucket,morning_60_120,-0.1698966408268734,0
2025.12.18 18:15:00,2025-12-18T18:15:00Z,oos,3119,0,Tier A,tier_a_primary,Tier_A_full_context,c08_exclude_weak_session_bucket,morning_60_120,-0.1698966408268734,0
2025.12.18 18:20:00,2025-12-18T18:20:00Z,oos,3120,0,Tier A,tier_a_primary,Tier_A_full_context,c08_exclude_weak_session_bucket,morning_60_120,-0.1698966408268734,0
2025.12.18 18:25:00,2025-12-18T18:25:00Z,oos,3121,0,Tier A,tier_a_primary,Tier_A_full_context,c08_exclude_weak_session_bucket,morning_60_120,-0.1698966408268734,0
2025.12.18 18:30:00,2025-12-18T18:30:00Z,oos,3122,-1,Tier A,tier_a_primary,Tier_A_full_context,c08_exclude_weak_session_bucket,morning_60_120,-0.1698966408268734,-1
2025.12.18 18:35:00,2025-12-18T18:35:00Z,oos,3123,0,Tier A,tier_a_primary,Tier_A_full_context,c08_exclude_weak_session_bucket,midday_lull_120_240,-0.1762380357885976,0
2025.12.18 18:40:00,2025-12-18T18:40:00Z,oos,3124,0,Tier A,tier_a_primary,Tier_A_full_context,c08_exclude_weak_session_bucket,midday_lull_120_240,-0.1762380357885976,0
2025.12.18 18:45:00,2025-12-18T18:45:00Z,oos,3125,0,Tier A,tier_a_primary,Tier_A_full_context,c08_exclude_weak_session_bucket,midday_lull_120_240,-0.1762380357885976,0
2025.12.18 18:50:00,2025-12-18T18:50:00Z,oos,3126,0,Tier A,tier_a_primary,Tier_A_full_context,c08_exclude_weak_session_bucket,midday_lull_120_240,-0.1762380357885976,0
2025.12.18 18:55:00,2025-12-18T18:55:00Z,oos,3127,0,Tier A,tier_a_primary,Tier_A_full_context,c08_exclude_weak_session_bucket,midday_lull_120_240,-0.1762380357885976,0
2025.12.18 19:00:00,2025-12-18T19:00:00Z,oos,3128,0,Tier A,tier_a_primary,Tier_A_full_context,c08_exclude_weak_session_bucket,midday_lull_120_240,-0.1762380357885976,0
2025.12.18 19:10:00,2025-12-18T19:10:00Z,oos,3129,0,Tier A,tier_a_primary,Tier_A_full_context,c08_exclude_weak_session_bucket,midday_lull_120_240,-0.1762380357885976,0
2025.12.18 19:15:00,2025-12-18T19:15:00Z,oos,3130,0,Tier A,tier_a_primary,Tier_A_full_context,c08_exclude_weak_session_bucket,midday_lull_120_240,-0.1762380357885976,0
2025.12.18 19:20:00,2025-12-18T19:20:00Z,oos,3131,0,Tier A,tier_a_primary,Tier_A_full_context,c08_exclude_weak_session_bucket,midday_lull_120_240,-0.1762380357885976,0
2025.12.18 19:25:00,2025-12-18T19:25:00Z,oos,3132,0,Tier A,tier_a_primary,Tier_A_full_context,c08_exclude_weak_session_bucket,midday_lull_120_240,-0.1762380357885976,0
2025.12.18 19:30:00,2025-12-18T19:30:00Z,oos,3133,0,Tier A,tier_a_primary,Tier_A_full_context,c08_exclude_weak_session_bucket,midday_lull_120_240,-0.1762380357885976,0
2025.12.18 19:35:00,2025-12-18T19:35:00Z,oos,3134,0,Tier A,tier_a_primary,Tier_A_full_context,c08_exclude_weak_session_bucket,midday_lull_120_240,-0.1762380357885976,0
2025.12.18 19:40:00,2025-12-18T19:40:00Z,oos,3135,0,Tier A,tier_a_primary,Tier_A_full_context,c08_exclude_weak_session_bucket,midday_lull_120_240,-0.1762380357885976,0
2025.12.18 19:45:00,2025-12-18T19:45:00Z,oos,3136,0,Tier A,tier_a_primary,Tier_A_full_context,c08_exclude_weak_session_bucket,midday_lull_120_240,-0.1762380357885976,0
2025.12.18 19:50:00,2025-12-18T19:50:00Z,oos,3137,0,Tier A,tier_a_primary,Tier_A_full_context,c08_exclude_weak_session_bucket,midday_lull_120_240,-0.1762380357885976,0
2025.12.18 19:55:00,2025-12-18T19:55:00Z,oos,3138,0,Tier A,tier_a_primary,Tier_A_full_context,c08_exclude_weak_session_bucket,midday_lull_120_240,-0.1762380357885976,0
2025.12.18 20:05:00,2025-12-18T20:05:00Z,oos,3139,0,Tier A,tier_a_primary,Tier_A_full_context,c08_exclude_weak_session_bucket,midday_lull_120_240,-0.1762380357885976,0
2025.12.18 20:10:00,2025-12-18T20:10:00Z,oos,3140,0,Tier A,tier_a_primary,Tier_A_full_context,c08_exclude_weak_session_bucket,midday_lull_120_240,-0.1762380357885976,0
2025.12.18 20:20:00,2025-12-18T20:20:00Z,oos,3141,0,Tier A,tier_a_primary,Tier_A_full_context,c08_exclude_weak_session_bucket,midday_lull_120_240,-0.1762380357885976,0
2025.12.18 20:30:00,2025-12-18T20:30:00Z,oos,3142,0,Tier A,tier_a_primary,Tier_A_full_context,c08_exclude_weak_session_bucket,midday_lull_120_240,-0.1762380357885976,0
2025.12.18 20:35:00,2025-12-18T20:35:00Z,oos,3143,0,Tier A,tier_a_primary,Tier_A_full_context,c08_exclude_weak_session_bucket,late_cash_240_330,-0.17209668943772988,0
2025.12.18 20:40:00,2025-12-18T20:40:00Z,oos,3144,0,Tier A,tier_a_primary,Tier_A_full_context,c08_exclude_weak_session_bucket,late_cash_240_330,-0.17209668943772988,0
2025.12.18 20:50:00,2025-12-18T20:50:00Z,oos,3145,0,Tier A,tier_a_primary,Tier_A_full_context,c08_exclude_weak_session_bucket,late_cash_240_330,-0.17209668943772988,0
2025.12.18 20:55:00,2025-12-18T20:55:00Z,oos,3146,0,Tier A,tier_a_primary,Tier_A_full_context,c08_exclude_weak_session_bucket,late_cash_240_330,-0.17209668943772988,0
2025.12.18 21:00:00,2025-12-18T21:00:00Z,oos,3147,0,Tier A,tier_a_primary,Tier_A_full_context,c08_exclude_weak_session_bucket,late_cash_240_330,-0.17209668943772988,0
2025.12.18 21:05:00,2025-12-18T21:05:00Z,oos,3148,0,Tier A,tier_a_primary,Tier_A_full_context,c08_exclude_weak_session_bucket,late_cash_240_330,-0.17209668943772988,0
2025.12.18 21:10:00,2025-12-18T21:10:00Z,oos,3149,0,Tier A,tier_a_primary,Tier_A_full_context,c08_exclude_weak_session_bucket,late_cash_240_330,-0.17209668943772988,0
2025.12.18 21:20:00,2025-12-18T21:20:00Z,oos,3150,0,Tier A,tier_a_primary,Tier_A_full_context,c08_exclude_weak_session_bucket,late_cash_240_330,-0.17209668943772988,0
2025.12.18 21:25:00,2025-12-18T21:25:00Z,oos,3151,0,Tier A,tier_a_primary,Tier_A_full_context,c08_exclude_weak_session_bucket,late_cash_240_330,-0.17209668943772988,0
2025.12.18 21:35:00,2025-12-18T21:35:00Z,oos,3152,0,Tier A,tier_a_primary,Tier_A_full_context,c08_exclude_weak_session_bucket,late_cash_240_330,-0.17209668943772988,0
2025.12.18 21:40:00,2025-12-18T21:40:00Z,oos,3153,0,Tier A,tier_a_primary,Tier_A_full_context,c08_exclude_weak_session_bucket,late_cash_240_330,-0.17209668943772988,0
2025.12.18 21:45:00,2025-12-18T21:45:00Z,oos,3154,0,Tier A,tier_a_primary,Tier_A_full_context,c08_exclude_weak_session_bucket,late_cash_240_330,-0.17209668943772988,0
2025.12.18 21:55:00,2025-12-18T21:55:00Z,oos,3155,-1,Tier A,tier_a_primary,Tier_A_full_context,c08_exclude_weak_session_bucket,late_cash_240_330,-0.17209668943772988,-1
2025.12.18 22:00:00,2025-12-18T22:00:00Z,oos,3156,0,Tier A,tier_a_primary,Tier_A_full_context,c08_exclude_weak_session_bucket,late_cash_240_330,-0.17209668943772988,0
2025.12.19 16:35:00,2025-12-19T16:35:00Z,oos,3157,0,Tier A,tier_a_primary,Tier_A_full_context,c08_exclude_weak_session_bucket,cash_open_0_30,-0.09635811836115327,0
2025.12.19 16:40:00,2025-12-19T16:40:00Z,oos,3158,0,Tier A,tier_a_primary,Tier_A_full_context,c08_exclude_weak_session_bucket,cash_open_0_30,-0.09635811836115327,0
2025.12.19 16:45:00,2025-12-19T16:45:00Z,oos,3159,1,Tier A,tier_a_primary,Tier_A_full_context,c08_exclude_weak_session_bucket,cash_open_0_30,-0.09635811836115327,1
2025.12.19 16:50:00,2025-12-19T16:50:00Z,oos,3160,0,Tier A,tier_a_primary,Tier_A_full_context,c08_exclude_weak_session_bucket,cash_open_0_30,-0.09635811836115327,0
2025.12.19 16:55:00,2025-12-19T16:55:00Z,oos,3161,0,Tier A,tier_a_primary,Tier_A_full_context,c08_exclude_weak_session_bucket,cash_open_0_30,-0.09635811836115327,0
2025.12.19 17:00:00,2025-12-19T17:00:00Z,oos,3162,0,Tier A,tier_a_primary,Tier_A_full_context,c08_exclude_weak_session_bucket,cash_open_0_30,-0.09635811836115327,0
2025.12.19 17:05:00,2025-12-19T17:05:00Z,oos,3163,0,Tier A,tier_a_primary,Tier_A_full_context,c08_exclude_weak_session_bucket,early_cash_30_60,-0.12775735294117646,0
2025.12.19 17:10:00,2025-12-19T17:10:00Z,oos,3164,0,Tier A,tier_a_primary,Tier_A_full_context,c08_exclude_weak_session_bucket,early_cash_30_60,-0.12775735294117646,0
2025.12.19 17:15:00,2025-12-19T17:15:00Z,oos,3165,-1,Tier A,tier_a_primary,Tier_A_full_context,c08_exclude_weak_session_bucket,early_cash_30_60,-0.12775735294117646,-1
2025.12.19 17:20:00,2025-12-19T17:20:00Z,oos,3166,0,Tier A,tier_a_primary,Tier_A_full_context,c08_exclude_weak_session_bucket,early_cash_30_60,-0.12775735294117646,0
2025.12.19 17:25:00,2025-12-19T17:25:00Z,oos,3167,-1,Tier A,tier_a_primary,Tier_A_full_context,c08_exclude_weak_session_bucket,early_cash_30_60,-0.12775735294117646,-1
2025.12.19 17:30:00,2025-12-19T17:30:00Z,oos,3168,0,Tier A,tier_a_primary,Tier_A_full_context,c08_exclude_weak_session_bucket,early_cash_30_60,-0.12775735294117646,0
2025.12.19 17:35:00,2025-12-19T17:35:00Z,oos,3169,0,Tier A,tier_a_primary,Tier_A_full_context,c08_exclude_weak_session_bucket,morning_60_120,-0.1698966408268734,0
2025.12.19 17:40:00,2025-12-19T17:40:00Z,oos,3170,0,Tier A,tier_a_primary,Tier_A_full_context,c08_exclude_weak_session_bucket,morning_60_120,-0.1698966408268734,0
2025.12.19 17:45:00,2025-12-19T17:45:00Z,oos,3171,-1,Tier A,tier_a_primary,Tier_A_full_context,c08_exclude_weak_session_bucket,morning_60_120,-0.1698966408268734,-1
2025.12.19 17:50:00,2025-12-19T17:50:00Z,oos,3172,-1,Tier A,tier_a_primary,Tier_A_full_context,c08_exclude_weak_session_bucket,morning_60_120,-0.1698966408268734,-1
2025.12.19 17:55:00,2025-12-19T17:55:00Z,oos,3173,0,Tier A,tier_a_primary,Tier_A_full_context,c08_exclude_weak_session_bucket,morning_60_120,-0.1698966408268734,0
2025.12.19 18:00:00,2025-12-19T18:00:00Z,oos,3174,0,Tier A,tier_a_primary,Tier_A_full_context,c08_exclude_weak_session_bucket,morning_60_120,-0.1698966408268734,0
2025.12.19 18:05:00,2025-12-19T18:05:00Z,oos,3175,0,Tier A,tier_a_primary,Tier_A_full_context,c08_exclude_weak_session_bucket,morning_60_120,-0.1698966408268734,0
2025.12.19 18:10:00,2025-12-19T18:10:00Z,oos,3176,0,Tier A,tier_a_primary,Tier_A_full_context,c08_exclude_weak_session_bucket,morning_60_120,-0.1698966408268734,0
2025.12.19 18:15:00,2025-12-19T18:15:00Z,oos,3177,0,Tier A,tier_a_primary,Tier_A_full_context,c08_exclude_weak_session_bucket,morning_60_120,-0.1698966408268734,0
2025.12.19 18:20:00,2025-12-19T18:20:00Z,oos,3178,0,Tier A,tier_a_primary,Tier_A_full_context,c08_exclude_weak_session_bucket,morning_60_120,-0.1698966408268734,0
2025.12.19 18:25:00,2025-12-19T18:25:00Z,oos,3179,0,Tier A,tier_a_primary,Tier_A_full_context,c08_exclude_weak_session_bucket,morning_60_120,-0.1698966408268734,0
2025.12.19 18:30:00,2025-12-19T18:30:00Z,oos,3180,0,Tier A,tier_a_primary,Tier_A_full_context,c08_exclude_weak_session_bucket,morning_60_120,-0.1698966408268734,0
2025.12.19 18:35:00,2025-12-19T18:35:00Z,oos,3181,0,Tier A,tier_a_primary,Tier_A_full_context,c08_exclude_weak_session_bucket,midday_lull_120_240,-0.1762380357885976,0
2025.12.19 18:40:00,2025-12-19T18:40:00Z,oos,3182,0,Tier A,tier_a_primary,Tier_A_full_context,c08_exclude_weak_session_bucket,midday_lull_120_240,-0.1762380357885976,0
2025.12.19 18:45:00,2025-12-19T18:45:00Z,oos,3183,0,Tier A,tier_a_primary,Tier_A_full_context,c08_exclude_weak_session_bucket,midday_lull_120_240,-0.1762380357885976,0
2025.12.19 18:50:00,2025-12-19T18:50:00Z,oos,3184,0,Tier A,tier_a_primary,Tier_A_full_context,c08_exclude_weak_session_bucket,midday_lull_120_240,-0.1762380357885976,0
2025.12.19 18:55:00,2025-12-19T18:55:00Z,oos,3185,0,Tier A,tier_a_primary,Tier_A_full_context,c08_exclude_weak_session_bucket,midday_lull_120_240,-0.1762380357885976,0
2025.12.19 19:00:00,2025-12-19T19:00:00Z,oos,3186,0,Tier A,tier_a_primary,Tier_A_full_context,c08_exclude_weak_session_bucket,midday_lull_120_240,-0.1762380357885976,0
2025.12.19 19:05:00,2025-12-19T19:05:00Z,oos,3187,0,Tier A,tier_a_primary,Tier_A_full_context,c08_exclude_weak_session_bucket,midday_lull_120_240,-0.1762380357885976,0
2025.12.19 19:10:00,2025-12-19T19:10:00Z,oos,3188,0,Tier A,tier_a_primary,Tier_A_full_context,c08_exclude_weak_session_bucket,midday_lull_120_240,-0.1762380357885976,0
2025.12.19 19:15:00,2025-12-19T19:15:00Z,oos,3189,0,Tier A,tier_a_primary,Tier_A_full_context,c08_exclude_weak_session_bucket,midday_lull_120_240,-0.1762380357885976,0
2025.12.19 19:20:00,2025-12-19T19:20:00Z,oos,3190,0,Tier A,tier_a_primary,Tier_A_full_context,c08_exclude_weak_session_bucket,midday_lull_120_240,-0.1762380357885976,0
2025.12.19 19:25:00,2025-12-19T19:25:00Z,oos,3191,0,Tier A,tier_a_primary,Tier_A_full_context,c08_exclude_weak_session_bucket,midday_lull_120_240,-0.1762380357885976,0
2025.12.19 19:30:00,2025-12-19T19:30:00Z,oos,3192,0,Tier A,tier_a_primary,Tier_A_full_context,c08_exclude_weak_session_bucket,midday_lull_120_240,-0.1762380357885976,0
2025.12.19 19:35:00,2025-12-19T19:35:00Z,oos,3193,0,Tier A,tier_a_primary,Tier_A_full_context,c08_exclude_weak_session_bucket,midday_lull_120_240,-0.1762380357885976,0
2025.12.19 19:45:00,2025-12-19T19:45:00Z,oos,3194,0,Tier A,tier_a_primary,Tier_A_full_context,c08_exclude_weak_session_bucket,midday_lull_120_240,-0.1762380357885976,0
2025.12.19 19:50:00,2025-12-19T19:50:00Z,oos,3195,0,Tier A,tier_a_primary,Tier_A_full_context,c08_exclude_weak_session_bucket,midday_lull_120_240,-0.1762380357885976,0
2025.12.19 20:00:00,2025-12-19T20:00:00Z,oos,3196,0,Tier A,tier_a_primary,Tier_A_full_context,c08_exclude_weak_session_bucket,midday_lull_120_240,-0.1762380357885976,0
2025.12.19 20:05:00,2025-12-19T20:05:00Z,oos,3197,0,Tier A,tier_a_primary,Tier_A_full_context,c08_exclude_weak_session_bucket,midday_lull_120_240,-0.1762380357885976,0
2025.12.19 20:20:00,2025-12-19T20:20:00Z,oos,3198,0,Tier A,tier_a_primary,Tier_A_full_context,c08_exclude_weak_session_bucket,midday_lull_120_240,-0.1762380357885976,0
2025.12.19 20:30:00,2025-12-19T20:30:00Z,oos,3199,0,Tier A,tier_a_primary,Tier_A_full_context,c08_exclude_weak_session_bucket,midday_lull_120_240,-0.1762380357885976,0
2025.12.19 20:35:00,2025-12-19T20:35:00Z,oos,3200,0,Tier A,tier_a_primary,Tier_A_full_context,c08_exclude_weak_session_bucket,late_cash_240_330,-0.17209668943772988,0
2025.12.19 20:40:00,2025-12-19T20:40:00Z,oos,3201,0,Tier A,tier_a_primary,Tier_A_full_context,c08_exclude_weak_session_bucket,late_cash_240_330,-0.17209668943772988,0
2025.12.19 20:50:00,2025-12-19T20:50:00Z,oos,3202,0,Tier A,tier_a_primary,Tier_A_full_context,c08_exclude_weak_session_bucket,late_cash_240_330,-0.17209668943772988,0
2025.12.19 20:55:00,2025-12-19T20:55:00Z,oos,3203,0,Tier A,tier_a_primary,Tier_A_full_context,c08_exclude_weak_session_bucket,late_cash_240_330,-0.17209668943772988,0
2025.12.19 21:00:00,2025-12-19T21:00:00Z,oos,3204,0,Tier A,tier_a_primary,Tier_A_full_context,c08_exclude_weak_session_bucket,late_cash_240_330,-0.17209668943772988,0
2025.12.19 21:05:00,2025-12-19T21:05:00Z,oos,3205,0,Tier A,tier_a_primary,Tier_A_full_context,c08_exclude_weak_session_bucket,late_cash_240_330,-0.17209668943772988,0
2025.12.19 21:15:00,2025-12-19T21:15:00Z,oos,3206,0,Tier A,tier_a_primary,Tier_A_full_context,c08_exclude_weak_session_bucket,late_cash_240_330,-0.17209668943772988,0
2025.12.19 21:25:00,2025-12-19T21:25:00Z,oos,3207,0,Tier A,tier_a_primary,Tier_A_full_context,c08_exclude_weak_session_bucket,late_cash_240_330,-0.17209668943772988,0
2025.12.19 21:30:00,2025-12-19T21:30:00Z,oos,3208,0,Tier A,tier_a_primary,Tier_A_full_context,c08_exclude_weak_session_bucket,late_cash_240_330,-0.17209668943772988,0
2025.12.19 21:45:00,2025-12-19T21:45:00Z,oos,3209,0,Tier A,tier_a_primary,Tier_A_full_context,c08_exclude_weak_session_bucket,late_cash_240_330,-0.17209668943772988,0
2025.12.19 21:50:00,2025-12-19T21:50:00Z,oos,3210,0,Tier A,tier_a_primary,Tier_A_full_context,c08_exclude_weak_session_bucket,late_cash_240_330,-0.17209668943772988,0
2025.12.19 21:55:00,2025-12-19T21:55:00Z,oos,3211,0,Tier A,tier_a_primary,Tier_A_full_context,c08_exclude_weak_session_bucket,late_cash_240_330,-0.17209668943772988,0
2025.12.19 22:00:00,2025-12-19T22:00:00Z,oos,3212,0,Tier A,tier_a_primary,Tier_A_full_context,c08_exclude_weak_session_bucket,late_cash_240_330,-0.17209668943772988,0
2025.12.22 16:35:00,2025-12-22T16:35:00Z,oos,3213,-1,Tier A,tier_a_primary,Tier_A_full_context,c08_exclude_weak_session_bucket,cash_open_0_30,-0.09635811836115327,-1
2025.12.22 16:40:00,2025-12-22T16:40:00Z,oos,3214,0,Tier A,tier_a_primary,Tier_A_full_context,c08_exclude_weak_session_bucket,cash_open_0_30,-0.09635811836115327,0
2025.12.22 16:45:00,2025-12-22T16:45:00Z,oos,3215,0,Tier A,tier_a_primary,Tier_A_full_context,c08_exclude_weak_session_bucket,cash_open_0_30,-0.09635811836115327,0
2025.12.22 16:50:00,2025-12-22T16:50:00Z,oos,3216,1,Tier A,tier_a_primary,Tier_A_full_context,c08_exclude_weak_session_bucket,cash_open_0_30,-0.09635811836115327,1
2025.12.22 17:00:00,2025-12-22T17:00:00Z,oos,3217,0,Tier A,tier_a_primary,Tier_A_full_context,c08_exclude_weak_session_bucket,cash_open_0_30,-0.09635811836115327,0
2025.12.22 17:05:00,2025-12-22T17:05:00Z,oos,3218,-1,Tier A,tier_a_primary,Tier_A_full_context,c08_exclude_weak_session_bucket,early_cash_30_60,-0.12775735294117646,-1
2025.12.22 17:10:00,2025-12-22T17:10:00Z,oos,3219,0,Tier A,tier_a_primary,Tier_A_full_context,c08_exclude_weak_session_bucket,early_cash_30_60,-0.12775735294117646,0
2025.12.22 17:15:00,2025-12-22T17:15:00Z,oos,3220,-1,Tier A,tier_a_primary,Tier_A_full_context,c08_exclude_weak_session_bucket,early_cash_30_60,-0.12775735294117646,-1
2025.12.22 17:20:00,2025-12-22T17:20:00Z,oos,3221,1,Tier A,tier_a_primary,Tier_A_full_context,c08_exclude_weak_session_bucket,early_cash_30_60,-0.12775735294117646,1
2025.12.22 17:25:00,2025-12-22T17:25:00Z,oos,3222,0,Tier A,tier_a_primary,Tier_A_full_context,c08_exclude_weak_session_bucket,early_cash_30_60,-0.12775735294117646,0
2025.12.22 17:40:00,2025-12-22T17:40:00Z,oos,3223,0,Tier A,tier_a_primary,Tier_A_full_context,c08_exclude_weak_session_bucket,morning_60_120,-0.1698966408268734,0
2025.12.22 17:50:00,2025-12-22T17:50:00Z,oos,3224,0,Tier A,tier_a_primary,Tier_A_full_context,c08_exclude_weak_session_bucket,morning_60_120,-0.1698966408268734,0
2025.12.22 18:15:00,2025-12-22T18:15:00Z,oos,3225,0,Tier A,tier_a_primary,Tier_A_full_context,c08_exclude_weak_session_bucket,morning_60_120,-0.1698966408268734,0
2025.12.22 18:20:00,2025-12-22T18:20:00Z,oos,3226,0,Tier A,tier_a_primary,Tier_A_full_context,c08_exclude_weak_session_bucket,morning_60_120,-0.1698966408268734,0
2025.12.22 18:25:00,2025-12-22T18:25:00Z,oos,3227,0,Tier A,tier_a_primary,Tier_A_full_context,c08_exclude_weak_session_bucket,morning_60_120,-0.1698966408268734,0
2025.12.22 18:30:00,2025-12-22T18:30:00Z,oos,3228,0,Tier A,tier_a_primary,Tier_A_full_context,c08_exclude_weak_session_bucket,morning_60_120,-0.1698966408268734,0
2025.12.22 18:35:00,2025-12-22T18:35:00Z,oos,3229,0,Tier A,tier_a_primary,Tier_A_full_context,c08_exclude_weak_session_bucket,midday_lull_120_240,-0.1762380357885976,0
2025.12.22 18:40:00,2025-12-22T18:40:00Z,oos,3230,0,Tier A,tier_a_primary,Tier_A_full_context,c08_exclude_weak_session_bucket,midday_lull_120_240,-0.1762380357885976,0
2025.12.22 18:45:00,2025-12-22T18:45:00Z,oos,3231,0,Tier A,tier_a_primary,Tier_A_full_context,c08_exclude_weak_session_bucket,midday_lull_120_240,-0.1762380357885976,0
2025.12.22 18:55:00,2025-12-22T18:55:00Z,oos,3232,0,Tier A,tier_a_primary,Tier_A_full_context,c08_exclude_weak_session_bucket,midday_lull_120_240,-0.1762380357885976,0
2025.12.22 19:00:00,2025-12-22T19:00:00Z,oos,3233,0,Tier A,tier_a_primary,Tier_A_full_context,c08_exclude_weak_session_bucket,midday_lull_120_240,-0.1762380357885976,0
2025.12.22 19:05:00,2025-12-22T19:05:00Z,oos,3234,0,Tier A,tier_a_primary,Tier_A_full_context,c08_exclude_weak_session_bucket,midday_lull_120_240,-0.1762380357885976,0
2025.12.22 19:10:00,2025-12-22T19:10:00Z,oos,3235,0,Tier A,tier_a_primary,Tier_A_full_context,c08_exclude_weak_session_bucket,midday_lull_120_240,-0.1762380357885976,0
2025.12.22 19:15:00,2025-12-22T19:15:00Z,oos,3236,0,Tier A,tier_a_primary,Tier_A_full_context,c08_exclude_weak_session_bucket,midday_lull_120_240,-0.1762380357885976,0
2025.12.22 19:45:00,2025-12-22T19:45:00Z,oos,3237,0,Tier A,tier_a_primary,Tier_A_full_context,c08_exclude_weak_session_bucket,midday_lull_120_240,-0.1762380357885976,0
2025.12.22 19:55:00,2025-12-22T19:55:00Z,oos,3238,0,Tier A,tier_a_primary,Tier_A_full_context,c08_exclude_weak_session_bucket,midday_lull_120_240,-0.1762380357885976,0
2025.12.22 20:00:00,2025-12-22T20:00:00Z,oos,3239,0,Tier A,tier_a_primary,Tier_A_full_context,c08_exclude_weak_session_bucket,midday_lull_120_240,-0.1762380357885976,0
2025.12.22 20:05:00,2025-12-22T20:05:00Z,oos,3240,0,Tier A,tier_a_primary,Tier_A_full_context,c08_exclude_weak_session_bucket,midday_lull_120_240,-0.1762380357885976,0
2025.12.22 20:10:00,2025-12-22T20:10:00Z,oos,3241,0,Tier A,tier_a_primary,Tier_A_full_context,c08_exclude_weak_session_bucket,midday_lull_120_240,-0.1762380357885976,0
2025.12.22 20:25:00,2025-12-22T20:25:00Z,oos,3242,0,Tier A,tier_a_primary,Tier_A_full_context,c08_exclude_weak_session_bucket,midday_lull_120_240,-0.1762380357885976,0
2025.12.22 20:30:00,2025-12-22T20:30:00Z,oos,3243,0,Tier A,tier_a_primary,Tier_A_full_context,c08_exclude_weak_session_bucket,midday_lull_120_240,-0.1762380357885976,0
2025.12.22 20:35:00,2025-12-22T20:35:00Z,oos,3244,0,Tier A,tier_a_primary,Tier_A_full_context,c08_exclude_weak_session_bucket,late_cash_240_330,-0.17209668943772988,0
2025.12.22 20:40:00,2025-12-22T20:40:00Z,oos,3245,0,Tier A,tier_a_primary,Tier_A_full_context,c08_exclude_weak_session_bucket,late_cash_240_330,-0.17209668943772988,0
2025.12.22 20:45:00,2025-12-22T20:45:00Z,oos,3246,0,Tier A,tier_a_primary,Tier_A_full_context,c08_exclude_weak_session_bucket,late_cash_240_330,-0.17209668943772988,0
2025.12.22 20:50:00,2025-12-22T20:50:00Z,oos,3247,0,Tier A,tier_a_primary,Tier_A_full_context,c08_exclude_weak_session_bucket,late_cash_240_330,-0.17209668943772988,0
2025.12.22 20:55:00,2025-12-22T20:55:00Z,oos,3248,0,Tier A,tier_a_primary,Tier_A_full_context,c08_exclude_weak_session_bucket,late_cash_240_330,-0.17209668943772988,0
2025.12.22 21:00:00,2025-12-22T21:00:00Z,oos,3249,0,Tier A,tier_a_primary,Tier_A_full_context,c08_exclude_weak_session_bucket,late_cash_240_330,-0.17209668943772988,0
2025.12.22 21:10:00,2025-12-22T21:10:00Z,oos,3250,0,Tier A,tier_a_primary,Tier_A_full_context,c08_exclude_weak_session_bucket,late_cash_240_330,-0.17209668943772988,0
2025.12.22 21:15:00,2025-12-22T21:15:00Z,oos,3251,0,Tier A,tier_a_primary,Tier_A_full_context,c08_exclude_weak_session_bucket,late_cash_240_330,-0.17209668943772988,0
2025.12.22 21:20:00,2025-12-22T21:20:00Z,oos,3252,0,Tier A,tier_a_primary,Tier_A_full_context,c08_exclude_weak_session_bucket,late_cash_240_330,-0.17209668943772988,0
2025.12.22 21:25:00,2025-12-22T21:25:00Z,oos,3253,0,Tier A,tier_a_primary,Tier_A_full_context,c08_exclude_weak_session_bucket,late_cash_240_330,-0.17209668943772988,0
2025.12.22 21:35:00,2025-12-22T21:35:00Z,oos,3254,0,Tier A,tier_a_primary,Tier_A_full_context,c08_exclude_weak_session_bucket,late_cash_240_330,-0.17209668943772988,0
2025.12.22 21:40:00,2025-12-22T21:40:00Z,oos,3255,0,Tier A,tier_a_primary,Tier_A_full_context,c08_exclude_weak_session_bucket,late_cash_240_330,-0.17209668943772988,0
2025.12.22 22:00:00,2025-12-22T22:00:00Z,oos,3256,0,Tier A,tier_a_primary,Tier_A_full_context,c08_exclude_weak_session_bucket,late_cash_240_330,-0.17209668943772988,0
2025.12.23 16:35:00,2025-12-23T16:35:00Z,oos,3257,1,Tier A,tier_a_primary,Tier_A_full_context,c08_exclude_weak_session_bucket,cash_open_0_30,-0.09635811836115327,1
2025.12.23 16:40:00,2025-12-23T16:40:00Z,oos,3258,0,Tier A,tier_a_primary,Tier_A_full_context,c08_exclude_weak_session_bucket,cash_open_0_30,-0.09635811836115327,0
2025.12.23 16:45:00,2025-12-23T16:45:00Z,oos,3259,0,Tier A,tier_a_primary,Tier_A_full_context,c08_exclude_weak_session_bucket,cash_open_0_30,-0.09635811836115327,0
2025.12.23 16:50:00,2025-12-23T16:50:00Z,oos,3260,0,Tier A,tier_a_primary,Tier_A_full_context,c08_exclude_weak_session_bucket,cash_open_0_30,-0.09635811836115327,0
2025.12.23 16:55:00,2025-12-23T16:55:00Z,oos,3261,-1,Tier A,tier_a_primary,Tier_A_full_context,c08_exclude_weak_session_bucket,cash_open_0_30,-0.09635811836115327,-1
2025.12.23 17:00:00,2025-12-23T17:00:00Z,oos,3262,0,Tier A,tier_a_primary,Tier_A_full_context,c08_exclude_weak_session_bucket,cash_open_0_30,-0.09635811836115327,0
2025.12.23 17:05:00,2025-12-23T17:05:00Z,oos,3263,-1,Tier A,tier_a_primary,Tier_A_full_context,c08_exclude_weak_session_bucket,early_cash_30_60,-0.12775735294117646,-1
2025.12.23 17:10:00,2025-12-23T17:10:00Z,oos,3264,1,Tier A,tier_a_primary,Tier_A_full_context,c08_exclude_weak_session_bucket,early_cash_30_60,-0.12775735294117646,1
2025.12.23 17:15:00,2025-12-23T17:15:00Z,oos,3265,0,Tier A,tier_a_primary,Tier_A_full_context,c08_exclude_weak_session_bucket,early_cash_30_60,-0.12775735294117646,0
2025.12.23 17:20:00,2025-12-23T17:20:00Z,oos,3266,1,Tier A,tier_a_primary,Tier_A_full_context,c08_exclude_weak_session_bucket,early_cash_30_60,-0.12775735294117646,1
2025.12.23 17:25:00,2025-12-23T17:25:00Z,oos,3267,0,Tier A,tier_a_primary,Tier_A_full_context,c08_exclude_weak_session_bucket,early_cash_30_60,-0.12775735294117646,0
2025.12.23 17:30:00,2025-12-23T17:30:00Z,oos,3268,0,Tier A,tier_a_primary,Tier_A_full_context,c08_exclude_weak_session_bucket,early_cash_30_60,-0.12775735294117646,0
2025.12.23 17:35:00,2025-12-23T17:35:00Z,oos,3269,0,Tier A,tier_a_primary,Tier_A_full_context,c08_exclude_weak_session_bucket,morning_60_120,-0.1698966408268734,0
2025.12.23 17:40:00,2025-12-23T17:40:00Z,oos,3270,0,Tier A,tier_a_primary,Tier_A_full_context,c08_exclude_weak_session_bucket,morning_60_120,-0.1698966408268734,0
2025.12.23 17:45:00,2025-12-23T17:45:00Z,oos,3271,0,Tier A,tier_a_primary,Tier_A_full_context,c08_exclude_weak_session_bucket,morning_60_120,-0.1698966408268734,0
2025.12.23 17:50:00,2025-12-23T17:50:00Z,oos,3272,0,Tier A,tier_a_primary,Tier_A_full_context,c08_exclude_weak_session_bucket,morning_60_120,-0.1698966408268734,0
2025.12.23 17:55:00,2025-12-23T17:55:00Z,oos,3273,0,Tier A,tier_a_primary,Tier_A_full_context,c08_exclude_weak_session_bucket,morning_60_120,-0.1698966408268734,0
2025.12.23 18:00:00,2025-12-23T18:00:00Z,oos,3274,0,Tier A,tier_a_primary,Tier_A_full_context,c08_exclude_weak_session_bucket,morning_60_120,-0.1698966408268734,0
2025.12.23 18:05:00,2025-12-23T18:05:00Z,oos,3275,0,Tier A,tier_a_primary,Tier_A_full_context,c08_exclude_weak_session_bucket,morning_60_120,-0.1698966408268734,0
2025.12.23 18:10:00,2025-12-23T18:10:00Z,oos,3276,0,Tier A,tier_a_primary,Tier_A_full_context,c08_exclude_weak_session_bucket,morning_60_120,-0.1698966408268734,0
2025.12.23 18:15:00,2025-12-23T18:15:00Z,oos,3277,0,Tier A,tier_a_primary,Tier_A_full_context,c08_exclude_weak_session_bucket,morning_60_120,-0.1698966408268734,0
2025.12.23 18:20:00,2025-12-23T18:20:00Z,oos,3278,0,Tier A,tier_a_primary,Tier_A_full_context,c08_exclude_weak_session_bucket,morning_60_120,-0.1698966408268734,0
2025.12.23 18:30:00,2025-12-23T18:30:00Z,oos,3279,0,Tier A,tier_a_primary,Tier_A_full_context,c08_exclude_weak_session_bucket,morning_60_120,-0.1698966408268734,0
2025.12.23 18:35:00,2025-12-23T18:35:00Z,oos,3280,0,Tier A,tier_a_primary,Tier_A_full_context,c08_exclude_weak_session_bucket,midday_lull_120_240,-0.1762380357885976,0
2025.12.23 18:40:00,2025-12-23T18:40:00Z,oos,3281,0,Tier A,tier_a_primary,Tier_A_full_context,c08_exclude_weak_session_bucket,midday_lull_120_240,-0.1762380357885976,0
2025.12.23 18:45:00,2025-12-23T18:45:00Z,oos,3282,0,Tier A,tier_a_primary,Tier_A_full_context,c08_exclude_weak_session_bucket,midday_lull_120_240,-0.1762380357885976,0
2025.12.23 18:50:00,2025-12-23T18:50:00Z,oos,3283,0,Tier A,tier_a_primary,Tier_A_full_context,c08_exclude_weak_session_bucket,midday_lull_120_240,-0.1762380357885976,0
2025.12.23 18:55:00,2025-12-23T18:55:00Z,oos,3284,0,Tier A,tier_a_primary,Tier_A_full_context,c08_exclude_weak_session_bucket,midday_lull_120_240,-0.1762380357885976,0
2025.12.23 19:05:00,2025-12-23T19:05:00Z,oos,3285,0,Tier A,tier_a_primary,Tier_A_full_context,c08_exclude_weak_session_bucket,midday_lull_120_240,-0.1762380357885976,0
2025.12.23 19:10:00,2025-12-23T19:10:00Z,oos,3286,0,Tier A,tier_a_primary,Tier_A_full_context,c08_exclude_weak_session_bucket,midday_lull_120_240,-0.1762380357885976,0
2025.12.23 19:15:00,2025-12-23T19:15:00Z,oos,3287,0,Tier A,tier_a_primary,Tier_A_full_context,c08_exclude_weak_session_bucket,midday_lull_120_240,-0.1762380357885976,0
2025.12.23 19:20:00,2025-12-23T19:20:00Z,oos,3288,0,Tier A,tier_a_primary,Tier_A_full_context,c08_exclude_weak_session_bucket,midday_lull_120_240,-0.1762380357885976,0
2025.12.23 19:25:00,2025-12-23T19:25:00Z,oos,3289,0,Tier A,tier_a_primary,Tier_A_full_context,c08_exclude_weak_session_bucket,midday_lull_120_240,-0.1762380357885976,0
2025.12.23 19:35:00,2025-12-23T19:35:00Z,oos,3290,0,Tier A,tier_a_primary,Tier_A_full_context,c08_exclude_weak_session_bucket,midday_lull_120_240,-0.1762380357885976,0
2025.12.23 19:45:00,2025-12-23T19:45:00Z,oos,3291,0,Tier A,tier_a_primary,Tier_A_full_context,c08_exclude_weak_session_bucket,midday_lull_120_240,-0.1762380357885976,0
2025.12.23 19:55:00,2025-12-23T19:55:00Z,oos,3292,0,Tier A,tier_a_primary,Tier_A_full_context,c08_exclude_weak_session_bucket,midday_lull_120_240,-0.1762380357885976,0
2025.12.23 20:05:00,2025-12-23T20:05:00Z,oos,3293,0,Tier A,tier_a_primary,Tier_A_full_context,c08_exclude_weak_session_bucket,midday_lull_120_240,-0.1762380357885976,0
2025.12.23 20:10:00,2025-12-23T20:10:00Z,oos,3294,0,Tier A,tier_a_primary,Tier_A_full_context,c08_exclude_weak_session_bucket,midday_lull_120_240,-0.1762380357885976,0
2025.12.23 20:20:00,2025-12-23T20:20:00Z,oos,3295,0,Tier A,tier_a_primary,Tier_A_full_context,c08_exclude_weak_session_bucket,midday_lull_120_240,-0.1762380357885976,0
2025.12.23 20:25:00,2025-12-23T20:25:00Z,oos,3296,0,Tier A,tier_a_primary,Tier_A_full_context,c08_exclude_weak_session_bucket,midday_lull_120_240,-0.1762380357885976,0
2025.12.23 20:30:00,2025-12-23T20:30:00Z,oos,3297,0,Tier A,tier_a_primary,Tier_A_full_context,c08_exclude_weak_session_bucket,midday_lull_120_240,-0.1762380357885976,0
2025.12.23 20:50:00,2025-12-23T20:50:00Z,oos,3298,0,Tier A,tier_a_primary,Tier_A_full_context,c08_exclude_weak_session_bucket,late_cash_240_330,-0.17209668943772988,0
2025.12.23 21:10:00,2025-12-23T21:10:00Z,oos,3299,0,Tier A,tier_a_primary,Tier_A_full_context,c08_exclude_weak_session_bucket,late_cash_240_330,-0.17209668943772988,0
2025.12.23 21:30:00,2025-12-23T21:30:00Z,oos,3300,0,Tier A,tier_a_primary,Tier_A_full_context,c08_exclude_weak_session_bucket,late_cash_240_330,-0.17209668943772988,0
2025.12.23 21:40:00,2025-12-23T21:40:00Z,oos,3301,0,Tier A,tier_a_primary,Tier_A_full_context,c08_exclude_weak_session_bucket,late_cash_240_330,-0.17209668943772988,0
2025.12.23 21:45:00,2025-12-23T21:45:00Z,oos,3302,0,Tier A,tier_a_primary,Tier_A_full_context,c08_exclude_weak_session_bucket,late_cash_240_330,-0.17209668943772988,0
2025.12.26 16:35:00,2025-12-26T16:35:00Z,oos,3303,0,Tier A,tier_a_primary,Tier_A_full_context,c08_exclude_weak_session_bucket,cash_open_0_30,-0.09635811836115327,0
2025.12.26 16:40:00,2025-12-26T16:40:00Z,oos,3304,0,Tier A,tier_a_primary,Tier_A_full_context,c08_exclude_weak_session_bucket,cash_open_0_30,-0.09635811836115327,0
2025.12.26 16:45:00,2025-12-26T16:45:00Z,oos,3305,0,Tier A,tier_a_primary,Tier_A_full_context,c08_exclude_weak_session_bucket,cash_open_0_30,-0.09635811836115327,0
2025.12.26 16:50:00,2025-12-26T16:50:00Z,oos,3306,0,Tier A,tier_a_primary,Tier_A_full_context,c08_exclude_weak_session_bucket,cash_open_0_30,-0.09635811836115327,0
2025.12.26 16:55:00,2025-12-26T16:55:00Z,oos,3307,0,Tier A,tier_a_primary,Tier_A_full_context,c08_exclude_weak_session_bucket,cash_open_0_30,-0.09635811836115327,0
2025.12.26 17:00:00,2025-12-26T17:00:00Z,oos,3308,0,Tier A,tier_a_primary,Tier_A_full_context,c08_exclude_weak_session_bucket,cash_open_0_30,-0.09635811836115327,0
2025.12.26 17:05:00,2025-12-26T17:05:00Z,oos,3309,0,Tier A,tier_a_primary,Tier_A_full_context,c08_exclude_weak_session_bucket,early_cash_30_60,-0.12775735294117646,0
2025.12.26 17:10:00,2025-12-26T17:10:00Z,oos,3310,0,Tier A,tier_a_primary,Tier_A_full_context,c08_exclude_weak_session_bucket,early_cash_30_60,-0.12775735294117646,0
2025.12.26 17:15:00,2025-12-26T17:15:00Z,oos,3311,-1,Tier A,tier_a_primary,Tier_A_full_context,c08_exclude_weak_session_bucket,early_cash_30_60,-0.12775735294117646,-1
2025.12.26 17:20:00,2025-12-26T17:20:00Z,oos,3312,1,Tier A,tier_a_primary,Tier_A_full_context,c08_exclude_weak_session_bucket,early_cash_30_60,-0.12775735294117646,1
2025.12.26 17:25:00,2025-12-26T17:25:00Z,oos,3313,1,Tier A,tier_a_primary,Tier_A_full_context,c08_exclude_weak_session_bucket,early_cash_30_60,-0.12775735294117646,1
2025.12.26 17:30:00,2025-12-26T17:30:00Z,oos,3314,0,Tier A,tier_a_primary,Tier_A_full_context,c08_exclude_weak_session_bucket,early_cash_30_60,-0.12775735294117646,0
2025.12.26 17:35:00,2025-12-26T17:35:00Z,oos,3315,0,Tier A,tier_a_primary,Tier_A_full_context,c08_exclude_weak_session_bucket,morning_60_120,-0.1698966408268734,0
2025.12.26 17:40:00,2025-12-26T17:40:00Z,oos,3316,0,Tier A,tier_a_primary,Tier_A_full_context,c08_exclude_weak_session_bucket,morning_60_120,-0.1698966408268734,0
2025.12.26 17:45:00,2025-12-26T17:45:00Z,oos,3317,0,Tier A,tier_a_primary,Tier_A_full_context,c08_exclude_weak_session_bucket,morning_60_120,-0.1698966408268734,0
2025.12.26 17:55:00,2025-12-26T17:55:00Z,oos,3318,0,Tier A,tier_a_primary,Tier_A_full_context,c08_exclude_weak_session_bucket,morning_60_120,-0.1698966408268734,0
2025.12.26 18:00:00,2025-12-26T18:00:00Z,oos,3319,0,Tier A,tier_a_primary,Tier_A_full_context,c08_exclude_weak_session_bucket,morning_60_120,-0.1698966408268734,0
2025.12.26 18:05:00,2025-12-26T18:05:00Z,oos,3320,0,Tier A,tier_a_primary,Tier_A_full_context,c08_exclude_weak_session_bucket,morning_60_120,-0.1698966408268734,0
2025.12.26 18:10:00,2025-12-26T18:10:00Z,oos,3321,0,Tier A,tier_a_primary,Tier_A_full_context,c08_exclude_weak_session_bucket,morning_60_120,-0.1698966408268734,0
2025.12.26 18:15:00,2025-12-26T18:15:00Z,oos,3322,0,Tier A,tier_a_primary,Tier_A_full_context,c08_exclude_weak_session_bucket,morning_60_120,-0.1698966408268734,0
2025.12.26 18:20:00,2025-12-26T18:20:00Z,oos,3323,0,Tier A,tier_a_primary,Tier_A_full_context,c08_exclude_weak_session_bucket,morning_60_120,-0.1698966408268734,0
2025.12.26 18:25:00,2025-12-26T18:25:00Z,oos,3324,1,Tier A,tier_a_primary,Tier_A_full_context,c08_exclude_weak_session_bucket,morning_60_120,-0.1698966408268734,1
2025.12.26 18:30:00,2025-12-26T18:30:00Z,oos,3325,0,Tier A,tier_a_primary,Tier_A_full_context,c08_exclude_weak_session_bucket,morning_60_120,-0.1698966408268734,0
2025.12.26 18:35:00,2025-12-26T18:35:00Z,oos,3326,0,Tier A,tier_a_primary,Tier_A_full_context,c08_exclude_weak_session_bucket,midday_lull_120_240,-0.1762380357885976,0
2025.12.26 18:40:00,2025-12-26T18:40:00Z,oos,3327,0,Tier A,tier_a_primary,Tier_A_full_context,c08_exclude_weak_session_bucket,midday_lull_120_240,-0.1762380357885976,0
2025.12.26 18:45:00,2025-12-26T18:45:00Z,oos,3328,0,Tier A,tier_a_primary,Tier_A_full_context,c08_exclude_weak_session_bucket,midday_lull_120_240,-0.1762380357885976,0
2025.12.26 18:50:00,2025-12-26T18:50:00Z,oos,3329,0,Tier A,tier_a_primary,Tier_A_full_context,c08_exclude_weak_session_bucket,midday_lull_120_240,-0.1762380357885976,0
2025.12.26 18:55:00,2025-12-26T18:55:00Z,oos,3330,0,Tier A,tier_a_primary,Tier_A_full_context,c08_exclude_weak_session_bucket,midday_lull_120_240,-0.1762380357885976,0
2025.12.26 19:05:00,2025-12-26T19:05:00Z,oos,3331,0,Tier A,tier_a_primary,Tier_A_full_context,c08_exclude_weak_session_bucket,midday_lull_120_240,-0.1762380357885976,0
2025.12.26 19:20:00,2025-12-26T19:20:00Z,oos,3332,0,Tier A,tier_a_primary,Tier_A_full_context,c08_exclude_weak_session_bucket,midday_lull_120_240,-0.1762380357885976,0
2025.12.26 19:25:00,2025-12-26T19:25:00Z,oos,3333,0,Tier A,tier_a_primary,Tier_A_full_context,c08_exclude_weak_session_bucket,midday_lull_120_240,-0.1762380357885976,0
2025.12.26 19:30:00,2025-12-26T19:30:00Z,oos,3334,0,Tier A,tier_a_primary,Tier_A_full_context,c08_exclude_weak_session_bucket,midday_lull_120_240,-0.1762380357885976,0
2025.12.26 19:35:00,2025-12-26T19:35:00Z,oos,3335,0,Tier A,tier_a_primary,Tier_A_full_context,c08_exclude_weak_session_bucket,midday_lull_120_240,-0.1762380357885976,0
2025.12.26 19:40:00,2025-12-26T19:40:00Z,oos,3336,0,Tier A,tier_a_primary,Tier_A_full_context,c08_exclude_weak_session_bucket,midday_lull_120_240,-0.1762380357885976,0
2025.12.26 19:45:00,2025-12-26T19:45:00Z,oos,3337,0,Tier A,tier_a_primary,Tier_A_full_context,c08_exclude_weak_session_bucket,midday_lull_120_240,-0.1762380357885976,0
2025.12.26 19:50:00,2025-12-26T19:50:00Z,oos,3338,0,Tier A,tier_a_primary,Tier_A_full_context,c08_exclude_weak_session_bucket,midday_lull_120_240,-0.1762380357885976,0
2025.12.26 19:55:00,2025-12-26T19:55:00Z,oos,3339,0,Tier A,tier_a_primary,Tier_A_full_context,c08_exclude_weak_session_bucket,midday_lull_120_240,-0.1762380357885976,0
2025.12.26 20:00:00,2025-12-26T20:00:00Z,oos,3340,0,Tier A,tier_a_primary,Tier_A_full_context,c08_exclude_weak_session_bucket,midday_lull_120_240,-0.1762380357885976,0
2025.12.26 20:05:00,2025-12-26T20:05:00Z,oos,3341,0,Tier A,tier_a_primary,Tier_A_full_context,c08_exclude_weak_session_bucket,midday_lull_120_240,-0.1762380357885976,0
2025.12.26 20:20:00,2025-12-26T20:20:00Z,oos,3342,0,Tier A,tier_a_primary,Tier_A_full_context,c08_exclude_weak_session_bucket,midday_lull_120_240,-0.1762380357885976,0
2025.12.26 20:25:00,2025-12-26T20:25:00Z,oos,3343,0,Tier A,tier_a_primary,Tier_A_full_context,c08_exclude_weak_session_bucket,midday_lull_120_240,-0.1762380357885976,0
2025.12.26 20:35:00,2025-12-26T20:35:00Z,oos,3344,0,Tier A,tier_a_primary,Tier_A_full_context,c08_exclude_weak_session_bucket,late_cash_240_330,-0.17209668943772988,0
2025.12.26 20:40:00,2025-12-26T20:40:00Z,oos,3345,0,Tier A,tier_a_primary,Tier_A_full_context,c08_exclude_weak_session_bucket,late_cash_240_330,-0.17209668943772988,0
2025.12.26 21:00:00,2025-12-26T21:00:00Z,oos,3346,0,Tier A,tier_a_primary,Tier_A_full_context,c08_exclude_weak_session_bucket,late_cash_240_330,-0.17209668943772988,0
2025.12.26 21:05:00,2025-12-26T21:05:00Z,oos,3347,0,Tier A,tier_a_primary,Tier_A_full_context,c08_exclude_weak_session_bucket,late_cash_240_330,-0.17209668943772988,0
2025.12.26 21:15:00,2025-12-26T21:15:00Z,oos,3348,0,Tier A,tier_a_primary,Tier_A_full_context,c08_exclude_weak_session_bucket,late_cash_240_330,-0.17209668943772988,0
2025.12.26 21:40:00,2025-12-26T21:40:00Z,oos,3349,0,Tier A,tier_a_primary,Tier_A_full_context,c08_exclude_weak_session_bucket,late_cash_240_330,-0.17209668943772988,0
2025.12.26 21:45:00,2025-12-26T21:45:00Z,oos,3350,0,Tier A,tier_a_primary,Tier_A_full_context,c08_exclude_weak_session_bucket,late_cash_240_330,-0.17209668943772988,0
2025.12.26 21:50:00,2025-12-26T21:50:00Z,oos,3351,0,Tier A,tier_a_primary,Tier_A_full_context,c08_exclude_weak_session_bucket,late_cash_240_330,-0.17209668943772988,0
2025.12.26 21:55:00,2025-12-26T21:55:00Z,oos,3352,0,Tier A,tier_a_primary,Tier_A_full_context,c08_exclude_weak_session_bucket,late_cash_240_330,-0.17209668943772988,0
2025.12.26 22:00:00,2025-12-26T22:00:00Z,oos,3353,0,Tier A,tier_a_primary,Tier_A_full_context,c08_exclude_weak_session_bucket,late_cash_240_330,-0.17209668943772988,0
2025.12.29 16:35:00,2025-12-29T16:35:00Z,oos,3354,1,Tier A,tier_a_primary,Tier_A_full_context,c08_exclude_weak_session_bucket,cash_open_0_30,-0.09635811836115327,1
2025.12.29 16:40:00,2025-12-29T16:40:00Z,oos,3355,1,Tier A,tier_a_primary,Tier_A_full_context,c08_exclude_weak_session_bucket,cash_open_0_30,-0.09635811836115327,1
2025.12.29 16:45:00,2025-12-29T16:45:00Z,oos,3356,0,Tier A,tier_a_primary,Tier_A_full_context,c08_exclude_weak_session_bucket,cash_open_0_30,-0.09635811836115327,0
2025.12.29 16:50:00,2025-12-29T16:50:00Z,oos,3357,-1,Tier A,tier_a_primary,Tier_A_full_context,c08_exclude_weak_session_bucket,cash_open_0_30,-0.09635811836115327,-1
2025.12.29 16:55:00,2025-12-29T16:55:00Z,oos,3358,0,Tier A,tier_a_primary,Tier_A_full_context,c08_exclude_weak_session_bucket,cash_open_0_30,-0.09635811836115327,0
2025.12.29 17:00:00,2025-12-29T17:00:00Z,oos,3359,0,Tier A,tier_a_primary,Tier_A_full_context,c08_exclude_weak_session_bucket,cash_open_0_30,-0.09635811836115327,0
2025.12.29 17:05:00,2025-12-29T17:05:00Z,oos,3360,0,Tier A,tier_a_primary,Tier_A_full_context,c08_exclude_weak_session_bucket,early_cash_30_60,-0.12775735294117646,0
2025.12.29 17:10:00,2025-12-29T17:10:00Z,oos,3361,-1,Tier A,tier_a_primary,Tier_A_full_context,c08_exclude_weak_session_bucket,early_cash_30_60,-0.12775735294117646,-1
2025.12.29 17:15:00,2025-12-29T17:15:00Z,oos,3362,0,Tier A,tier_a_primary,Tier_A_full_context,c08_exclude_weak_session_bucket,early_cash_30_60,-0.12775735294117646,0
2025.12.29 17:20:00,2025-12-29T17:20:00Z,oos,3363,1,Tier A,tier_a_primary,Tier_A_full_context,c08_exclude_weak_session_bucket,early_cash_30_60,-0.12775735294117646,1
2025.12.29 17:25:00,2025-12-29T17:25:00Z,oos,3364,1,Tier A,tier_a_primary,Tier_A_full_context,c08_exclude_weak_session_bucket,early_cash_30_60,-0.12775735294117646,1
2025.12.29 17:35:00,2025-12-29T17:35:00Z,oos,3365,0,Tier A,tier_a_primary,Tier_A_full_context,c08_exclude_weak_session_bucket,morning_60_120,-0.1698966408268734,0
2025.12.29 17:40:00,2025-12-29T17:40:00Z,oos,3366,0,Tier A,tier_a_primary,Tier_A_full_context,c08_exclude_weak_session_bucket,morning_60_120,-0.1698966408268734,0
2025.12.29 17:45:00,2025-12-29T17:45:00Z,oos,3367,0,Tier A,tier_a_primary,Tier_A_full_context,c08_exclude_weak_session_bucket,morning_60_120,-0.1698966408268734,0
2025.12.29 17:50:00,2025-12-29T17:50:00Z,oos,3368,0,Tier A,tier_a_primary,Tier_A_full_context,c08_exclude_weak_session_bucket,morning_60_120,-0.1698966408268734,0
2025.12.29 17:55:00,2025-12-29T17:55:00Z,oos,3369,0,Tier A,tier_a_primary,Tier_A_full_context,c08_exclude_weak_session_bucket,morning_60_120,-0.1698966408268734,0
2025.12.29 18:00:00,2025-12-29T18:00:00Z,oos,3370,0,Tier A,tier_a_primary,Tier_A_full_context,c08_exclude_weak_session_bucket,morning_60_120,-0.1698966408268734,0
2025.12.29 18:05:00,2025-12-29T18:05:00Z,oos,3371,0,Tier A,tier_a_primary,Tier_A_full_context,c08_exclude_weak_session_bucket,morning_60_120,-0.1698966408268734,0
2025.12.29 18:10:00,2025-12-29T18:10:00Z,oos,3372,0,Tier A,tier_a_primary,Tier_A_full_context,c08_exclude_weak_session_bucket,morning_60_120,-0.1698966408268734,0
2025.12.29 18:15:00,2025-12-29T18:15:00Z,oos,3373,0,Tier A,tier_a_primary,Tier_A_full_context,c08_exclude_weak_session_bucket,morning_60_120,-0.1698966408268734,0
2025.12.29 18:30:00,2025-12-29T18:30:00Z,oos,3374,0,Tier A,tier_a_primary,Tier_A_full_context,c08_exclude_weak_session_bucket,morning_60_120,-0.1698966408268734,0
2025.12.29 18:35:00,2025-12-29T18:35:00Z,oos,3375,0,Tier A,tier_a_primary,Tier_A_full_context,c08_exclude_weak_session_bucket,midday_lull_120_240,-0.1762380357885976,0
2025.12.29 18:45:00,2025-12-29T18:45:00Z,oos,3376,0,Tier A,tier_a_primary,Tier_A_full_context,c08_exclude_weak_session_bucket,midday_lull_120_240,-0.1762380357885976,0
2025.12.29 18:50:00,2025-12-29T18:50:00Z,oos,3377,0,Tier A,tier_a_primary,Tier_A_full_context,c08_exclude_weak_session_bucket,midday_lull_120_240,-0.1762380357885976,0
2025.12.29 18:55:00,2025-12-29T18:55:00Z,oos,3378,0,Tier A,tier_a_primary,Tier_A_full_context,c08_exclude_weak_session_bucket,midday_lull_120_240,-0.1762380357885976,0
2025.12.29 19:00:00,2025-12-29T19:00:00Z,oos,3379,0,Tier A,tier_a_primary,Tier_A_full_context,c08_exclude_weak_session_bucket,midday_lull_120_240,-0.1762380357885976,0
2025.12.29 19:05:00,2025-12-29T19:05:00Z,oos,3380,0,Tier A,tier_a_primary,Tier_A_full_context,c08_exclude_weak_session_bucket,midday_lull_120_240,-0.1762380357885976,0
2025.12.29 19:20:00,2025-12-29T19:20:00Z,oos,3381,0,Tier A,tier_a_primary,Tier_A_full_context,c08_exclude_weak_session_bucket,midday_lull_120_240,-0.1762380357885976,0
2025.12.29 19:30:00,2025-12-29T19:30:00Z,oos,3382,0,Tier A,tier_a_primary,Tier_A_full_context,c08_exclude_weak_session_bucket,midday_lull_120_240,-0.1762380357885976,0
2025.12.29 19:35:00,2025-12-29T19:35:00Z,oos,3383,0,Tier A,tier_a_primary,Tier_A_full_context,c08_exclude_weak_session_bucket,midday_lull_120_240,-0.1762380357885976,0
2025.12.29 19:40:00,2025-12-29T19:40:00Z,oos,3384,0,Tier A,tier_a_primary,Tier_A_full_context,c08_exclude_weak_session_bucket,midday_lull_120_240,-0.1762380357885976,0
2025.12.29 19:45:00,2025-12-29T19:45:00Z,oos,3385,0,Tier A,tier_a_primary,Tier_A_full_context,c08_exclude_weak_session_bucket,midday_lull_120_240,-0.1762380357885976,0
2025.12.29 19:50:00,2025-12-29T19:50:00Z,oos,3386,0,Tier A,tier_a_primary,Tier_A_full_context,c08_exclude_weak_session_bucket,midday_lull_120_240,-0.1762380357885976,0
2025.12.29 19:55:00,2025-12-29T19:55:00Z,oos,3387,0,Tier A,tier_a_primary,Tier_A_full_context,c08_exclude_weak_session_bucket,midday_lull_120_240,-0.1762380357885976,0
2025.12.29 20:00:00,2025-12-29T20:00:00Z,oos,3388,0,Tier A,tier_a_primary,Tier_A_full_context,c08_exclude_weak_session_bucket,midday_lull_120_240,-0.1762380357885976,0
2025.12.29 20:10:00,2025-12-29T20:10:00Z,oos,3389,0,Tier A,tier_a_primary,Tier_A_full_context,c08_exclude_weak_session_bucket,midday_lull_120_240,-0.1762380357885976,0
2025.12.29 20:25:00,2025-12-29T20:25:00Z,oos,3390,0,Tier A,tier_a_primary,Tier_A_full_context,c08_exclude_weak_session_bucket,midday_lull_120_240,-0.1762380357885976,0
2025.12.29 20:30:00,2025-12-29T20:30:00Z,oos,3391,0,Tier A,tier_a_primary,Tier_A_full_context,c08_exclude_weak_session_bucket,midday_lull_120_240,-0.1762380357885976,0
2025.12.29 20:35:00,2025-12-29T20:35:00Z,oos,3392,0,Tier A,tier_a_primary,Tier_A_full_context,c08_exclude_weak_session_bucket,late_cash_240_330,-0.17209668943772988,0
2025.12.29 20:40:00,2025-12-29T20:40:00Z,oos,3393,0,Tier A,tier_a_primary,Tier_A_full_context,c08_exclude_weak_session_bucket,late_cash_240_330,-0.17209668943772988,0
2025.12.29 20:55:00,2025-12-29T20:55:00Z,oos,3394,0,Tier A,tier_a_primary,Tier_A_full_context,c08_exclude_weak_session_bucket,late_cash_240_330,-0.17209668943772988,0
2025.12.29 21:00:00,2025-12-29T21:00:00Z,oos,3395,0,Tier A,tier_a_primary,Tier_A_full_context,c08_exclude_weak_session_bucket,late_cash_240_330,-0.17209668943772988,0
2025.12.29 21:05:00,2025-12-29T21:05:00Z,oos,3396,0,Tier A,tier_a_primary,Tier_A_full_context,c08_exclude_weak_session_bucket,late_cash_240_330,-0.17209668943772988,0
2025.12.29 21:20:00,2025-12-29T21:20:00Z,oos,3397,0,Tier A,tier_a_primary,Tier_A_full_context,c08_exclude_weak_session_bucket,late_cash_240_330,-0.17209668943772988,0
2025.12.29 21:25:00,2025-12-29T21:25:00Z,oos,3398,0,Tier A,tier_a_primary,Tier_A_full_context,c08_exclude_weak_session_bucket,late_cash_240_330,-0.17209668943772988,0
2025.12.29 21:30:00,2025-12-29T21:30:00Z,oos,3399,0,Tier A,tier_a_primary,Tier_A_full_context,c08_exclude_weak_session_bucket,late_cash_240_330,-0.17209668943772988,0
2025.12.29 21:40:00,2025-12-29T21:40:00Z,oos,3400,0,Tier A,tier_a_primary,Tier_A_full_context,c08_exclude_weak_session_bucket,late_cash_240_330,-0.17209668943772988,0
2025.12.29 21:45:00,2025-12-29T21:45:00Z,oos,3401,0,Tier A,tier_a_primary,Tier_A_full_context,c08_exclude_weak_session_bucket,late_cash_240_330,-0.17209668943772988,0
2025.12.29 21:50:00,2025-12-29T21:50:00Z,oos,3402,0,Tier A,tier_a_primary,Tier_A_full_context,c08_exclude_weak_session_bucket,late_cash_240_330,-0.17209668943772988,0
2025.12.29 22:00:00,2025-12-29T22:00:00Z,oos,3403,0,Tier A,tier_a_primary,Tier_A_full_context,c08_exclude_weak_session_bucket,late_cash_240_330,-0.17209668943772988,0
2025.12.30 16:35:00,2025-12-30T16:35:00Z,oos,3404,0,Tier A,tier_a_primary,Tier_A_full_context,c08_exclude_weak_session_bucket,cash_open_0_30,-0.09635811836115327,0
2025.12.30 16:40:00,2025-12-30T16:40:00Z,oos,3405,0,Tier A,tier_a_primary,Tier_A_full_context,c08_exclude_weak_session_bucket,cash_open_0_30,-0.09635811836115327,0
2025.12.30 16:50:00,2025-12-30T16:50:00Z,oos,3406,0,Tier A,tier_a_primary,Tier_A_full_context,c08_exclude_weak_session_bucket,cash_open_0_30,-0.09635811836115327,0
2025.12.30 16:55:00,2025-12-30T16:55:00Z,oos,3407,0,Tier A,tier_a_primary,Tier_A_full_context,c08_exclude_weak_session_bucket,cash_open_0_30,-0.09635811836115327,0
2025.12.30 17:00:00,2025-12-30T17:00:00Z,oos,3408,0,Tier A,tier_a_primary,Tier_A_full_context,c08_exclude_weak_session_bucket,cash_open_0_30,-0.09635811836115327,0
2025.12.30 17:05:00,2025-12-30T17:05:00Z,oos,3409,0,Tier A,tier_a_primary,Tier_A_full_context,c08_exclude_weak_session_bucket,early_cash_30_60,-0.12775735294117646,0
2025.12.30 17:10:00,2025-12-30T17:10:00Z,oos,3410,0,Tier A,tier_a_primary,Tier_A_full_context,c08_exclude_weak_session_bucket,early_cash_30_60,-0.12775735294117646,0
2025.12.30 17:15:00,2025-12-30T17:15:00Z,oos,3411,0,Tier A,tier_a_primary,Tier_A_full_context,c08_exclude_weak_session_bucket,early_cash_30_60,-0.12775735294117646,0
2025.12.30 17:20:00,2025-12-30T17:20:00Z,oos,3412,0,Tier A,tier_a_primary,Tier_A_full_context,c08_exclude_weak_session_bucket,early_cash_30_60,-0.12775735294117646,0
2025.12.30 17:30:00,2025-12-30T17:30:00Z,oos,3413,0,Tier A,tier_a_primary,Tier_A_full_context,c08_exclude_weak_session_bucket,early_cash_30_60,-0.12775735294117646,0
2025.12.30 17:35:00,2025-12-30T17:35:00Z,oos,3414,0,Tier A,tier_a_primary,Tier_A_full_context,c08_exclude_weak_session_bucket,morning_60_120,-0.1698966408268734,0
2025.12.30 17:40:00,2025-12-30T17:40:00Z,oos,3415,0,Tier A,tier_a_primary,Tier_A_full_context,c08_exclude_weak_session_bucket,morning_60_120,-0.1698966408268734,0
2025.12.30 17:45:00,2025-12-30T17:45:00Z,oos,3416,0,Tier A,tier_a_primary,Tier_A_full_context,c08_exclude_weak_session_bucket,morning_60_120,-0.1698966408268734,0
2025.12.30 17:50:00,2025-12-30T17:50:00Z,oos,3417,0,Tier A,tier_a_primary,Tier_A_full_context,c08_exclude_weak_session_bucket,morning_60_120,-0.1698966408268734,0
2025.12.30 17:55:00,2025-12-30T17:55:00Z,oos,3418,0,Tier A,tier_a_primary,Tier_A_full_context,c08_exclude_weak_session_bucket,morning_60_120,-0.1698966408268734,0
2025.12.30 18:00:00,2025-12-30T18:00:00Z,oos,3419,0,Tier A,tier_a_primary,Tier_A_full_context,c08_exclude_weak_session_bucket,morning_60_120,-0.1698966408268734,0
2025.12.30 18:05:00,2025-12-30T18:05:00Z,oos,3420,0,Tier A,tier_a_primary,Tier_A_full_context,c08_exclude_weak_session_bucket,morning_60_120,-0.1698966408268734,0
2025.12.30 18:10:00,2025-12-30T18:10:00Z,oos,3421,0,Tier A,tier_a_primary,Tier_A_full_context,c08_exclude_weak_session_bucket,morning_60_120,-0.1698966408268734,0
2025.12.30 18:15:00,2025-12-30T18:15:00Z,oos,3422,0,Tier A,tier_a_primary,Tier_A_full_context,c08_exclude_weak_session_bucket,morning_60_120,-0.1698966408268734,0
2025.12.30 18:25:00,2025-12-30T18:25:00Z,oos,3423,0,Tier A,tier_a_primary,Tier_A_full_context,c08_exclude_weak_session_bucket,morning_60_120,-0.1698966408268734,0
2025.12.30 18:35:00,2025-12-30T18:35:00Z,oos,3424,0,Tier A,tier_a_primary,Tier_A_full_context,c08_exclude_weak_session_bucket,midday_lull_120_240,-0.1762380357885976,0
2025.12.30 18:45:00,2025-12-30T18:45:00Z,oos,3425,0,Tier A,tier_a_primary,Tier_A_full_context,c08_exclude_weak_session_bucket,midday_lull_120_240,-0.1762380357885976,0
2025.12.30 18:50:00,2025-12-30T18:50:00Z,oos,3426,0,Tier A,tier_a_primary,Tier_A_full_context,c08_exclude_weak_session_bucket,midday_lull_120_240,-0.1762380357885976,0
2025.12.30 18:55:00,2025-12-30T18:55:00Z,oos,3427,0,Tier A,tier_a_primary,Tier_A_full_context,c08_exclude_weak_session_bucket,midday_lull_120_240,-0.1762380357885976,0
2025.12.30 19:00:00,2025-12-30T19:00:00Z,oos,3428,0,Tier A,tier_a_primary,Tier_A_full_context,c08_exclude_weak_session_bucket,midday_lull_120_240,-0.1762380357885976,0
2025.12.30 19:10:00,2025-12-30T19:10:00Z,oos,3429,0,Tier A,tier_a_primary,Tier_A_full_context,c08_exclude_weak_session_bucket,midday_lull_120_240,-0.1762380357885976,0
2025.12.30 19:25:00,2025-12-30T19:25:00Z,oos,3430,0,Tier A,tier_a_primary,Tier_A_full_context,c08_exclude_weak_session_bucket,midday_lull_120_240,-0.1762380357885976,0
2025.12.30 19:30:00,2025-12-30T19:30:00Z,oos,3431,0,Tier A,tier_a_primary,Tier_A_full_context,c08_exclude_weak_session_bucket,midday_lull_120_240,-0.1762380357885976,0
2025.12.30 19:35:00,2025-12-30T19:35:00Z,oos,3432,0,Tier A,tier_a_primary,Tier_A_full_context,c08_exclude_weak_session_bucket,midday_lull_120_240,-0.1762380357885976,0
2025.12.30 19:40:00,2025-12-30T19:40:00Z,oos,3433,0,Tier A,tier_a_primary,Tier_A_full_context,c08_exclude_weak_session_bucket,midday_lull_120_240,-0.1762380357885976,0
2025.12.30 19:50:00,2025-12-30T19:50:00Z,oos,3434,0,Tier A,tier_a_primary,Tier_A_full_context,c08_exclude_weak_session_bucket,midday_lull_120_240,-0.1762380357885976,0
2025.12.30 20:05:00,2025-12-30T20:05:00Z,oos,3435,0,Tier A,tier_a_primary,Tier_A_full_context,c08_exclude_weak_session_bucket,midday_lull_120_240,-0.1762380357885976,0
2025.12.30 20:40:00,2025-12-30T20:40:00Z,oos,3436,0,Tier A,tier_a_primary,Tier_A_full_context,c08_exclude_weak_session_bucket,late_cash_240_330,-0.17209668943772988,0
2025.12.30 20:45:00,2025-12-30T20:45:00Z,oos,3437,0,Tier A,tier_a_primary,Tier_A_full_context,c08_exclude_weak_session_bucket,late_cash_240_330,-0.17209668943772988,0
2025.12.30 20:50:00,2025-12-30T20:50:00Z,oos,3438,0,Tier A,tier_a_primary,Tier_A_full_context,c08_exclude_weak_session_bucket,late_cash_240_330,-0.17209668943772988,0
2025.12.30 20:55:00,2025-12-30T20:55:00Z,oos,3439,0,Tier A,tier_a_primary,Tier_A_full_context,c08_exclude_weak_session_bucket,late_cash_240_330,-0.17209668943772988,0
2025.12.30 21:00:00,2025-12-30T21:00:00Z,oos,3440,0,Tier A,tier_a_primary,Tier_A_full_context,c08_exclude_weak_session_bucket,late_cash_240_330,-0.17209668943772988,0
2025.12.30 21:05:00,2025-12-30T21:05:00Z,oos,3441,0,Tier A,tier_a_primary,Tier_A_full_context,c08_exclude_weak_session_bucket,late_cash_240_330,-0.17209668943772988,0
2025.12.30 21:10:00,2025-12-30T21:10:00Z,oos,3442,0,Tier A,tier_a_primary,Tier_A_full_context,c08_exclude_weak_session_bucket,late_cash_240_330,-0.17209668943772988,0
2025.12.30 21:15:00,2025-12-30T21:15:00Z,oos,3443,0,Tier A,tier_a_primary,Tier_A_full_context,c08_exclude_weak_session_bucket,late_cash_240_330,-0.17209668943772988,0
2025.12.30 21:20:00,2025-12-30T21:20:00Z,oos,3444,0,Tier A,tier_a_primary,Tier_A_full_context,c08_exclude_weak_session_bucket,late_cash_240_330,-0.17209668943772988,0
2025.12.30 21:25:00,2025-12-30T21:25:00Z,oos,3445,0,Tier A,tier_a_primary,Tier_A_full_context,c08_exclude_weak_session_bucket,late_cash_240_330,-0.17209668943772988,0
2025.12.30 21:30:00,2025-12-30T21:30:00Z,oos,3446,0,Tier A,tier_a_primary,Tier_A_full_context,c08_exclude_weak_session_bucket,late_cash_240_330,-0.17209668943772988,0
2025.12.30 21:35:00,2025-12-30T21:35:00Z,oos,3447,0,Tier A,tier_a_primary,Tier_A_full_context,c08_exclude_weak_session_bucket,late_cash_240_330,-0.17209668943772988,0
2025.12.30 21:40:00,2025-12-30T21:40:00Z,oos,3448,0,Tier A,tier_a_primary,Tier_A_full_context,c08_exclude_weak_session_bucket,late_cash_240_330,-0.17209668943772988,0
2025.12.30 21:55:00,2025-12-30T21:55:00Z,oos,3449,0,Tier A,tier_a_primary,Tier_A_full_context,c08_exclude_weak_session_bucket,late_cash_240_330,-0.17209668943772988,0
2025.12.30 22:00:00,2025-12-30T22:00:00Z,oos,3450,0,Tier A,tier_a_primary,Tier_A_full_context,c08_exclude_weak_session_bucket,late_cash_240_330,-0.17209668943772988,0
2025.12.31 16:35:00,2025-12-31T16:35:00Z,oos,3451,-1,Tier A,tier_a_primary,Tier_A_full_context,c08_exclude_weak_session_bucket,cash_open_0_30,-0.09635811836115327,-1
2025.12.31 16:40:00,2025-12-31T16:40:00Z,oos,3452,-1,Tier A,tier_a_primary,Tier_A_full_context,c08_exclude_weak_session_bucket,cash_open_0_30,-0.09635811836115327,-1
2025.12.31 16:45:00,2025-12-31T16:45:00Z,oos,3453,-1,Tier A,tier_a_primary,Tier_A_full_context,c08_exclude_weak_session_bucket,cash_open_0_30,-0.09635811836115327,-1
2025.12.31 16:50:00,2025-12-31T16:50:00Z,oos,3454,-1,Tier A,tier_a_primary,Tier_A_full_context,c08_exclude_weak_session_bucket,cash_open_0_30,-0.09635811836115327,-1
2025.12.31 16:55:00,2025-12-31T16:55:00Z,oos,3455,1,Tier A,tier_a_primary,Tier_A_full_context,c08_exclude_weak_session_bucket,cash_open_0_30,-0.09635811836115327,1
2025.12.31 17:00:00,2025-12-31T17:00:00Z,oos,3456,-1,Tier A,tier_a_primary,Tier_A_full_context,c08_exclude_weak_session_bucket,cash_open_0_30,-0.09635811836115327,-1
2025.12.31 17:05:00,2025-12-31T17:05:00Z,oos,3457,0,Tier A,tier_a_primary,Tier_A_full_context,c08_exclude_weak_session_bucket,early_cash_30_60,-0.12775735294117646,0
2025.12.31 17:10:00,2025-12-31T17:10:00Z,oos,3458,0,Tier A,tier_a_primary,Tier_A_full_context,c08_exclude_weak_session_bucket,early_cash_30_60,-0.12775735294117646,0
2025.12.31 17:15:00,2025-12-31T17:15:00Z,oos,3459,0,Tier A,tier_a_primary,Tier_A_full_context,c08_exclude_weak_session_bucket,early_cash_30_60,-0.12775735294117646,0
2025.12.31 17:20:00,2025-12-31T17:20:00Z,oos,3460,-1,Tier A,tier_a_primary,Tier_A_full_context,c08_exclude_weak_session_bucket,early_cash_30_60,-0.12775735294117646,-1
2025.12.31 17:25:00,2025-12-31T17:25:00Z,oos,3461,1,Tier A,tier_a_primary,Tier_A_full_context,c08_exclude_weak_session_bucket,early_cash_30_60,-0.12775735294117646,1
2025.12.31 17:30:00,2025-12-31T17:30:00Z,oos,3462,1,Tier A,tier_a_primary,Tier_A_full_context,c08_exclude_weak_session_bucket,early_cash_30_60,-0.12775735294117646,1
2025.12.31 17:35:00,2025-12-31T17:35:00Z,oos,3463,0,Tier A,tier_a_primary,Tier_A_full_context,c08_exclude_weak_session_bucket,morning_60_120,-0.1698966408268734,0
2025.12.31 17:40:00,2025-12-31T17:40:00Z,oos,3464,0,Tier A,tier_a_primary,Tier_A_full_context,c08_exclude_weak_session_bucket,morning_60_120,-0.1698966408268734,0
2025.12.31 17:45:00,2025-12-31T17:45:00Z,oos,3465,0,Tier A,tier_a_primary,Tier_A_full_context,c08_exclude_weak_session_bucket,morning_60_120,-0.1698966408268734,0
2025.12.31 17:50:00,2025-12-31T17:50:00Z,oos,3466,0,Tier A,tier_a_primary,Tier_A_full_context,c08_exclude_weak_session_bucket,morning_60_120,-0.1698966408268734,0
2025.12.31 18:00:00,2025-12-31T18:00:00Z,oos,3467,0,Tier A,tier_a_primary,Tier_A_full_context,c08_exclude_weak_session_bucket,morning_60_120,-0.1698966408268734,0
2025.12.31 18:05:00,2025-12-31T18:05:00Z,oos,3468,1,Tier A,tier_a_primary,Tier_A_full_context,c08_exclude_weak_session_bucket,morning_60_120,-0.1698966408268734,1
2025.12.31 18:10:00,2025-12-31T18:10:00Z,oos,3469,0,Tier A,tier_a_primary,Tier_A_full_context,c08_exclude_weak_session_bucket,morning_60_120,-0.1698966408268734,0
2025.12.31 18:15:00,2025-12-31T18:15:00Z,oos,3470,0,Tier A,tier_a_primary,Tier_A_full_context,c08_exclude_weak_session_bucket,morning_60_120,-0.1698966408268734,0
2025.12.31 18:25:00,2025-12-31T18:25:00Z,oos,3471,0,Tier A,tier_a_primary,Tier_A_full_context,c08_exclude_weak_session_bucket,morning_60_120,-0.1698966408268734,0
2025.12.31 18:30:00,2025-12-31T18:30:00Z,oos,3472,1,Tier A,tier_a_primary,Tier_A_full_context,c08_exclude_weak_session_bucket,morning_60_120,-0.1698966408268734,1
2025.12.31 18:35:00,2025-12-31T18:35:00Z,oos,3473,0,Tier A,tier_a_primary,Tier_A_full_context,c08_exclude_weak_session_bucket,midday_lull_120_240,-0.1762380357885976,0
2025.12.31 18:40:00,2025-12-31T18:40:00Z,oos,3474,0,Tier A,tier_a_primary,Tier_A_full_context,c08_exclude_weak_session_bucket,midday_lull_120_240,-0.1762380357885976,0
2025.12.31 18:45:00,2025-12-31T18:45:00Z,oos,3475,0,Tier A,tier_a_primary,Tier_A_full_context,c08_exclude_weak_session_bucket,midday_lull_120_240,-0.1762380357885976,0
2025.12.31 18:55:00,2025-12-31T18:55:00Z,oos,3476,0,Tier A,tier_a_primary,Tier_A_full_context,c08_exclude_weak_session_bucket,midday_lull_120_240,-0.1762380357885976,0
2025.12.31 19:00:00,2025-12-31T19:00:00Z,oos,3477,0,Tier A,tier_a_primary,Tier_A_full_context,c08_exclude_weak_session_bucket,midday_lull_120_240,-0.1762380357885976,0
2025.12.31 19:05:00,2025-12-31T19:05:00Z,oos,3478,0,Tier A,tier_a_primary,Tier_A_full_context,c08_exclude_weak_session_bucket,midday_lull_120_240,-0.1762380357885976,0
2025.12.31 19:10:00,2025-12-31T19:10:00Z,oos,3479,0,Tier A,tier_a_primary,Tier_A_full_context,c08_exclude_weak_session_bucket,midday_lull_120_240,-0.1762380357885976,0
2025.12.31 19:15:00,2025-12-31T19:15:00Z,oos,3480,0,Tier A,tier_a_primary,Tier_A_full_context,c08_exclude_weak_session_bucket,midday_lull_120_240,-0.1762380357885976,0
2025.12.31 19:20:00,2025-12-31T19:20:00Z,oos,3481,0,Tier A,tier_a_primary,Tier_A_full_context,c08_exclude_weak_session_bucket,midday_lull_120_240,-0.1762380357885976,0
2025.12.31 19:25:00,2025-12-31T19:25:00Z,oos,3482,0,Tier A,tier_a_primary,Tier_A_full_context,c08_exclude_weak_session_bucket,midday_lull_120_240,-0.1762380357885976,0
2025.12.31 19:30:00,2025-12-31T19:30:00Z,oos,3483,0,Tier A,tier_a_primary,Tier_A_full_context,c08_exclude_weak_session_bucket,midday_lull_120_240,-0.1762380357885976,0
2025.12.31 19:35:00,2025-12-31T19:35:00Z,oos,3484,0,Tier A,tier_a_primary,Tier_A_full_context,c08_exclude_weak_session_bucket,midday_lull_120_240,-0.1762380357885976,0
2025.12.31 19:40:00,2025-12-31T19:40:00Z,oos,3485,0,Tier A,tier_a_primary,Tier_A_full_context,c08_exclude_weak_session_bucket,midday_lull_120_240,-0.1762380357885976,0
2025.12.31 19:45:00,2025-12-31T19:45:00Z,oos,3486,0,Tier A,tier_a_primary,Tier_A_full_context,c08_exclude_weak_session_bucket,midday_lull_120_240,-0.1762380357885976,0
2025.12.31 19:50:00,2025-12-31T19:50:00Z,oos,3487,0,Tier A,tier_a_primary,Tier_A_full_context,c08_exclude_weak_session_bucket,midday_lull_120_240,-0.1762380357885976,0
2025.12.31 19:55:00,2025-12-31T19:55:00Z,oos,3488,0,Tier A,tier_a_primary,Tier_A_full_context,c08_exclude_weak_session_bucket,midday_lull_120_240,-0.1762380357885976,0
2025.12.31 20:00:00,2025-12-31T20:00:00Z,oos,3489,0,Tier A,tier_a_primary,Tier_A_full_context,c08_exclude_weak_session_bucket,midday_lull_120_240,-0.1762380357885976,0
2025.12.31 20:05:00,2025-12-31T20:05:00Z,oos,3490,0,Tier A,tier_a_primary,Tier_A_full_context,c08_exclude_weak_session_bucket,midday_lull_120_240,-0.1762380357885976,0
2025.12.31 20:10:00,2025-12-31T20:10:00Z,oos,3491,0,Tier A,tier_a_primary,Tier_A_full_context,c08_exclude_weak_session_bucket,midday_lull_120_240,-0.1762380357885976,0
2025.12.31 20:15:00,2025-12-31T20:15:00Z,oos,3492,0,Tier A,tier_a_primary,Tier_A_full_context,c08_exclude_weak_session_bucket,midday_lull_120_240,-0.1762380357885976,0
2025.12.31 20:20:00,2025-12-31T20:20:00Z,oos,3493,0,Tier A,tier_a_primary,Tier_A_full_context,c08_exclude_weak_session_bucket,midday_lull_120_240,-0.1762380357885976,0
2025.12.31 20:25:00,2025-12-31T20:25:00Z,oos,3494,0,Tier A,tier_a_primary,Tier_A_full_context,c08_exclude_weak_session_bucket,midday_lull_120_240,-0.1762380357885976,0
2025.12.31 20:30:00,2025-12-31T20:30:00Z,oos,3495,0,Tier A,tier_a_primary,Tier_A_full_context,c08_exclude_weak_session_bucket,midday_lull_120_240,-0.1762380357885976,0
2025.12.31 20:35:00,2025-12-31T20:35:00Z,oos,3496,0,Tier A,tier_a_primary,Tier_A_full_context,c08_exclude_weak_session_bucket,late_cash_240_330,-0.17209668943772988,0
2025.12.31 20:40:00,2025-12-31T20:40:00Z,oos,3497,0,Tier A,tier_a_primary,Tier_A_full_context,c08_exclude_weak_session_bucket,late_cash_240_330,-0.17209668943772988,0
2025.12.31 20:45:00,2025-12-31T20:45:00Z,oos,3498,0,Tier A,tier_a_primary,Tier_A_full_context,c08_exclude_weak_session_bucket,late_cash_240_330,-0.17209668943772988,0
2025.12.31 20:50:00,2025-12-31T20:50:00Z,oos,3499,0,Tier A,tier_a_primary,Tier_A_full_context,c08_exclude_weak_session_bucket,late_cash_240_330,-0.17209668943772988,0
2025.12.31 20:55:00,2025-12-31T20:55:00Z,oos,3500,0,Tier A,tier_a_primary,Tier_A_full_context,c08_exclude_weak_session_bucket,late_cash_240_330,-0.17209668943772988,0
2025.12.31 21:00:00,2025-12-31T21:00:00Z,oos,3501,0,Tier A,tier_a_primary,Tier_A_full_context,c08_exclude_weak_session_bucket,late_cash_240_330,-0.17209668943772988,0
2025.12.31 21:05:00,2025-12-31T21:05:00Z,oos,3502,1,Tier A,tier_a_primary,Tier_A_full_context,c08_exclude_weak_session_bucket,late_cash_240_330,-0.17209668943772988,1
2025.12.31 21:10:00,2025-12-31T21:10:00Z,oos,3503,0,Tier A,tier_a_primary,Tier_A_full_context,c08_exclude_weak_session_bucket,late_cash_240_330,-0.17209668943772988,0
2025.12.31 21:15:00,2025-12-31T21:15:00Z,oos,3504,0,Tier A,tier_a_primary,Tier_A_full_context,c08_exclude_weak_session_bucket,late_cash_240_330,-0.17209668943772988,0
2025.12.31 21:20:00,2025-12-31T21:20:00Z,oos,3505,-1,Tier A,tier_a_primary,Tier_A_full_context,c08_exclude_weak_session_bucket,late_cash_240_330,-0.17209668943772988,-1
2025.12.31 21:25:00,2025-12-31T21:25:00Z,oos,3506,0,Tier A,tier_a_primary,Tier_A_full_context,c08_exclude_weak_session_bucket,late_cash_240_330,-0.17209668943772988,0
2025.12.31 21:55:00,2025-12-31T21:55:00Z,oos,3507,0,Tier A,tier_a_primary,Tier_A_full_context,c08_exclude_weak_session_bucket,late_cash_240_330,-0.17209668943772988,0
2025.12.31 22:00:00,2025-12-31T22:00:00Z,oos,3508,0,Tier A,tier_a_primary,Tier_A_full_context,c08_exclude_weak_session_bucket,late_cash_240_330,-0.17209668943772988,0
2026.01.02 16:35:00,2026-01-02T16:35:00Z,oos,3509,0,Tier A,tier_a_primary,Tier_A_full_context,c08_exclude_weak_session_bucket,cash_open_0_30,-0.09635811836115327,0
2026.01.02 16:40:00,2026-01-02T16:40:00Z,oos,3510,0,Tier A,tier_a_primary,Tier_A_full_context,c08_exclude_weak_session_bucket,cash_open_0_30,-0.09635811836115327,0
2026.01.02 16:45:00,2026-01-02T16:45:00Z,oos,3511,0,Tier A,tier_a_primary,Tier_A_full_context,c08_exclude_weak_session_bucket,cash_open_0_30,-0.09635811836115327,0
2026.01.02 16:50:00,2026-01-02T16:50:00Z,oos,3512,0,Tier A,tier_a_primary,Tier_A_full_context,c08_exclude_weak_session_bucket,cash_open_0_30,-0.09635811836115327,0
2026.01.02 16:55:00,2026-01-02T16:55:00Z,oos,3513,0,Tier A,tier_a_primary,Tier_A_full_context,c08_exclude_weak_session_bucket,cash_open_0_30,-0.09635811836115327,0
2026.01.02 17:05:00,2026-01-02T17:05:00Z,oos,3514,0,Tier A,tier_a_primary,Tier_A_full_context,c08_exclude_weak_session_bucket,early_cash_30_60,-0.12775735294117646,0
2026.01.02 17:10:00,2026-01-02T17:10:00Z,oos,3515,-1,Tier A,tier_a_primary,Tier_A_full_context,c08_exclude_weak_session_bucket,early_cash_30_60,-0.12775735294117646,-1
2026.01.02 17:15:00,2026-01-02T17:15:00Z,oos,3516,-1,Tier A,tier_a_primary,Tier_A_full_context,c08_exclude_weak_session_bucket,early_cash_30_60,-0.12775735294117646,-1
2026.01.02 17:20:00,2026-01-02T17:20:00Z,oos,3517,0,Tier A,tier_a_primary,Tier_A_full_context,c08_exclude_weak_session_bucket,early_cash_30_60,-0.12775735294117646,0
2026.01.02 17:25:00,2026-01-02T17:25:00Z,oos,3518,-1,Tier A,tier_a_primary,Tier_A_full_context,c08_exclude_weak_session_bucket,early_cash_30_60,-0.12775735294117646,-1
2026.01.02 17:30:00,2026-01-02T17:30:00Z,oos,3519,0,Tier A,tier_a_primary,Tier_A_full_context,c08_exclude_weak_session_bucket,early_cash_30_60,-0.12775735294117646,0
2026.01.02 17:35:00,2026-01-02T17:35:00Z,oos,3520,1,Tier A,tier_a_primary,Tier_A_full_context,c08_exclude_weak_session_bucket,morning_60_120,-0.1698966408268734,1
2026.01.02 17:45:00,2026-01-02T17:45:00Z,oos,3521,0,Tier A,tier_a_primary,Tier_A_full_context,c08_exclude_weak_session_bucket,morning_60_120,-0.1698966408268734,0
2026.01.02 17:50:00,2026-01-02T17:50:00Z,oos,3522,-1,Tier A,tier_a_primary,Tier_A_full_context,c08_exclude_weak_session_bucket,morning_60_120,-0.1698966408268734,-1
2026.01.02 17:55:00,2026-01-02T17:55:00Z,oos,3523,-1,Tier A,tier_a_primary,Tier_A_full_context,c08_exclude_weak_session_bucket,morning_60_120,-0.1698966408268734,-1
2026.01.02 18:00:00,2026-01-02T18:00:00Z,oos,3524,-1,Tier A,tier_a_primary,Tier_A_full_context,c08_exclude_weak_session_bucket,morning_60_120,-0.1698966408268734,-1
2026.01.02 18:05:00,2026-01-02T18:05:00Z,oos,3525,0,Tier A,tier_a_primary,Tier_A_full_context,c08_exclude_weak_session_bucket,morning_60_120,-0.1698966408268734,0
2026.01.02 18:10:00,2026-01-02T18:10:00Z,oos,3526,0,Tier A,tier_a_primary,Tier_A_full_context,c08_exclude_weak_session_bucket,morning_60_120,-0.1698966408268734,0
2026.01.02 18:15:00,2026-01-02T18:15:00Z,oos,3527,0,Tier A,tier_a_primary,Tier_A_full_context,c08_exclude_weak_session_bucket,morning_60_120,-0.1698966408268734,0
2026.01.02 18:20:00,2026-01-02T18:20:00Z,oos,3528,0,Tier A,tier_a_primary,Tier_A_full_context,c08_exclude_weak_session_bucket,morning_60_120,-0.1698966408268734,0
2026.01.02 18:25:00,2026-01-02T18:25:00Z,oos,3529,1,Tier A,tier_a_primary,Tier_A_full_context,c08_exclude_weak_session_bucket,morning_60_120,-0.1698966408268734,1
2026.01.02 18:30:00,2026-01-02T18:30:00Z,oos,3530,0,Tier A,tier_a_primary,Tier_A_full_context,c08_exclude_weak_session_bucket,morning_60_120,-0.1698966408268734,0
2026.01.02 18:35:00,2026-01-02T18:35:00Z,oos,3531,0,Tier A,tier_a_primary,Tier_A_full_context,c08_exclude_weak_session_bucket,midday_lull_120_240,-0.1762380357885976,0
2026.01.02 18:40:00,2026-01-02T18:40:00Z,oos,3532,0,Tier A,tier_a_primary,Tier_A_full_context,c08_exclude_weak_session_bucket,midday_lull_120_240,-0.1762380357885976,0
2026.01.02 18:45:00,2026-01-02T18:45:00Z,oos,3533,0,Tier A,tier_a_primary,Tier_A_full_context,c08_exclude_weak_session_bucket,midday_lull_120_240,-0.1762380357885976,0
2026.01.02 18:50:00,2026-01-02T18:50:00Z,oos,3534,0,Tier A,tier_a_primary,Tier_A_full_context,c08_exclude_weak_session_bucket,midday_lull_120_240,-0.1762380357885976,0
2026.01.02 18:55:00,2026-01-02T18:55:00Z,oos,3535,0,Tier A,tier_a_primary,Tier_A_full_context,c08_exclude_weak_session_bucket,midday_lull_120_240,-0.1762380357885976,0
2026.01.02 19:05:00,2026-01-02T19:05:00Z,oos,3536,0,Tier A,tier_a_primary,Tier_A_full_context,c08_exclude_weak_session_bucket,midday_lull_120_240,-0.1762380357885976,0
2026.01.02 19:10:00,2026-01-02T19:10:00Z,oos,3537,0,Tier A,tier_a_primary,Tier_A_full_context,c08_exclude_weak_session_bucket,midday_lull_120_240,-0.1762380357885976,0
2026.01.02 19:15:00,2026-01-02T19:15:00Z,oos,3538,0,Tier A,tier_a_primary,Tier_A_full_context,c08_exclude_weak_session_bucket,midday_lull_120_240,-0.1762380357885976,0
2026.01.02 19:20:00,2026-01-02T19:20:00Z,oos,3539,0,Tier A,tier_a_primary,Tier_A_full_context,c08_exclude_weak_session_bucket,midday_lull_120_240,-0.1762380357885976,0
2026.01.02 19:25:00,2026-01-02T19:25:00Z,oos,3540,0,Tier A,tier_a_primary,Tier_A_full_context,c08_exclude_weak_session_bucket,midday_lull_120_240,-0.1762380357885976,0
2026.01.02 19:30:00,2026-01-02T19:30:00Z,oos,3541,0,Tier A,tier_a_primary,Tier_A_full_context,c08_exclude_weak_session_bucket,midday_lull_120_240,-0.1762380357885976,0
2026.01.02 19:40:00,2026-01-02T19:40:00Z,oos,3542,0,Tier A,tier_a_primary,Tier_A_full_context,c08_exclude_weak_session_bucket,midday_lull_120_240,-0.1762380357885976,0
2026.01.02 19:45:00,2026-01-02T19:45:00Z,oos,3543,0,Tier A,tier_a_primary,Tier_A_full_context,c08_exclude_weak_session_bucket,midday_lull_120_240,-0.1762380357885976,0
2026.01.02 19:50:00,2026-01-02T19:50:00Z,oos,3544,0,Tier A,tier_a_primary,Tier_A_full_context,c08_exclude_weak_session_bucket,midday_lull_120_240,-0.1762380357885976,0
2026.01.02 19:55:00,2026-01-02T19:55:00Z,oos,3545,0,Tier A,tier_a_primary,Tier_A_full_context,c08_exclude_weak_session_bucket,midday_lull_120_240,-0.1762380357885976,0
2026.01.02 20:00:00,2026-01-02T20:00:00Z,oos,3546,0,Tier A,tier_a_primary,Tier_A_full_context,c08_exclude_weak_session_bucket,midday_lull_120_240,-0.1762380357885976,0
2026.01.02 20:15:00,2026-01-02T20:15:00Z,oos,3547,0,Tier A,tier_a_primary,Tier_A_full_context,c08_exclude_weak_session_bucket,midday_lull_120_240,-0.1762380357885976,0
2026.01.02 20:30:00,2026-01-02T20:30:00Z,oos,3548,0,Tier A,tier_a_primary,Tier_A_full_context,c08_exclude_weak_session_bucket,midday_lull_120_240,-0.1762380357885976,0
2026.01.02 20:35:00,2026-01-02T20:35:00Z,oos,3549,0,Tier A,tier_a_primary,Tier_A_full_context,c08_exclude_weak_session_bucket,late_cash_240_330,-0.17209668943772988,0
2026.01.02 20:40:00,2026-01-02T20:40:00Z,oos,3550,0,Tier A,tier_a_primary,Tier_A_full_context,c08_exclude_weak_session_bucket,late_cash_240_330,-0.17209668943772988,0
2026.01.02 20:45:00,2026-01-02T20:45:00Z,oos,3551,0,Tier A,tier_a_primary,Tier_A_full_context,c08_exclude_weak_session_bucket,late_cash_240_330,-0.17209668943772988,0
2026.01.02 20:55:00,2026-01-02T20:55:00Z,oos,3552,0,Tier A,tier_a_primary,Tier_A_full_context,c08_exclude_weak_session_bucket,late_cash_240_330,-0.17209668943772988,0
2026.01.02 21:00:00,2026-01-02T21:00:00Z,oos,3553,0,Tier A,tier_a_primary,Tier_A_full_context,c08_exclude_weak_session_bucket,late_cash_240_330,-0.17209668943772988,0
2026.01.02 21:15:00,2026-01-02T21:15:00Z,oos,3554,1,Tier A,tier_a_primary,Tier_A_full_context,c08_exclude_weak_session_bucket,late_cash_240_330,-0.17209668943772988,1
2026.01.02 21:20:00,2026-01-02T21:20:00Z,oos,3555,0,Tier A,tier_a_primary,Tier_A_full_context,c08_exclude_weak_session_bucket,late_cash_240_330,-0.17209668943772988,0
2026.01.02 21:25:00,2026-01-02T21:25:00Z,oos,3556,1,Tier A,tier_a_primary,Tier_A_full_context,c08_exclude_weak_session_bucket,late_cash_240_330,-0.17209668943772988,1
2026.01.02 21:30:00,2026-01-02T21:30:00Z,oos,3557,0,Tier A,tier_a_primary,Tier_A_full_context,c08_exclude_weak_session_bucket,late_cash_240_330,-0.17209668943772988,0
2026.01.02 21:35:00,2026-01-02T21:35:00Z,oos,3558,1,Tier A,tier_a_primary,Tier_A_full_context,c08_exclude_weak_session_bucket,late_cash_240_330,-0.17209668943772988,1
2026.01.02 21:40:00,2026-01-02T21:40:00Z,oos,3559,0,Tier A,tier_a_primary,Tier_A_full_context,c08_exclude_weak_session_bucket,late_cash_240_330,-0.17209668943772988,0
2026.01.02 21:45:00,2026-01-02T21:45:00Z,oos,3560,0,Tier A,tier_a_primary,Tier_A_full_context,c08_exclude_weak_session_bucket,late_cash_240_330,-0.17209668943772988,0
2026.01.02 21:50:00,2026-01-02T21:50:00Z,oos,3561,0,Tier A,tier_a_primary,Tier_A_full_context,c08_exclude_weak_session_bucket,late_cash_240_330,-0.17209668943772988,0
2026.01.02 21:55:00,2026-01-02T21:55:00Z,oos,3562,-1,Tier A,tier_a_primary,Tier_A_full_context,c08_exclude_weak_session_bucket,late_cash_240_330,-0.17209668943772988,-1
2026.01.02 22:00:00,2026-01-02T22:00:00Z,oos,3563,-1,Tier A,tier_a_primary,Tier_A_full_context,c08_exclude_weak_session_bucket,late_cash_240_330,-0.17209668943772988,-1
2026.01.05 16:35:00,2026-01-05T16:35:00Z,oos,3564,-1,Tier A,tier_a_primary,Tier_A_full_context,c08_exclude_weak_session_bucket,cash_open_0_30,-0.09635811836115327,-1
2026.01.05 16:40:00,2026-01-05T16:40:00Z,oos,3565,0,Tier A,tier_a_primary,Tier_A_full_context,c08_exclude_weak_session_bucket,cash_open_0_30,-0.09635811836115327,0
2026.01.05 16:45:00,2026-01-05T16:45:00Z,oos,3566,0,Tier A,tier_a_primary,Tier_A_full_context,c08_exclude_weak_session_bucket,cash_open_0_30,-0.09635811836115327,0
2026.01.05 16:50:00,2026-01-05T16:50:00Z,oos,3567,0,Tier A,tier_a_primary,Tier_A_full_context,c08_exclude_weak_session_bucket,cash_open_0_30,-0.09635811836115327,0
2026.01.05 16:55:00,2026-01-05T16:55:00Z,oos,3568,0,Tier A,tier_a_primary,Tier_A_full_context,c08_exclude_weak_session_bucket,cash_open_0_30,-0.09635811836115327,0
2026.01.05 17:00:00,2026-01-05T17:00:00Z,oos,3569,0,Tier A,tier_a_primary,Tier_A_full_context,c08_exclude_weak_session_bucket,cash_open_0_30,-0.09635811836115327,0
2026.01.05 17:05:00,2026-01-05T17:05:00Z,oos,3570,0,Tier A,tier_a_primary,Tier_A_full_context,c08_exclude_weak_session_bucket,early_cash_30_60,-0.12775735294117646,0
2026.01.05 17:10:00,2026-01-05T17:10:00Z,oos,3571,0,Tier A,tier_a_primary,Tier_A_full_context,c08_exclude_weak_session_bucket,early_cash_30_60,-0.12775735294117646,0
2026.01.05 17:15:00,2026-01-05T17:15:00Z,oos,3572,0,Tier A,tier_a_primary,Tier_A_full_context,c08_exclude_weak_session_bucket,early_cash_30_60,-0.12775735294117646,0
2026.01.05 17:20:00,2026-01-05T17:20:00Z,oos,3573,0,Tier A,tier_a_primary,Tier_A_full_context,c08_exclude_weak_session_bucket,early_cash_30_60,-0.12775735294117646,0
2026.01.05 17:25:00,2026-01-05T17:25:00Z,oos,3574,0,Tier A,tier_a_primary,Tier_A_full_context,c08_exclude_weak_session_bucket,early_cash_30_60,-0.12775735294117646,0
2026.01.05 17:30:00,2026-01-05T17:30:00Z,oos,3575,0,Tier A,tier_a_primary,Tier_A_full_context,c08_exclude_weak_session_bucket,early_cash_30_60,-0.12775735294117646,0
2026.01.05 17:35:00,2026-01-05T17:35:00Z,oos,3576,0,Tier A,tier_a_primary,Tier_A_full_context,c08_exclude_weak_session_bucket,morning_60_120,-0.1698966408268734,0
2026.01.05 17:40:00,2026-01-05T17:40:00Z,oos,3577,0,Tier A,tier_a_primary,Tier_A_full_context,c08_exclude_weak_session_bucket,morning_60_120,-0.1698966408268734,0
2026.01.05 17:45:00,2026-01-05T17:45:00Z,oos,3578,0,Tier A,tier_a_primary,Tier_A_full_context,c08_exclude_weak_session_bucket,morning_60_120,-0.1698966408268734,0
2026.01.05 17:50:00,2026-01-05T17:50:00Z,oos,3579,0,Tier A,tier_a_primary,Tier_A_full_context,c08_exclude_weak_session_bucket,morning_60_120,-0.1698966408268734,0
2026.01.05 17:55:00,2026-01-05T17:55:00Z,oos,3580,0,Tier A,tier_a_primary,Tier_A_full_context,c08_exclude_weak_session_bucket,morning_60_120,-0.1698966408268734,0
2026.01.05 18:00:00,2026-01-05T18:00:00Z,oos,3581,0,Tier A,tier_a_primary,Tier_A_full_context,c08_exclude_weak_session_bucket,morning_60_120,-0.1698966408268734,0
2026.01.05 18:05:00,2026-01-05T18:05:00Z,oos,3582,0,Tier A,tier_a_primary,Tier_A_full_context,c08_exclude_weak_session_bucket,morning_60_120,-0.1698966408268734,0
2026.01.05 18:10:00,2026-01-05T18:10:00Z,oos,3583,0,Tier A,tier_a_primary,Tier_A_full_context,c08_exclude_weak_session_bucket,morning_60_120,-0.1698966408268734,0
2026.01.05 18:15:00,2026-01-05T18:15:00Z,oos,3584,0,Tier A,tier_a_primary,Tier_A_full_context,c08_exclude_weak_session_bucket,morning_60_120,-0.1698966408268734,0
2026.01.05 18:20:00,2026-01-05T18:20:00Z,oos,3585,0,Tier A,tier_a_primary,Tier_A_full_context,c08_exclude_weak_session_bucket,morning_60_120,-0.1698966408268734,0
2026.01.05 18:30:00,2026-01-05T18:30:00Z,oos,3586,0,Tier A,tier_a_primary,Tier_A_full_context,c08_exclude_weak_session_bucket,morning_60_120,-0.1698966408268734,0
2026.01.05 18:35:00,2026-01-05T18:35:00Z,oos,3587,0,Tier A,tier_a_primary,Tier_A_full_context,c08_exclude_weak_session_bucket,midday_lull_120_240,-0.1762380357885976,0
2026.01.05 18:40:00,2026-01-05T18:40:00Z,oos,3588,0,Tier A,tier_a_primary,Tier_A_full_context,c08_exclude_weak_session_bucket,midday_lull_120_240,-0.1762380357885976,0
2026.01.05 18:45:00,2026-01-05T18:45:00Z,oos,3589,0,Tier A,tier_a_primary,Tier_A_full_context,c08_exclude_weak_session_bucket,midday_lull_120_240,-0.1762380357885976,0
2026.01.05 18:50:00,2026-01-05T18:50:00Z,oos,3590,0,Tier A,tier_a_primary,Tier_A_full_context,c08_exclude_weak_session_bucket,midday_lull_120_240,-0.1762380357885976,0
2026.01.05 18:55:00,2026-01-05T18:55:00Z,oos,3591,0,Tier A,tier_a_primary,Tier_A_full_context,c08_exclude_weak_session_bucket,midday_lull_120_240,-0.1762380357885976,0
2026.01.05 19:00:00,2026-01-05T19:00:00Z,oos,3592,0,Tier A,tier_a_primary,Tier_A_full_context,c08_exclude_weak_session_bucket,midday_lull_120_240,-0.1762380357885976,0
2026.01.05 19:05:00,2026-01-05T19:05:00Z,oos,3593,0,Tier A,tier_a_primary,Tier_A_full_context,c08_exclude_weak_session_bucket,midday_lull_120_240,-0.1762380357885976,0
2026.01.05 19:15:00,2026-01-05T19:15:00Z,oos,3594,0,Tier A,tier_a_primary,Tier_A_full_context,c08_exclude_weak_session_bucket,midday_lull_120_240,-0.1762380357885976,0
2026.01.05 19:25:00,2026-01-05T19:25:00Z,oos,3595,0,Tier A,tier_a_primary,Tier_A_full_context,c08_exclude_weak_session_bucket,midday_lull_120_240,-0.1762380357885976,0
2026.01.05 19:30:00,2026-01-05T19:30:00Z,oos,3596,0,Tier A,tier_a_primary,Tier_A_full_context,c08_exclude_weak_session_bucket,midday_lull_120_240,-0.1762380357885976,0
2026.01.05 19:35:00,2026-01-05T19:35:00Z,oos,3597,0,Tier A,tier_a_primary,Tier_A_full_context,c08_exclude_weak_session_bucket,midday_lull_120_240,-0.1762380357885976,0
2026.01.05 19:55:00,2026-01-05T19:55:00Z,oos,3598,0,Tier A,tier_a_primary,Tier_A_full_context,c08_exclude_weak_session_bucket,midday_lull_120_240,-0.1762380357885976,0
2026.01.05 20:00:00,2026-01-05T20:00:00Z,oos,3599,0,Tier A,tier_a_primary,Tier_A_full_context,c08_exclude_weak_session_bucket,midday_lull_120_240,-0.1762380357885976,0
2026.01.05 20:10:00,2026-01-05T20:10:00Z,oos,3600,0,Tier A,tier_a_primary,Tier_A_full_context,c08_exclude_weak_session_bucket,midday_lull_120_240,-0.1762380357885976,0
2026.01.05 20:15:00,2026-01-05T20:15:00Z,oos,3601,0,Tier A,tier_a_primary,Tier_A_full_context,c08_exclude_weak_session_bucket,midday_lull_120_240,-0.1762380357885976,0
2026.01.05 20:20:00,2026-01-05T20:20:00Z,oos,3602,0,Tier A,tier_a_primary,Tier_A_full_context,c08_exclude_weak_session_bucket,midday_lull_120_240,-0.1762380357885976,0
2026.01.05 20:25:00,2026-01-05T20:25:00Z,oos,3603,0,Tier A,tier_a_primary,Tier_A_full_context,c08_exclude_weak_session_bucket,midday_lull_120_240,-0.1762380357885976,0
2026.01.05 20:30:00,2026-01-05T20:30:00Z,oos,3604,0,Tier A,tier_a_primary,Tier_A_full_context,c08_exclude_weak_session_bucket,midday_lull_120_240,-0.1762380357885976,0
2026.01.05 20:40:00,2026-01-05T20:40:00Z,oos,3605,0,Tier A,tier_a_primary,Tier_A_full_context,c08_exclude_weak_session_bucket,late_cash_240_330,-0.17209668943772988,0
2026.01.05 20:50:00,2026-01-05T20:50:00Z,oos,3606,0,Tier A,tier_a_primary,Tier_A_full_context,c08_exclude_weak_session_bucket,late_cash_240_330,-0.17209668943772988,0
2026.01.05 20:55:00,2026-01-05T20:55:00Z,oos,3607,0,Tier A,tier_a_primary,Tier_A_full_context,c08_exclude_weak_session_bucket,late_cash_240_330,-0.17209668943772988,0
2026.01.05 21:00:00,2026-01-05T21:00:00Z,oos,3608,0,Tier A,tier_a_primary,Tier_A_full_context,c08_exclude_weak_session_bucket,late_cash_240_330,-0.17209668943772988,0
2026.01.05 21:10:00,2026-01-05T21:10:00Z,oos,3609,0,Tier A,tier_a_primary,Tier_A_full_context,c08_exclude_weak_session_bucket,late_cash_240_330,-0.17209668943772988,0
2026.01.05 21:15:00,2026-01-05T21:15:00Z,oos,3610,0,Tier A,tier_a_primary,Tier_A_full_context,c08_exclude_weak_session_bucket,late_cash_240_330,-0.17209668943772988,0
2026.01.05 21:20:00,2026-01-05T21:20:00Z,oos,3611,0,Tier A,tier_a_primary,Tier_A_full_context,c08_exclude_weak_session_bucket,late_cash_240_330,-0.17209668943772988,0
2026.01.05 21:25:00,2026-01-05T21:25:00Z,oos,3612,0,Tier A,tier_a_primary,Tier_A_full_context,c08_exclude_weak_session_bucket,late_cash_240_330,-0.17209668943772988,0
2026.01.05 21:30:00,2026-01-05T21:30:00Z,oos,3613,0,Tier A,tier_a_primary,Tier_A_full_context,c08_exclude_weak_session_bucket,late_cash_240_330,-0.17209668943772988,0
2026.01.05 21:35:00,2026-01-05T21:35:00Z,oos,3614,0,Tier A,tier_a_primary,Tier_A_full_context,c08_exclude_weak_session_bucket,late_cash_240_330,-0.17209668943772988,0
2026.01.05 21:40:00,2026-01-05T21:40:00Z,oos,3615,-1,Tier A,tier_a_primary,Tier_A_full_context,c08_exclude_weak_session_bucket,late_cash_240_330,-0.17209668943772988,-1
2026.01.05 21:45:00,2026-01-05T21:45:00Z,oos,3616,0,Tier A,tier_a_primary,Tier_A_full_context,c08_exclude_weak_session_bucket,late_cash_240_330,-0.17209668943772988,0
2026.01.05 21:55:00,2026-01-05T21:55:00Z,oos,3617,0,Tier A,tier_a_primary,Tier_A_full_context,c08_exclude_weak_session_bucket,late_cash_240_330,-0.17209668943772988,0
2026.01.05 22:00:00,2026-01-05T22:00:00Z,oos,3618,0,Tier A,tier_a_primary,Tier_A_full_context,c08_exclude_weak_session_bucket,late_cash_240_330,-0.17209668943772988,0
2026.01.06 16:35:00,2026-01-06T16:35:00Z,oos,3619,0,Tier A,tier_a_primary,Tier_A_full_context,c08_exclude_weak_session_bucket,cash_open_0_30,-0.09635811836115327,0
2026.01.06 16:40:00,2026-01-06T16:40:00Z,oos,3620,-1,Tier A,tier_a_primary,Tier_A_full_context,c08_exclude_weak_session_bucket,cash_open_0_30,-0.09635811836115327,-1
2026.01.06 16:45:00,2026-01-06T16:45:00Z,oos,3621,0,Tier A,tier_a_primary,Tier_A_full_context,c08_exclude_weak_session_bucket,cash_open_0_30,-0.09635811836115327,0
2026.01.06 16:50:00,2026-01-06T16:50:00Z,oos,3622,0,Tier A,tier_a_primary,Tier_A_full_context,c08_exclude_weak_session_bucket,cash_open_0_30,-0.09635811836115327,0
2026.01.06 16:55:00,2026-01-06T16:55:00Z,oos,3623,1,Tier A,tier_a_primary,Tier_A_full_context,c08_exclude_weak_session_bucket,cash_open_0_30,-0.09635811836115327,1
2026.01.06 17:00:00,2026-01-06T17:00:00Z,oos,3624,1,Tier A,tier_a_primary,Tier_A_full_context,c08_exclude_weak_session_bucket,cash_open_0_30,-0.09635811836115327,1
2026.01.06 17:05:00,2026-01-06T17:05:00Z,oos,3625,0,Tier A,tier_a_primary,Tier_A_full_context,c08_exclude_weak_session_bucket,early_cash_30_60,-0.12775735294117646,0
2026.01.06 17:10:00,2026-01-06T17:10:00Z,oos,3626,-1,Tier A,tier_a_primary,Tier_A_full_context,c08_exclude_weak_session_bucket,early_cash_30_60,-0.12775735294117646,-1
2026.01.06 17:15:00,2026-01-06T17:15:00Z,oos,3627,0,Tier A,tier_a_primary,Tier_A_full_context,c08_exclude_weak_session_bucket,early_cash_30_60,-0.12775735294117646,0
2026.01.06 17:20:00,2026-01-06T17:20:00Z,oos,3628,0,Tier A,tier_a_primary,Tier_A_full_context,c08_exclude_weak_session_bucket,early_cash_30_60,-0.12775735294117646,0
2026.01.06 17:25:00,2026-01-06T17:25:00Z,oos,3629,0,Tier A,tier_a_primary,Tier_A_full_context,c08_exclude_weak_session_bucket,early_cash_30_60,-0.12775735294117646,0
2026.01.06 17:30:00,2026-01-06T17:30:00Z,oos,3630,0,Tier A,tier_a_primary,Tier_A_full_context,c08_exclude_weak_session_bucket,early_cash_30_60,-0.12775735294117646,0
2026.01.06 17:35:00,2026-01-06T17:35:00Z,oos,3631,-1,Tier A,tier_a_primary,Tier_A_full_context,c08_exclude_weak_session_bucket,morning_60_120,-0.1698966408268734,-1
2026.01.06 17:40:00,2026-01-06T17:40:00Z,oos,3632,-1,Tier A,tier_a_primary,Tier_A_full_context,c08_exclude_weak_session_bucket,morning_60_120,-0.1698966408268734,-1
2026.01.06 17:45:00,2026-01-06T17:45:00Z,oos,3633,-1,Tier A,tier_a_primary,Tier_A_full_context,c08_exclude_weak_session_bucket,morning_60_120,-0.1698966408268734,-1
2026.01.06 17:50:00,2026-01-06T17:50:00Z,oos,3634,0,Tier A,tier_a_primary,Tier_A_full_context,c08_exclude_weak_session_bucket,morning_60_120,-0.1698966408268734,0
2026.01.06 17:55:00,2026-01-06T17:55:00Z,oos,3635,-1,Tier A,tier_a_primary,Tier_A_full_context,c08_exclude_weak_session_bucket,morning_60_120,-0.1698966408268734,-1
2026.01.06 18:00:00,2026-01-06T18:00:00Z,oos,3636,-1,Tier A,tier_a_primary,Tier_A_full_context,c08_exclude_weak_session_bucket,morning_60_120,-0.1698966408268734,-1
2026.01.06 18:05:00,2026-01-06T18:05:00Z,oos,3637,-1,Tier A,tier_a_primary,Tier_A_full_context,c08_exclude_weak_session_bucket,morning_60_120,-0.1698966408268734,-1
2026.01.06 18:10:00,2026-01-06T18:10:00Z,oos,3638,0,Tier A,tier_a_primary,Tier_A_full_context,c08_exclude_weak_session_bucket,morning_60_120,-0.1698966408268734,0
2026.01.06 18:15:00,2026-01-06T18:15:00Z,oos,3639,0,Tier A,tier_a_primary,Tier_A_full_context,c08_exclude_weak_session_bucket,morning_60_120,-0.1698966408268734,0
2026.01.06 18:20:00,2026-01-06T18:20:00Z,oos,3640,0,Tier A,tier_a_primary,Tier_A_full_context,c08_exclude_weak_session_bucket,morning_60_120,-0.1698966408268734,0
2026.01.06 18:25:00,2026-01-06T18:25:00Z,oos,3641,0,Tier A,tier_a_primary,Tier_A_full_context,c08_exclude_weak_session_bucket,morning_60_120,-0.1698966408268734,0
2026.01.06 18:30:00,2026-01-06T18:30:00Z,oos,3642,-1,Tier A,tier_a_primary,Tier_A_full_context,c08_exclude_weak_session_bucket,morning_60_120,-0.1698966408268734,-1
2026.01.06 18:35:00,2026-01-06T18:35:00Z,oos,3643,0,Tier A,tier_a_primary,Tier_A_full_context,c08_exclude_weak_session_bucket,midday_lull_120_240,-0.1762380357885976,0
2026.01.06 18:40:00,2026-01-06T18:40:00Z,oos,3644,0,Tier A,tier_a_primary,Tier_A_full_context,c08_exclude_weak_session_bucket,midday_lull_120_240,-0.1762380357885976,0
2026.01.06 18:45:00,2026-01-06T18:45:00Z,oos,3645,0,Tier A,tier_a_primary,Tier_A_full_context,c08_exclude_weak_session_bucket,midday_lull_120_240,-0.1762380357885976,0
2026.01.06 18:50:00,2026-01-06T18:50:00Z,oos,3646,0,Tier A,tier_a_primary,Tier_A_full_context,c08_exclude_weak_session_bucket,midday_lull_120_240,-0.1762380357885976,0
2026.01.06 18:55:00,2026-01-06T18:55:00Z,oos,3647,0,Tier A,tier_a_primary,Tier_A_full_context,c08_exclude_weak_session_bucket,midday_lull_120_240,-0.1762380357885976,0
2026.01.06 19:00:00,2026-01-06T19:00:00Z,oos,3648,0,Tier A,tier_a_primary,Tier_A_full_context,c08_exclude_weak_session_bucket,midday_lull_120_240,-0.1762380357885976,0
2026.01.06 19:05:00,2026-01-06T19:05:00Z,oos,3649,0,Tier A,tier_a_primary,Tier_A_full_context,c08_exclude_weak_session_bucket,midday_lull_120_240,-0.1762380357885976,0
2026.01.06 19:10:00,2026-01-06T19:10:00Z,oos,3650,0,Tier A,tier_a_primary,Tier_A_full_context,c08_exclude_weak_session_bucket,midday_lull_120_240,-0.1762380357885976,0
2026.01.06 19:15:00,2026-01-06T19:15:00Z,oos,3651,0,Tier A,tier_a_primary,Tier_A_full_context,c08_exclude_weak_session_bucket,midday_lull_120_240,-0.1762380357885976,0
2026.01.06 19:25:00,2026-01-06T19:25:00Z,oos,3652,0,Tier A,tier_a_primary,Tier_A_full_context,c08_exclude_weak_session_bucket,midday_lull_120_240,-0.1762380357885976,0
2026.01.06 19:30:00,2026-01-06T19:30:00Z,oos,3653,0,Tier A,tier_a_primary,Tier_A_full_context,c08_exclude_weak_session_bucket,midday_lull_120_240,-0.1762380357885976,0
2026.01.06 19:35:00,2026-01-06T19:35:00Z,oos,3654,0,Tier A,tier_a_primary,Tier_A_full_context,c08_exclude_weak_session_bucket,midday_lull_120_240,-0.1762380357885976,0
2026.01.06 19:40:00,2026-01-06T19:40:00Z,oos,3655,0,Tier A,tier_a_primary,Tier_A_full_context,c08_exclude_weak_session_bucket,midday_lull_120_240,-0.1762380357885976,0
2026.01.06 19:45:00,2026-01-06T19:45:00Z,oos,3656,0,Tier A,tier_a_primary,Tier_A_full_context,c08_exclude_weak_session_bucket,midday_lull_120_240,-0.1762380357885976,0
2026.01.06 20:00:00,2026-01-06T20:00:00Z,oos,3657,0,Tier A,tier_a_primary,Tier_A_full_context,c08_exclude_weak_session_bucket,midday_lull_120_240,-0.1762380357885976,0
2026.01.06 20:05:00,2026-01-06T20:05:00Z,oos,3658,0,Tier A,tier_a_primary,Tier_A_full_context,c08_exclude_weak_session_bucket,midday_lull_120_240,-0.1762380357885976,0
2026.01.06 20:15:00,2026-01-06T20:15:00Z,oos,3659,0,Tier A,tier_a_primary,Tier_A_full_context,c08_exclude_weak_session_bucket,midday_lull_120_240,-0.1762380357885976,0
2026.01.06 20:20:00,2026-01-06T20:20:00Z,oos,3660,0,Tier A,tier_a_primary,Tier_A_full_context,c08_exclude_weak_session_bucket,midday_lull_120_240,-0.1762380357885976,0
2026.01.06 20:25:00,2026-01-06T20:25:00Z,oos,3661,0,Tier A,tier_a_primary,Tier_A_full_context,c08_exclude_weak_session_bucket,midday_lull_120_240,-0.1762380357885976,0
2026.01.06 20:30:00,2026-01-06T20:30:00Z,oos,3662,0,Tier A,tier_a_primary,Tier_A_full_context,c08_exclude_weak_session_bucket,midday_lull_120_240,-0.1762380357885976,0
2026.01.06 20:35:00,2026-01-06T20:35:00Z,oos,3663,0,Tier A,tier_a_primary,Tier_A_full_context,c08_exclude_weak_session_bucket,late_cash_240_330,-0.17209668943772988,0
2026.01.06 20:40:00,2026-01-06T20:40:00Z,oos,3664,0,Tier A,tier_a_primary,Tier_A_full_context,c08_exclude_weak_session_bucket,late_cash_240_330,-0.17209668943772988,0
2026.01.06 20:45:00,2026-01-06T20:45:00Z,oos,3665,0,Tier A,tier_a_primary,Tier_A_full_context,c08_exclude_weak_session_bucket,late_cash_240_330,-0.17209668943772988,0
2026.01.06 20:55:00,2026-01-06T20:55:00Z,oos,3666,0,Tier A,tier_a_primary,Tier_A_full_context,c08_exclude_weak_session_bucket,late_cash_240_330,-0.17209668943772988,0
2026.01.06 21:00:00,2026-01-06T21:00:00Z,oos,3667,0,Tier A,tier_a_primary,Tier_A_full_context,c08_exclude_weak_session_bucket,late_cash_240_330,-0.17209668943772988,0
2026.01.06 21:15:00,2026-01-06T21:15:00Z,oos,3668,0,Tier A,tier_a_primary,Tier_A_full_context,c08_exclude_weak_session_bucket,late_cash_240_330,-0.17209668943772988,0
2026.01.06 21:20:00,2026-01-06T21:20:00Z,oos,3669,0,Tier A,tier_a_primary,Tier_A_full_context,c08_exclude_weak_session_bucket,late_cash_240_330,-0.17209668943772988,0
2026.01.06 21:25:00,2026-01-06T21:25:00Z,oos,3670,0,Tier A,tier_a_primary,Tier_A_full_context,c08_exclude_weak_session_bucket,late_cash_240_330,-0.17209668943772988,0
2026.01.06 21:30:00,2026-01-06T21:30:00Z,oos,3671,0,Tier A,tier_a_primary,Tier_A_full_context,c08_exclude_weak_session_bucket,late_cash_240_330,-0.17209668943772988,0
2026.01.06 21:35:00,2026-01-06T21:35:00Z,oos,3672,0,Tier A,tier_a_primary,Tier_A_full_context,c08_exclude_weak_session_bucket,late_cash_240_330,-0.17209668943772988,0
2026.01.06 21:45:00,2026-01-06T21:45:00Z,oos,3673,0,Tier A,tier_a_primary,Tier_A_full_context,c08_exclude_weak_session_bucket,late_cash_240_330,-0.17209668943772988,0
2026.01.06 21:50:00,2026-01-06T21:50:00Z,oos,3674,0,Tier A,tier_a_primary,Tier_A_full_context,c08_exclude_weak_session_bucket,late_cash_240_330,-0.17209668943772988,0
2026.01.06 22:00:00,2026-01-06T22:00:00Z,oos,3675,0,Tier A,tier_a_primary,Tier_A_full_context,c08_exclude_weak_session_bucket,late_cash_240_330,-0.17209668943772988,0
2026.01.07 16:35:00,2026-01-07T16:35:00Z,oos,3676,0,Tier A,tier_a_primary,Tier_A_full_context,c08_exclude_weak_session_bucket,cash_open_0_30,-0.09635811836115327,0
2026.01.07 16:40:00,2026-01-07T16:40:00Z,oos,3677,0,Tier A,tier_a_primary,Tier_A_full_context,c08_exclude_weak_session_bucket,cash_open_0_30,-0.09635811836115327,0
2026.01.07 16:45:00,2026-01-07T16:45:00Z,oos,3678,0,Tier A,tier_a_primary,Tier_A_full_context,c08_exclude_weak_session_bucket,cash_open_0_30,-0.09635811836115327,0
2026.01.07 16:50:00,2026-01-07T16:50:00Z,oos,3679,0,Tier A,tier_a_primary,Tier_A_full_context,c08_exclude_weak_session_bucket,cash_open_0_30,-0.09635811836115327,0
2026.01.07 16:55:00,2026-01-07T16:55:00Z,oos,3680,0,Tier A,tier_a_primary,Tier_A_full_context,c08_exclude_weak_session_bucket,cash_open_0_30,-0.09635811836115327,0
2026.01.07 17:00:00,2026-01-07T17:00:00Z,oos,3681,0,Tier A,tier_a_primary,Tier_A_full_context,c08_exclude_weak_session_bucket,cash_open_0_30,-0.09635811836115327,0
2026.01.07 17:05:00,2026-01-07T17:05:00Z,oos,3682,-1,Tier A,tier_a_primary,Tier_A_full_context,c08_exclude_weak_session_bucket,early_cash_30_60,-0.12775735294117646,-1
2026.01.07 17:10:00,2026-01-07T17:10:00Z,oos,3683,0,Tier A,tier_a_primary,Tier_A_full_context,c08_exclude_weak_session_bucket,early_cash_30_60,-0.12775735294117646,0
2026.01.07 17:15:00,2026-01-07T17:15:00Z,oos,3684,0,Tier A,tier_a_primary,Tier_A_full_context,c08_exclude_weak_session_bucket,early_cash_30_60,-0.12775735294117646,0
2026.01.07 17:20:00,2026-01-07T17:20:00Z,oos,3685,-1,Tier A,tier_a_primary,Tier_A_full_context,c08_exclude_weak_session_bucket,early_cash_30_60,-0.12775735294117646,-1
2026.01.07 17:25:00,2026-01-07T17:25:00Z,oos,3686,0,Tier A,tier_a_primary,Tier_A_full_context,c08_exclude_weak_session_bucket,early_cash_30_60,-0.12775735294117646,0
2026.01.07 17:30:00,2026-01-07T17:30:00Z,oos,3687,0,Tier A,tier_a_primary,Tier_A_full_context,c08_exclude_weak_session_bucket,early_cash_30_60,-0.12775735294117646,0
2026.01.07 17:35:00,2026-01-07T17:35:00Z,oos,3688,0,Tier A,tier_a_primary,Tier_A_full_context,c08_exclude_weak_session_bucket,morning_60_120,-0.1698966408268734,0
2026.01.07 17:40:00,2026-01-07T17:40:00Z,oos,3689,0,Tier A,tier_a_primary,Tier_A_full_context,c08_exclude_weak_session_bucket,morning_60_120,-0.1698966408268734,0
2026.01.07 17:45:00,2026-01-07T17:45:00Z,oos,3690,0,Tier A,tier_a_primary,Tier_A_full_context,c08_exclude_weak_session_bucket,morning_60_120,-0.1698966408268734,0
2026.01.07 17:50:00,2026-01-07T17:50:00Z,oos,3691,0,Tier A,tier_a_primary,Tier_A_full_context,c08_exclude_weak_session_bucket,morning_60_120,-0.1698966408268734,0
2026.01.07 17:55:00,2026-01-07T17:55:00Z,oos,3692,0,Tier A,tier_a_primary,Tier_A_full_context,c08_exclude_weak_session_bucket,morning_60_120,-0.1698966408268734,0
2026.01.07 18:00:00,2026-01-07T18:00:00Z,oos,3693,0,Tier A,tier_a_primary,Tier_A_full_context,c08_exclude_weak_session_bucket,morning_60_120,-0.1698966408268734,0
2026.01.07 18:05:00,2026-01-07T18:05:00Z,oos,3694,0,Tier A,tier_a_primary,Tier_A_full_context,c08_exclude_weak_session_bucket,morning_60_120,-0.1698966408268734,0
2026.01.07 18:10:00,2026-01-07T18:10:00Z,oos,3695,0,Tier A,tier_a_primary,Tier_A_full_context,c08_exclude_weak_session_bucket,morning_60_120,-0.1698966408268734,0
2026.01.07 18:15:00,2026-01-07T18:15:00Z,oos,3696,0,Tier A,tier_a_primary,Tier_A_full_context,c08_exclude_weak_session_bucket,morning_60_120,-0.1698966408268734,0
2026.01.07 18:20:00,2026-01-07T18:20:00Z,oos,3697,0,Tier A,tier_a_primary,Tier_A_full_context,c08_exclude_weak_session_bucket,morning_60_120,-0.1698966408268734,0
2026.01.07 18:25:00,2026-01-07T18:25:00Z,oos,3698,0,Tier A,tier_a_primary,Tier_A_full_context,c08_exclude_weak_session_bucket,morning_60_120,-0.1698966408268734,0
2026.01.07 18:30:00,2026-01-07T18:30:00Z,oos,3699,0,Tier A,tier_a_primary,Tier_A_full_context,c08_exclude_weak_session_bucket,morning_60_120,-0.1698966408268734,0
2026.01.07 18:35:00,2026-01-07T18:35:00Z,oos,3700,0,Tier A,tier_a_primary,Tier_A_full_context,c08_exclude_weak_session_bucket,midday_lull_120_240,-0.1762380357885976,0
2026.01.07 18:40:00,2026-01-07T18:40:00Z,oos,3701,0,Tier A,tier_a_primary,Tier_A_full_context,c08_exclude_weak_session_bucket,midday_lull_120_240,-0.1762380357885976,0
2026.01.07 18:45:00,2026-01-07T18:45:00Z,oos,3702,0,Tier A,tier_a_primary,Tier_A_full_context,c08_exclude_weak_session_bucket,midday_lull_120_240,-0.1762380357885976,0
2026.01.07 18:50:00,2026-01-07T18:50:00Z,oos,3703,0,Tier A,tier_a_primary,Tier_A_full_context,c08_exclude_weak_session_bucket,midday_lull_120_240,-0.1762380357885976,0
2026.01.07 18:55:00,2026-01-07T18:55:00Z,oos,3704,0,Tier A,tier_a_primary,Tier_A_full_context,c08_exclude_weak_session_bucket,midday_lull_120_240,-0.1762380357885976,0
2026.01.07 19:00:00,2026-01-07T19:00:00Z,oos,3705,0,Tier A,tier_a_primary,Tier_A_full_context,c08_exclude_weak_session_bucket,midday_lull_120_240,-0.1762380357885976,0
2026.01.07 19:05:00,2026-01-07T19:05:00Z,oos,3706,0,Tier A,tier_a_primary,Tier_A_full_context,c08_exclude_weak_session_bucket,midday_lull_120_240,-0.1762380357885976,0
2026.01.07 19:10:00,2026-01-07T19:10:00Z,oos,3707,0,Tier A,tier_a_primary,Tier_A_full_context,c08_exclude_weak_session_bucket,midday_lull_120_240,-0.1762380357885976,0
2026.01.07 19:15:00,2026-01-07T19:15:00Z,oos,3708,0,Tier A,tier_a_primary,Tier_A_full_context,c08_exclude_weak_session_bucket,midday_lull_120_240,-0.1762380357885976,0
2026.01.07 19:20:00,2026-01-07T19:20:00Z,oos,3709,0,Tier A,tier_a_primary,Tier_A_full_context,c08_exclude_weak_session_bucket,midday_lull_120_240,-0.1762380357885976,0
2026.01.07 19:25:00,2026-01-07T19:25:00Z,oos,3710,0,Tier A,tier_a_primary,Tier_A_full_context,c08_exclude_weak_session_bucket,midday_lull_120_240,-0.1762380357885976,0
2026.01.07 19:30:00,2026-01-07T19:30:00Z,oos,3711,0,Tier A,tier_a_primary,Tier_A_full_context,c08_exclude_weak_session_bucket,midday_lull_120_240,-0.1762380357885976,0
2026.01.07 19:35:00,2026-01-07T19:35:00Z,oos,3712,0,Tier A,tier_a_primary,Tier_A_full_context,c08_exclude_weak_session_bucket,midday_lull_120_240,-0.1762380357885976,0
2026.01.07 19:45:00,2026-01-07T19:45:00Z,oos,3713,0,Tier A,tier_a_primary,Tier_A_full_context,c08_exclude_weak_session_bucket,midday_lull_120_240,-0.1762380357885976,0
2026.01.07 19:50:00,2026-01-07T19:50:00Z,oos,3714,0,Tier A,tier_a_primary,Tier_A_full_context,c08_exclude_weak_session_bucket,midday_lull_120_240,-0.1762380357885976,0
2026.01.07 19:55:00,2026-01-07T19:55:00Z,oos,3715,0,Tier A,tier_a_primary,Tier_A_full_context,c08_exclude_weak_session_bucket,midday_lull_120_240,-0.1762380357885976,0
2026.01.07 20:00:00,2026-01-07T20:00:00Z,oos,3716,0,Tier A,tier_a_primary,Tier_A_full_context,c08_exclude_weak_session_bucket,midday_lull_120_240,-0.1762380357885976,0
2026.01.07 20:05:00,2026-01-07T20:05:00Z,oos,3717,0,Tier A,tier_a_primary,Tier_A_full_context,c08_exclude_weak_session_bucket,midday_lull_120_240,-0.1762380357885976,0
2026.01.07 20:10:00,2026-01-07T20:10:00Z,oos,3718,0,Tier A,tier_a_primary,Tier_A_full_context,c08_exclude_weak_session_bucket,midday_lull_120_240,-0.1762380357885976,0
2026.01.07 20:20:00,2026-01-07T20:20:00Z,oos,3719,0,Tier A,tier_a_primary,Tier_A_full_context,c08_exclude_weak_session_bucket,midday_lull_120_240,-0.1762380357885976,0
2026.01.07 20:25:00,2026-01-07T20:25:00Z,oos,3720,0,Tier A,tier_a_primary,Tier_A_full_context,c08_exclude_weak_session_bucket,midday_lull_120_240,-0.1762380357885976,0
2026.01.07 20:30:00,2026-01-07T20:30:00Z,oos,3721,0,Tier A,tier_a_primary,Tier_A_full_context,c08_exclude_weak_session_bucket,midday_lull_120_240,-0.1762380357885976,0
2026.01.07 20:45:00,2026-01-07T20:45:00Z,oos,3722,0,Tier A,tier_a_primary,Tier_A_full_context,c08_exclude_weak_session_bucket,late_cash_240_330,-0.17209668943772988,0
2026.01.07 20:50:00,2026-01-07T20:50:00Z,oos,3723,0,Tier A,tier_a_primary,Tier_A_full_context,c08_exclude_weak_session_bucket,late_cash_240_330,-0.17209668943772988,0
2026.01.07 21:00:00,2026-01-07T21:00:00Z,oos,3724,0,Tier A,tier_a_primary,Tier_A_full_context,c08_exclude_weak_session_bucket,late_cash_240_330,-0.17209668943772988,0
2026.01.07 21:05:00,2026-01-07T21:05:00Z,oos,3725,0,Tier A,tier_a_primary,Tier_A_full_context,c08_exclude_weak_session_bucket,late_cash_240_330,-0.17209668943772988,0
2026.01.07 21:10:00,2026-01-07T21:10:00Z,oos,3726,0,Tier A,tier_a_primary,Tier_A_full_context,c08_exclude_weak_session_bucket,late_cash_240_330,-0.17209668943772988,0
2026.01.07 21:15:00,2026-01-07T21:15:00Z,oos,3727,0,Tier A,tier_a_primary,Tier_A_full_context,c08_exclude_weak_session_bucket,late_cash_240_330,-0.17209668943772988,0
2026.01.07 21:20:00,2026-01-07T21:20:00Z,oos,3728,0,Tier A,tier_a_primary,Tier_A_full_context,c08_exclude_weak_session_bucket,late_cash_240_330,-0.17209668943772988,0
2026.01.07 21:25:00,2026-01-07T21:25:00Z,oos,3729,0,Tier A,tier_a_primary,Tier_A_full_context,c08_exclude_weak_session_bucket,late_cash_240_330,-0.17209668943772988,0
2026.01.07 21:30:00,2026-01-07T21:30:00Z,oos,3730,0,Tier A,tier_a_primary,Tier_A_full_context,c08_exclude_weak_session_bucket,late_cash_240_330,-0.17209668943772988,0
2026.01.07 21:35:00,2026-01-07T21:35:00Z,oos,3731,0,Tier A,tier_a_primary,Tier_A_full_context,c08_exclude_weak_session_bucket,late_cash_240_330,-0.17209668943772988,0
2026.01.07 21:40:00,2026-01-07T21:40:00Z,oos,3732,0,Tier A,tier_a_primary,Tier_A_full_context,c08_exclude_weak_session_bucket,late_cash_240_330,-0.17209668943772988,0
2026.01.07 21:50:00,2026-01-07T21:50:00Z,oos,3733,0,Tier A,tier_a_primary,Tier_A_full_context,c08_exclude_weak_session_bucket,late_cash_240_330,-0.17209668943772988,0
2026.01.07 21:55:00,2026-01-07T21:55:00Z,oos,3734,0,Tier A,tier_a_primary,Tier_A_full_context,c08_exclude_weak_session_bucket,late_cash_240_330,-0.17209668943772988,0
2026.01.07 22:00:00,2026-01-07T22:00:00Z,oos,3735,-1,Tier A,tier_a_primary,Tier_A_full_context,c08_exclude_weak_session_bucket,late_cash_240_330,-0.17209668943772988,-1
2026.01.08 16:35:00,2026-01-08T16:35:00Z,oos,3736,0,Tier A,tier_a_primary,Tier_A_full_context,c08_exclude_weak_session_bucket,cash_open_0_30,-0.09635811836115327,0
2026.01.08 16:40:00,2026-01-08T16:40:00Z,oos,3737,0,Tier A,tier_a_primary,Tier_A_full_context,c08_exclude_weak_session_bucket,cash_open_0_30,-0.09635811836115327,0
2026.01.08 16:45:00,2026-01-08T16:45:00Z,oos,3738,-1,Tier A,tier_a_primary,Tier_A_full_context,c08_exclude_weak_session_bucket,cash_open_0_30,-0.09635811836115327,-1
2026.01.08 16:50:00,2026-01-08T16:50:00Z,oos,3739,1,Tier A,tier_a_primary,Tier_A_full_context,c08_exclude_weak_session_bucket,cash_open_0_30,-0.09635811836115327,1
2026.01.08 16:55:00,2026-01-08T16:55:00Z,oos,3740,0,Tier A,tier_a_primary,Tier_A_full_context,c08_exclude_weak_session_bucket,cash_open_0_30,-0.09635811836115327,0
2026.01.08 17:00:00,2026-01-08T17:00:00Z,oos,3741,-1,Tier A,tier_a_primary,Tier_A_full_context,c08_exclude_weak_session_bucket,cash_open_0_30,-0.09635811836115327,-1
2026.01.08 17:05:00,2026-01-08T17:05:00Z,oos,3742,0,Tier A,tier_a_primary,Tier_A_full_context,c08_exclude_weak_session_bucket,early_cash_30_60,-0.12775735294117646,0
2026.01.08 17:10:00,2026-01-08T17:10:00Z,oos,3743,1,Tier A,tier_a_primary,Tier_A_full_context,c08_exclude_weak_session_bucket,early_cash_30_60,-0.12775735294117646,1
2026.01.08 17:15:00,2026-01-08T17:15:00Z,oos,3744,0,Tier A,tier_a_primary,Tier_A_full_context,c08_exclude_weak_session_bucket,early_cash_30_60,-0.12775735294117646,0
2026.01.08 17:20:00,2026-01-08T17:20:00Z,oos,3745,0,Tier A,tier_a_primary,Tier_A_full_context,c08_exclude_weak_session_bucket,early_cash_30_60,-0.12775735294117646,0
2026.01.08 17:30:00,2026-01-08T17:30:00Z,oos,3746,0,Tier A,tier_a_primary,Tier_A_full_context,c08_exclude_weak_session_bucket,early_cash_30_60,-0.12775735294117646,0
2026.01.08 17:35:00,2026-01-08T17:35:00Z,oos,3747,0,Tier A,tier_a_primary,Tier_A_full_context,c08_exclude_weak_session_bucket,morning_60_120,-0.1698966408268734,0
2026.01.08 17:40:00,2026-01-08T17:40:00Z,oos,3748,0,Tier A,tier_a_primary,Tier_A_full_context,c08_exclude_weak_session_bucket,morning_60_120,-0.1698966408268734,0
2026.01.08 17:45:00,2026-01-08T17:45:00Z,oos,3749,0,Tier A,tier_a_primary,Tier_A_full_context,c08_exclude_weak_session_bucket,morning_60_120,-0.1698966408268734,0
2026.01.08 17:50:00,2026-01-08T17:50:00Z,oos,3750,0,Tier A,tier_a_primary,Tier_A_full_context,c08_exclude_weak_session_bucket,morning_60_120,-0.1698966408268734,0
2026.01.08 17:55:00,2026-01-08T17:55:00Z,oos,3751,-1,Tier A,tier_a_primary,Tier_A_full_context,c08_exclude_weak_session_bucket,morning_60_120,-0.1698966408268734,-1
2026.01.08 18:00:00,2026-01-08T18:00:00Z,oos,3752,1,Tier A,tier_a_primary,Tier_A_full_context,c08_exclude_weak_session_bucket,morning_60_120,-0.1698966408268734,1
2026.01.08 18:05:00,2026-01-08T18:05:00Z,oos,3753,0,Tier A,tier_a_primary,Tier_A_full_context,c08_exclude_weak_session_bucket,morning_60_120,-0.1698966408268734,0
2026.01.08 18:10:00,2026-01-08T18:10:00Z,oos,3754,0,Tier A,tier_a_primary,Tier_A_full_context,c08_exclude_weak_session_bucket,morning_60_120,-0.1698966408268734,0
2026.01.08 18:15:00,2026-01-08T18:15:00Z,oos,3755,0,Tier A,tier_a_primary,Tier_A_full_context,c08_exclude_weak_session_bucket,morning_60_120,-0.1698966408268734,0
2026.01.08 18:20:00,2026-01-08T18:20:00Z,oos,3756,0,Tier A,tier_a_primary,Tier_A_full_context,c08_exclude_weak_session_bucket,morning_60_120,-0.1698966408268734,0
2026.01.08 18:25:00,2026-01-08T18:25:00Z,oos,3757,0,Tier A,tier_a_primary,Tier_A_full_context,c08_exclude_weak_session_bucket,morning_60_120,-0.1698966408268734,0
2026.01.08 18:30:00,2026-01-08T18:30:00Z,oos,3758,0,Tier A,tier_a_primary,Tier_A_full_context,c08_exclude_weak_session_bucket,morning_60_120,-0.1698966408268734,0
2026.01.08 18:35:00,2026-01-08T18:35:00Z,oos,3759,0,Tier A,tier_a_primary,Tier_A_full_context,c08_exclude_weak_session_bucket,midday_lull_120_240,-0.1762380357885976,0
2026.01.08 18:40:00,2026-01-08T18:40:00Z,oos,3760,0,Tier A,tier_a_primary,Tier_A_full_context,c08_exclude_weak_session_bucket,midday_lull_120_240,-0.1762380357885976,0
2026.01.08 18:45:00,2026-01-08T18:45:00Z,oos,3761,0,Tier A,tier_a_primary,Tier_A_full_context,c08_exclude_weak_session_bucket,midday_lull_120_240,-0.1762380357885976,0
2026.01.08 18:50:00,2026-01-08T18:50:00Z,oos,3762,0,Tier A,tier_a_primary,Tier_A_full_context,c08_exclude_weak_session_bucket,midday_lull_120_240,-0.1762380357885976,0
2026.01.08 18:55:00,2026-01-08T18:55:00Z,oos,3763,0,Tier A,tier_a_primary,Tier_A_full_context,c08_exclude_weak_session_bucket,midday_lull_120_240,-0.1762380357885976,0
2026.01.08 19:00:00,2026-01-08T19:00:00Z,oos,3764,0,Tier A,tier_a_primary,Tier_A_full_context,c08_exclude_weak_session_bucket,midday_lull_120_240,-0.1762380357885976,0
2026.01.08 19:05:00,2026-01-08T19:05:00Z,oos,3765,0,Tier A,tier_a_primary,Tier_A_full_context,c08_exclude_weak_session_bucket,midday_lull_120_240,-0.1762380357885976,0
2026.01.08 19:10:00,2026-01-08T19:10:00Z,oos,3766,0,Tier A,tier_a_primary,Tier_A_full_context,c08_exclude_weak_session_bucket,midday_lull_120_240,-0.1762380357885976,0
2026.01.08 19:15:00,2026-01-08T19:15:00Z,oos,3767,0,Tier A,tier_a_primary,Tier_A_full_context,c08_exclude_weak_session_bucket,midday_lull_120_240,-0.1762380357885976,0
2026.01.08 19:20:00,2026-01-08T19:20:00Z,oos,3768,0,Tier A,tier_a_primary,Tier_A_full_context,c08_exclude_weak_session_bucket,midday_lull_120_240,-0.1762380357885976,0
2026.01.08 19:25:00,2026-01-08T19:25:00Z,oos,3769,0,Tier A,tier_a_primary,Tier_A_full_context,c08_exclude_weak_session_bucket,midday_lull_120_240,-0.1762380357885976,0
2026.01.08 19:30:00,2026-01-08T19:30:00Z,oos,3770,0,Tier A,tier_a_primary,Tier_A_full_context,c08_exclude_weak_session_bucket,midday_lull_120_240,-0.1762380357885976,0
2026.01.08 19:40:00,2026-01-08T19:40:00Z,oos,3771,0,Tier A,tier_a_primary,Tier_A_full_context,c08_exclude_weak_session_bucket,midday_lull_120_240,-0.1762380357885976,0
2026.01.08 19:45:00,2026-01-08T19:45:00Z,oos,3772,0,Tier A,tier_a_primary,Tier_A_full_context,c08_exclude_weak_session_bucket,midday_lull_120_240,-0.1762380357885976,0
2026.01.08 19:50:00,2026-01-08T19:50:00Z,oos,3773,0,Tier A,tier_a_primary,Tier_A_full_context,c08_exclude_weak_session_bucket,midday_lull_120_240,-0.1762380357885976,0
2026.01.08 20:00:00,2026-01-08T20:00:00Z,oos,3774,0,Tier A,tier_a_primary,Tier_A_full_context,c08_exclude_weak_session_bucket,midday_lull_120_240,-0.1762380357885976,0
2026.01.08 20:05:00,2026-01-08T20:05:00Z,oos,3775,0,Tier A,tier_a_primary,Tier_A_full_context,c08_exclude_weak_session_bucket,midday_lull_120_240,-0.1762380357885976,0
2026.01.08 20:15:00,2026-01-08T20:15:00Z,oos,3776,0,Tier A,tier_a_primary,Tier_A_full_context,c08_exclude_weak_session_bucket,midday_lull_120_240,-0.1762380357885976,0
2026.01.08 20:20:00,2026-01-08T20:20:00Z,oos,3777,0,Tier A,tier_a_primary,Tier_A_full_context,c08_exclude_weak_session_bucket,midday_lull_120_240,-0.1762380357885976,0
2026.01.08 20:30:00,2026-01-08T20:30:00Z,oos,3778,0,Tier A,tier_a_primary,Tier_A_full_context,c08_exclude_weak_session_bucket,midday_lull_120_240,-0.1762380357885976,0
2026.01.08 20:35:00,2026-01-08T20:35:00Z,oos,3779,0,Tier A,tier_a_primary,Tier_A_full_context,c08_exclude_weak_session_bucket,late_cash_240_330,-0.17209668943772988,0
2026.01.08 20:40:00,2026-01-08T20:40:00Z,oos,3780,0,Tier A,tier_a_primary,Tier_A_full_context,c08_exclude_weak_session_bucket,late_cash_240_330,-0.17209668943772988,0
2026.01.08 20:45:00,2026-01-08T20:45:00Z,oos,3781,0,Tier A,tier_a_primary,Tier_A_full_context,c08_exclude_weak_session_bucket,late_cash_240_330,-0.17209668943772988,0
2026.01.08 20:50:00,2026-01-08T20:50:00Z,oos,3782,0,Tier A,tier_a_primary,Tier_A_full_context,c08_exclude_weak_session_bucket,late_cash_240_330,-0.17209668943772988,0
2026.01.08 21:00:00,2026-01-08T21:00:00Z,oos,3783,0,Tier A,tier_a_primary,Tier_A_full_context,c08_exclude_weak_session_bucket,late_cash_240_330,-0.17209668943772988,0
2026.01.08 21:05:00,2026-01-08T21:05:00Z,oos,3784,0,Tier A,tier_a_primary,Tier_A_full_context,c08_exclude_weak_session_bucket,late_cash_240_330,-0.17209668943772988,0
2026.01.08 21:20:00,2026-01-08T21:20:00Z,oos,3785,0,Tier A,tier_a_primary,Tier_A_full_context,c08_exclude_weak_session_bucket,late_cash_240_330,-0.17209668943772988,0
2026.01.08 21:30:00,2026-01-08T21:30:00Z,oos,3786,0,Tier A,tier_a_primary,Tier_A_full_context,c08_exclude_weak_session_bucket,late_cash_240_330,-0.17209668943772988,0
2026.01.08 21:35:00,2026-01-08T21:35:00Z,oos,3787,0,Tier A,tier_a_primary,Tier_A_full_context,c08_exclude_weak_session_bucket,late_cash_240_330,-0.17209668943772988,0
2026.01.08 21:40:00,2026-01-08T21:40:00Z,oos,3788,0,Tier A,tier_a_primary,Tier_A_full_context,c08_exclude_weak_session_bucket,late_cash_240_330,-0.17209668943772988,0
2026.01.08 21:45:00,2026-01-08T21:45:00Z,oos,3789,0,Tier A,tier_a_primary,Tier_A_full_context,c08_exclude_weak_session_bucket,late_cash_240_330,-0.17209668943772988,0
2026.01.08 21:50:00,2026-01-08T21:50:00Z,oos,3790,0,Tier A,tier_a_primary,Tier_A_full_context,c08_exclude_weak_session_bucket,late_cash_240_330,-0.17209668943772988,0
2026.01.08 21:55:00,2026-01-08T21:55:00Z,oos,3791,0,Tier A,tier_a_primary,Tier_A_full_context,c08_exclude_weak_session_bucket,late_cash_240_330,-0.17209668943772988,0
2026.01.08 22:00:00,2026-01-08T22:00:00Z,oos,3792,0,Tier A,tier_a_primary,Tier_A_full_context,c08_exclude_weak_session_bucket,late_cash_240_330,-0.17209668943772988,0
2026.01.09 16:35:00,2026-01-09T16:35:00Z,oos,3793,-1,Tier A,tier_a_primary,Tier_A_full_context,c08_exclude_weak_session_bucket,cash_open_0_30,-0.09635811836115327,-1
2026.01.09 16:40:00,2026-01-09T16:40:00Z,oos,3794,1,Tier A,tier_a_primary,Tier_A_full_context,c08_exclude_weak_session_bucket,cash_open_0_30,-0.09635811836115327,1
2026.01.09 16:45:00,2026-01-09T16:45:00Z,oos,3795,0,Tier A,tier_a_primary,Tier_A_full_context,c08_exclude_weak_session_bucket,cash_open_0_30,-0.09635811836115327,0
2026.01.09 16:50:00,2026-01-09T16:50:00Z,oos,3796,-1,Tier A,tier_a_primary,Tier_A_full_context,c08_exclude_weak_session_bucket,cash_open_0_30,-0.09635811836115327,-1
2026.01.09 16:55:00,2026-01-09T16:55:00Z,oos,3797,1,Tier A,tier_a_primary,Tier_A_full_context,c08_exclude_weak_session_bucket,cash_open_0_30,-0.09635811836115327,1
2026.01.09 17:00:00,2026-01-09T17:00:00Z,oos,3798,0,Tier A,tier_a_primary,Tier_A_full_context,c08_exclude_weak_session_bucket,cash_open_0_30,-0.09635811836115327,0
2026.01.09 17:05:00,2026-01-09T17:05:00Z,oos,3799,0,Tier A,tier_a_primary,Tier_A_full_context,c08_exclude_weak_session_bucket,early_cash_30_60,-0.12775735294117646,0
2026.01.09 17:10:00,2026-01-09T17:10:00Z,oos,3800,-1,Tier A,tier_a_primary,Tier_A_full_context,c08_exclude_weak_session_bucket,early_cash_30_60,-0.12775735294117646,-1
2026.01.09 17:15:00,2026-01-09T17:15:00Z,oos,3801,1,Tier A,tier_a_primary,Tier_A_full_context,c08_exclude_weak_session_bucket,early_cash_30_60,-0.12775735294117646,1
2026.01.09 17:20:00,2026-01-09T17:20:00Z,oos,3802,0,Tier A,tier_a_primary,Tier_A_full_context,c08_exclude_weak_session_bucket,early_cash_30_60,-0.12775735294117646,0
2026.01.09 17:25:00,2026-01-09T17:25:00Z,oos,3803,0,Tier A,tier_a_primary,Tier_A_full_context,c08_exclude_weak_session_bucket,early_cash_30_60,-0.12775735294117646,0
2026.01.09 17:30:00,2026-01-09T17:30:00Z,oos,3804,0,Tier A,tier_a_primary,Tier_A_full_context,c08_exclude_weak_session_bucket,early_cash_30_60,-0.12775735294117646,0
2026.01.09 17:35:00,2026-01-09T17:35:00Z,oos,3805,0,Tier A,tier_a_primary,Tier_A_full_context,c08_exclude_weak_session_bucket,morning_60_120,-0.1698966408268734,0
2026.01.09 17:40:00,2026-01-09T17:40:00Z,oos,3806,0,Tier A,tier_a_primary,Tier_A_full_context,c08_exclude_weak_session_bucket,morning_60_120,-0.1698966408268734,0
2026.01.09 17:45:00,2026-01-09T17:45:00Z,oos,3807,0,Tier A,tier_a_primary,Tier_A_full_context,c08_exclude_weak_session_bucket,morning_60_120,-0.1698966408268734,0
2026.01.09 17:50:00,2026-01-09T17:50:00Z,oos,3808,0,Tier A,tier_a_primary,Tier_A_full_context,c08_exclude_weak_session_bucket,morning_60_120,-0.1698966408268734,0
2026.01.09 17:55:00,2026-01-09T17:55:00Z,oos,3809,0,Tier A,tier_a_primary,Tier_A_full_context,c08_exclude_weak_session_bucket,morning_60_120,-0.1698966408268734,0
2026.01.09 18:00:00,2026-01-09T18:00:00Z,oos,3810,0,Tier A,tier_a_primary,Tier_A_full_context,c08_exclude_weak_session_bucket,morning_60_120,-0.1698966408268734,0
2026.01.09 18:05:00,2026-01-09T18:05:00Z,oos,3811,0,Tier A,tier_a_primary,Tier_A_full_context,c08_exclude_weak_session_bucket,morning_60_120,-0.1698966408268734,0
2026.01.09 18:10:00,2026-01-09T18:10:00Z,oos,3812,0,Tier A,tier_a_primary,Tier_A_full_context,c08_exclude_weak_session_bucket,morning_60_120,-0.1698966408268734,0
2026.01.09 18:15:00,2026-01-09T18:15:00Z,oos,3813,0,Tier A,tier_a_primary,Tier_A_full_context,c08_exclude_weak_session_bucket,morning_60_120,-0.1698966408268734,0
2026.01.09 18:20:00,2026-01-09T18:20:00Z,oos,3814,0,Tier A,tier_a_primary,Tier_A_full_context,c08_exclude_weak_session_bucket,morning_60_120,-0.1698966408268734,0
2026.01.09 18:25:00,2026-01-09T18:25:00Z,oos,3815,0,Tier A,tier_a_primary,Tier_A_full_context,c08_exclude_weak_session_bucket,morning_60_120,-0.1698966408268734,0
2026.01.09 18:30:00,2026-01-09T18:30:00Z,oos,3816,0,Tier A,tier_a_primary,Tier_A_full_context,c08_exclude_weak_session_bucket,morning_60_120,-0.1698966408268734,0
2026.01.09 18:35:00,2026-01-09T18:35:00Z,oos,3817,0,Tier A,tier_a_primary,Tier_A_full_context,c08_exclude_weak_session_bucket,midday_lull_120_240,-0.1762380357885976,0
2026.01.09 18:40:00,2026-01-09T18:40:00Z,oos,3818,0,Tier A,tier_a_primary,Tier_A_full_context,c08_exclude_weak_session_bucket,midday_lull_120_240,-0.1762380357885976,0
2026.01.09 18:45:00,2026-01-09T18:45:00Z,oos,3819,0,Tier A,tier_a_primary,Tier_A_full_context,c08_exclude_weak_session_bucket,midday_lull_120_240,-0.1762380357885976,0
2026.01.09 18:50:00,2026-01-09T18:50:00Z,oos,3820,0,Tier A,tier_a_primary,Tier_A_full_context,c08_exclude_weak_session_bucket,midday_lull_120_240,-0.1762380357885976,0
2026.01.09 18:55:00,2026-01-09T18:55:00Z,oos,3821,0,Tier A,tier_a_primary,Tier_A_full_context,c08_exclude_weak_session_bucket,midday_lull_120_240,-0.1762380357885976,0
2026.01.09 19:00:00,2026-01-09T19:00:00Z,oos,3822,0,Tier A,tier_a_primary,Tier_A_full_context,c08_exclude_weak_session_bucket,midday_lull_120_240,-0.1762380357885976,0
2026.01.09 19:05:00,2026-01-09T19:05:00Z,oos,3823,0,Tier A,tier_a_primary,Tier_A_full_context,c08_exclude_weak_session_bucket,midday_lull_120_240,-0.1762380357885976,0
2026.01.09 19:10:00,2026-01-09T19:10:00Z,oos,3824,0,Tier A,tier_a_primary,Tier_A_full_context,c08_exclude_weak_session_bucket,midday_lull_120_240,-0.1762380357885976,0
2026.01.09 19:15:00,2026-01-09T19:15:00Z,oos,3825,0,Tier A,tier_a_primary,Tier_A_full_context,c08_exclude_weak_session_bucket,midday_lull_120_240,-0.1762380357885976,0
2026.01.09 19:20:00,2026-01-09T19:20:00Z,oos,3826,0,Tier A,tier_a_primary,Tier_A_full_context,c08_exclude_weak_session_bucket,midday_lull_120_240,-0.1762380357885976,0
2026.01.09 19:25:00,2026-01-09T19:25:00Z,oos,3827,0,Tier A,tier_a_primary,Tier_A_full_context,c08_exclude_weak_session_bucket,midday_lull_120_240,-0.1762380357885976,0
2026.01.09 19:30:00,2026-01-09T19:30:00Z,oos,3828,0,Tier A,tier_a_primary,Tier_A_full_context,c08_exclude_weak_session_bucket,midday_lull_120_240,-0.1762380357885976,0
2026.01.09 19:35:00,2026-01-09T19:35:00Z,oos,3829,0,Tier A,tier_a_primary,Tier_A_full_context,c08_exclude_weak_session_bucket,midday_lull_120_240,-0.1762380357885976,0
2026.01.09 19:40:00,2026-01-09T19:40:00Z,oos,3830,0,Tier A,tier_a_primary,Tier_A_full_context,c08_exclude_weak_session_bucket,midday_lull_120_240,-0.1762380357885976,0
2026.01.09 19:45:00,2026-01-09T19:45:00Z,oos,3831,0,Tier A,tier_a_primary,Tier_A_full_context,c08_exclude_weak_session_bucket,midday_lull_120_240,-0.1762380357885976,0
2026.01.09 19:50:00,2026-01-09T19:50:00Z,oos,3832,0,Tier A,tier_a_primary,Tier_A_full_context,c08_exclude_weak_session_bucket,midday_lull_120_240,-0.1762380357885976,0
2026.01.09 19:55:00,2026-01-09T19:55:00Z,oos,3833,0,Tier A,tier_a_primary,Tier_A_full_context,c08_exclude_weak_session_bucket,midday_lull_120_240,-0.1762380357885976,0
2026.01.09 20:00:00,2026-01-09T20:00:00Z,oos,3834,0,Tier A,tier_a_primary,Tier_A_full_context,c08_exclude_weak_session_bucket,midday_lull_120_240,-0.1762380357885976,0
2026.01.09 20:05:00,2026-01-09T20:05:00Z,oos,3835,0,Tier A,tier_a_primary,Tier_A_full_context,c08_exclude_weak_session_bucket,midday_lull_120_240,-0.1762380357885976,0
2026.01.09 20:10:00,2026-01-09T20:10:00Z,oos,3836,0,Tier A,tier_a_primary,Tier_A_full_context,c08_exclude_weak_session_bucket,midday_lull_120_240,-0.1762380357885976,0
2026.01.09 20:15:00,2026-01-09T20:15:00Z,oos,3837,0,Tier A,tier_a_primary,Tier_A_full_context,c08_exclude_weak_session_bucket,midday_lull_120_240,-0.1762380357885976,0
2026.01.09 20:20:00,2026-01-09T20:20:00Z,oos,3838,0,Tier A,tier_a_primary,Tier_A_full_context,c08_exclude_weak_session_bucket,midday_lull_120_240,-0.1762380357885976,0
2026.01.09 20:25:00,2026-01-09T20:25:00Z,oos,3839,0,Tier A,tier_a_primary,Tier_A_full_context,c08_exclude_weak_session_bucket,midday_lull_120_240,-0.1762380357885976,0
2026.01.09 20:30:00,2026-01-09T20:30:00Z,oos,3840,0,Tier A,tier_a_primary,Tier_A_full_context,c08_exclude_weak_session_bucket,midday_lull_120_240,-0.1762380357885976,0
2026.01.09 20:35:00,2026-01-09T20:35:00Z,oos,3841,0,Tier A,tier_a_primary,Tier_A_full_context,c08_exclude_weak_session_bucket,late_cash_240_330,-0.17209668943772988,0
2026.01.09 20:40:00,2026-01-09T20:40:00Z,oos,3842,0,Tier A,tier_a_primary,Tier_A_full_context,c08_exclude_weak_session_bucket,late_cash_240_330,-0.17209668943772988,0
2026.01.09 20:45:00,2026-01-09T20:45:00Z,oos,3843,0,Tier A,tier_a_primary,Tier_A_full_context,c08_exclude_weak_session_bucket,late_cash_240_330,-0.17209668943772988,0
2026.01.09 20:50:00,2026-01-09T20:50:00Z,oos,3844,0,Tier A,tier_a_primary,Tier_A_full_context,c08_exclude_weak_session_bucket,late_cash_240_330,-0.17209668943772988,0
2026.01.09 21:00:00,2026-01-09T21:00:00Z,oos,3845,0,Tier A,tier_a_primary,Tier_A_full_context,c08_exclude_weak_session_bucket,late_cash_240_330,-0.17209668943772988,0
2026.01.09 21:05:00,2026-01-09T21:05:00Z,oos,3846,0,Tier A,tier_a_primary,Tier_A_full_context,c08_exclude_weak_session_bucket,late_cash_240_330,-0.17209668943772988,0
2026.01.09 21:10:00,2026-01-09T21:10:00Z,oos,3847,0,Tier A,tier_a_primary,Tier_A_full_context,c08_exclude_weak_session_bucket,late_cash_240_330,-0.17209668943772988,0
2026.01.09 21:15:00,2026-01-09T21:15:00Z,oos,3848,0,Tier A,tier_a_primary,Tier_A_full_context,c08_exclude_weak_session_bucket,late_cash_240_330,-0.17209668943772988,0
2026.01.09 21:20:00,2026-01-09T21:20:00Z,oos,3849,0,Tier A,tier_a_primary,Tier_A_full_context,c08_exclude_weak_session_bucket,late_cash_240_330,-0.17209668943772988,0
2026.01.09 21:25:00,2026-01-09T21:25:00Z,oos,3850,0,Tier A,tier_a_primary,Tier_A_full_context,c08_exclude_weak_session_bucket,late_cash_240_330,-0.17209668943772988,0
2026.01.09 21:35:00,2026-01-09T21:35:00Z,oos,3851,0,Tier A,tier_a_primary,Tier_A_full_context,c08_exclude_weak_session_bucket,late_cash_240_330,-0.17209668943772988,0
2026.01.09 21:40:00,2026-01-09T21:40:00Z,oos,3852,0,Tier A,tier_a_primary,Tier_A_full_context,c08_exclude_weak_session_bucket,late_cash_240_330,-0.17209668943772988,0
2026.01.09 21:45:00,2026-01-09T21:45:00Z,oos,3853,0,Tier A,tier_a_primary,Tier_A_full_context,c08_exclude_weak_session_bucket,late_cash_240_330,-0.17209668943772988,0
2026.01.09 21:50:00,2026-01-09T21:50:00Z,oos,3854,0,Tier A,tier_a_primary,Tier_A_full_context,c08_exclude_weak_session_bucket,late_cash_240_330,-0.17209668943772988,0
2026.01.09 21:55:00,2026-01-09T21:55:00Z,oos,3855,0,Tier A,tier_a_primary,Tier_A_full_context,c08_exclude_weak_session_bucket,late_cash_240_330,-0.17209668943772988,0
2026.01.09 22:00:00,2026-01-09T22:00:00Z,oos,3856,-1,Tier A,tier_a_primary,Tier_A_full_context,c08_exclude_weak_session_bucket,late_cash_240_330,-0.17209668943772988,-1
2026.01.12 16:35:00,2026-01-12T16:35:00Z,oos,3857,1,Tier A,tier_a_primary,Tier_A_full_context,c08_exclude_weak_session_bucket,cash_open_0_30,-0.09635811836115327,1
2026.01.12 16:40:00,2026-01-12T16:40:00Z,oos,3858,0,Tier A,tier_a_primary,Tier_A_full_context,c08_exclude_weak_session_bucket,cash_open_0_30,-0.09635811836115327,0
2026.01.12 16:45:00,2026-01-12T16:45:00Z,oos,3859,-1,Tier A,tier_a_primary,Tier_A_full_context,c08_exclude_weak_session_bucket,cash_open_0_30,-0.09635811836115327,-1
2026.01.12 16:50:00,2026-01-12T16:50:00Z,oos,3860,0,Tier A,tier_a_primary,Tier_A_full_context,c08_exclude_weak_session_bucket,cash_open_0_30,-0.09635811836115327,0
2026.01.12 16:55:00,2026-01-12T16:55:00Z,oos,3861,0,Tier A,tier_a_primary,Tier_A_full_context,c08_exclude_weak_session_bucket,cash_open_0_30,-0.09635811836115327,0
2026.01.12 17:00:00,2026-01-12T17:00:00Z,oos,3862,0,Tier A,tier_a_primary,Tier_A_full_context,c08_exclude_weak_session_bucket,cash_open_0_30,-0.09635811836115327,0
2026.01.12 17:05:00,2026-01-12T17:05:00Z,oos,3863,-1,Tier A,tier_a_primary,Tier_A_full_context,c08_exclude_weak_session_bucket,early_cash_30_60,-0.12775735294117646,-1
2026.01.12 17:10:00,2026-01-12T17:10:00Z,oos,3864,0,Tier A,tier_a_primary,Tier_A_full_context,c08_exclude_weak_session_bucket,early_cash_30_60,-0.12775735294117646,0
2026.01.12 17:15:00,2026-01-12T17:15:00Z,oos,3865,0,Tier A,tier_a_primary,Tier_A_full_context,c08_exclude_weak_session_bucket,early_cash_30_60,-0.12775735294117646,0
2026.01.12 17:20:00,2026-01-12T17:20:00Z,oos,3866,0,Tier A,tier_a_primary,Tier_A_full_context,c08_exclude_weak_session_bucket,early_cash_30_60,-0.12775735294117646,0
2026.01.12 17:25:00,2026-01-12T17:25:00Z,oos,3867,0,Tier A,tier_a_primary,Tier_A_full_context,c08_exclude_weak_session_bucket,early_cash_30_60,-0.12775735294117646,0
2026.01.12 17:30:00,2026-01-12T17:30:00Z,oos,3868,0,Tier A,tier_a_primary,Tier_A_full_context,c08_exclude_weak_session_bucket,early_cash_30_60,-0.12775735294117646,0
2026.01.12 17:35:00,2026-01-12T17:35:00Z,oos,3869,-1,Tier A,tier_a_primary,Tier_A_full_context,c08_exclude_weak_session_bucket,morning_60_120,-0.1698966408268734,-1
2026.01.12 17:40:00,2026-01-12T17:40:00Z,oos,3870,0,Tier A,tier_a_primary,Tier_A_full_context,c08_exclude_weak_session_bucket,morning_60_120,-0.1698966408268734,0
2026.01.12 17:45:00,2026-01-12T17:45:00Z,oos,3871,0,Tier A,tier_a_primary,Tier_A_full_context,c08_exclude_weak_session_bucket,morning_60_120,-0.1698966408268734,0
2026.01.12 17:50:00,2026-01-12T17:50:00Z,oos,3872,0,Tier A,tier_a_primary,Tier_A_full_context,c08_exclude_weak_session_bucket,morning_60_120,-0.1698966408268734,0
2026.01.12 17:55:00,2026-01-12T17:55:00Z,oos,3873,0,Tier A,tier_a_primary,Tier_A_full_context,c08_exclude_weak_session_bucket,morning_60_120,-0.1698966408268734,0
2026.01.12 18:00:00,2026-01-12T18:00:00Z,oos,3874,0,Tier A,tier_a_primary,Tier_A_full_context,c08_exclude_weak_session_bucket,morning_60_120,-0.1698966408268734,0
2026.01.12 18:05:00,2026-01-12T18:05:00Z,oos,3875,0,Tier A,tier_a_primary,Tier_A_full_context,c08_exclude_weak_session_bucket,morning_60_120,-0.1698966408268734,0
2026.01.12 18:10:00,2026-01-12T18:10:00Z,oos,3876,0,Tier A,tier_a_primary,Tier_A_full_context,c08_exclude_weak_session_bucket,morning_60_120,-0.1698966408268734,0
2026.01.12 18:15:00,2026-01-12T18:15:00Z,oos,3877,1,Tier A,tier_a_primary,Tier_A_full_context,c08_exclude_weak_session_bucket,morning_60_120,-0.1698966408268734,1
2026.01.12 18:20:00,2026-01-12T18:20:00Z,oos,3878,0,Tier A,tier_a_primary,Tier_A_full_context,c08_exclude_weak_session_bucket,morning_60_120,-0.1698966408268734,0
2026.01.12 18:25:00,2026-01-12T18:25:00Z,oos,3879,0,Tier A,tier_a_primary,Tier_A_full_context,c08_exclude_weak_session_bucket,morning_60_120,-0.1698966408268734,0
2026.01.12 18:30:00,2026-01-12T18:30:00Z,oos,3880,0,Tier A,tier_a_primary,Tier_A_full_context,c08_exclude_weak_session_bucket,morning_60_120,-0.1698966408268734,0
2026.01.12 18:35:00,2026-01-12T18:35:00Z,oos,3881,0,Tier A,tier_a_primary,Tier_A_full_context,c08_exclude_weak_session_bucket,midday_lull_120_240,-0.1762380357885976,0
2026.01.12 18:40:00,2026-01-12T18:40:00Z,oos,3882,0,Tier A,tier_a_primary,Tier_A_full_context,c08_exclude_weak_session_bucket,midday_lull_120_240,-0.1762380357885976,0
2026.01.12 18:50:00,2026-01-12T18:50:00Z,oos,3883,0,Tier A,tier_a_primary,Tier_A_full_context,c08_exclude_weak_session_bucket,midday_lull_120_240,-0.1762380357885976,0
2026.01.12 18:55:00,2026-01-12T18:55:00Z,oos,3884,0,Tier A,tier_a_primary,Tier_A_full_context,c08_exclude_weak_session_bucket,midday_lull_120_240,-0.1762380357885976,0
2026.01.12 19:00:00,2026-01-12T19:00:00Z,oos,3885,0,Tier A,tier_a_primary,Tier_A_full_context,c08_exclude_weak_session_bucket,midday_lull_120_240,-0.1762380357885976,0
2026.01.12 19:05:00,2026-01-12T19:05:00Z,oos,3886,0,Tier A,tier_a_primary,Tier_A_full_context,c08_exclude_weak_session_bucket,midday_lull_120_240,-0.1762380357885976,0
2026.01.12 19:10:00,2026-01-12T19:10:00Z,oos,3887,0,Tier A,tier_a_primary,Tier_A_full_context,c08_exclude_weak_session_bucket,midday_lull_120_240,-0.1762380357885976,0
2026.01.12 19:15:00,2026-01-12T19:15:00Z,oos,3888,0,Tier A,tier_a_primary,Tier_A_full_context,c08_exclude_weak_session_bucket,midday_lull_120_240,-0.1762380357885976,0
2026.01.12 19:20:00,2026-01-12T19:20:00Z,oos,3889,0,Tier A,tier_a_primary,Tier_A_full_context,c08_exclude_weak_session_bucket,midday_lull_120_240,-0.1762380357885976,0
2026.01.12 19:25:00,2026-01-12T19:25:00Z,oos,3890,0,Tier A,tier_a_primary,Tier_A_full_context,c08_exclude_weak_session_bucket,midday_lull_120_240,-0.1762380357885976,0
2026.01.12 19:30:00,2026-01-12T19:30:00Z,oos,3891,0,Tier A,tier_a_primary,Tier_A_full_context,c08_exclude_weak_session_bucket,midday_lull_120_240,-0.1762380357885976,0
2026.01.12 19:35:00,2026-01-12T19:35:00Z,oos,3892,0,Tier A,tier_a_primary,Tier_A_full_context,c08_exclude_weak_session_bucket,midday_lull_120_240,-0.1762380357885976,0
2026.01.12 19:45:00,2026-01-12T19:45:00Z,oos,3893,0,Tier A,tier_a_primary,Tier_A_full_context,c08_exclude_weak_session_bucket,midday_lull_120_240,-0.1762380357885976,0
2026.01.12 19:50:00,2026-01-12T19:50:00Z,oos,3894,0,Tier A,tier_a_primary,Tier_A_full_context,c08_exclude_weak_session_bucket,midday_lull_120_240,-0.1762380357885976,0
2026.01.12 19:55:00,2026-01-12T19:55:00Z,oos,3895,0,Tier A,tier_a_primary,Tier_A_full_context,c08_exclude_weak_session_bucket,midday_lull_120_240,-0.1762380357885976,0
2026.01.12 20:00:00,2026-01-12T20:00:00Z,oos,3896,0,Tier A,tier_a_primary,Tier_A_full_context,c08_exclude_weak_session_bucket,midday_lull_120_240,-0.1762380357885976,0
2026.01.12 20:05:00,2026-01-12T20:05:00Z,oos,3897,0,Tier A,tier_a_primary,Tier_A_full_context,c08_exclude_weak_session_bucket,midday_lull_120_240,-0.1762380357885976,0
2026.01.12 20:10:00,2026-01-12T20:10:00Z,oos,3898,0,Tier A,tier_a_primary,Tier_A_full_context,c08_exclude_weak_session_bucket,midday_lull_120_240,-0.1762380357885976,0
2026.01.12 20:15:00,2026-01-12T20:15:00Z,oos,3899,0,Tier A,tier_a_primary,Tier_A_full_context,c08_exclude_weak_session_bucket,midday_lull_120_240,-0.1762380357885976,0
2026.01.12 20:20:00,2026-01-12T20:20:00Z,oos,3900,0,Tier A,tier_a_primary,Tier_A_full_context,c08_exclude_weak_session_bucket,midday_lull_120_240,-0.1762380357885976,0
2026.01.12 20:25:00,2026-01-12T20:25:00Z,oos,3901,0,Tier A,tier_a_primary,Tier_A_full_context,c08_exclude_weak_session_bucket,midday_lull_120_240,-0.1762380357885976,0
2026.01.12 20:30:00,2026-01-12T20:30:00Z,oos,3902,0,Tier A,tier_a_primary,Tier_A_full_context,c08_exclude_weak_session_bucket,midday_lull_120_240,-0.1762380357885976,0
2026.01.12 20:35:00,2026-01-12T20:35:00Z,oos,3903,-1,Tier A,tier_a_primary,Tier_A_full_context,c08_exclude_weak_session_bucket,late_cash_240_330,-0.17209668943772988,-1
2026.01.12 20:40:00,2026-01-12T20:40:00Z,oos,3904,0,Tier A,tier_a_primary,Tier_A_full_context,c08_exclude_weak_session_bucket,late_cash_240_330,-0.17209668943772988,0
2026.01.12 20:50:00,2026-01-12T20:50:00Z,oos,3905,0,Tier A,tier_a_primary,Tier_A_full_context,c08_exclude_weak_session_bucket,late_cash_240_330,-0.17209668943772988,0
2026.01.12 21:05:00,2026-01-12T21:05:00Z,oos,3906,-1,Tier A,tier_a_primary,Tier_A_full_context,c08_exclude_weak_session_bucket,late_cash_240_330,-0.17209668943772988,-1
2026.01.12 21:10:00,2026-01-12T21:10:00Z,oos,3907,1,Tier A,tier_a_primary,Tier_A_full_context,c08_exclude_weak_session_bucket,late_cash_240_330,-0.17209668943772988,1
2026.01.12 21:15:00,2026-01-12T21:15:00Z,oos,3908,0,Tier A,tier_a_primary,Tier_A_full_context,c08_exclude_weak_session_bucket,late_cash_240_330,-0.17209668943772988,0
2026.01.12 21:30:00,2026-01-12T21:30:00Z,oos,3909,0,Tier A,tier_a_primary,Tier_A_full_context,c08_exclude_weak_session_bucket,late_cash_240_330,-0.17209668943772988,0
2026.01.12 21:35:00,2026-01-12T21:35:00Z,oos,3910,1,Tier A,tier_a_primary,Tier_A_full_context,c08_exclude_weak_session_bucket,late_cash_240_330,-0.17209668943772988,1
2026.01.12 21:40:00,2026-01-12T21:40:00Z,oos,3911,0,Tier A,tier_a_primary,Tier_A_full_context,c08_exclude_weak_session_bucket,late_cash_240_330,-0.17209668943772988,0
2026.01.12 21:45:00,2026-01-12T21:45:00Z,oos,3912,0,Tier A,tier_a_primary,Tier_A_full_context,c08_exclude_weak_session_bucket,late_cash_240_330,-0.17209668943772988,0
2026.01.12 21:50:00,2026-01-12T21:50:00Z,oos,3913,0,Tier A,tier_a_primary,Tier_A_full_context,c08_exclude_weak_session_bucket,late_cash_240_330,-0.17209668943772988,0
2026.01.12 21:55:00,2026-01-12T21:55:00Z,oos,3914,0,Tier A,tier_a_primary,Tier_A_full_context,c08_exclude_weak_session_bucket,late_cash_240_330,-0.17209668943772988,0
2026.01.12 22:00:00,2026-01-12T22:00:00Z,oos,3915,1,Tier A,tier_a_primary,Tier_A_full_context,c08_exclude_weak_session_bucket,late_cash_240_330,-0.17209668943772988,1
2026.01.13 16:35:00,2026-01-13T16:35:00Z,oos,3916,1,Tier A,tier_a_primary,Tier_A_full_context,c08_exclude_weak_session_bucket,cash_open_0_30,-0.09635811836115327,1
2026.01.13 16:40:00,2026-01-13T16:40:00Z,oos,3917,0,Tier A,tier_a_primary,Tier_A_full_context,c08_exclude_weak_session_bucket,cash_open_0_30,-0.09635811836115327,0
2026.01.13 16:45:00,2026-01-13T16:45:00Z,oos,3918,0,Tier A,tier_a_primary,Tier_A_full_context,c08_exclude_weak_session_bucket,cash_open_0_30,-0.09635811836115327,0
2026.01.13 16:50:00,2026-01-13T16:50:00Z,oos,3919,0,Tier A,tier_a_primary,Tier_A_full_context,c08_exclude_weak_session_bucket,cash_open_0_30,-0.09635811836115327,0
2026.01.13 16:55:00,2026-01-13T16:55:00Z,oos,3920,0,Tier A,tier_a_primary,Tier_A_full_context,c08_exclude_weak_session_bucket,cash_open_0_30,-0.09635811836115327,0
2026.01.13 17:00:00,2026-01-13T17:00:00Z,oos,3921,0,Tier A,tier_a_primary,Tier_A_full_context,c08_exclude_weak_session_bucket,cash_open_0_30,-0.09635811836115327,0
2026.01.13 17:05:00,2026-01-13T17:05:00Z,oos,3922,0,Tier A,tier_a_primary,Tier_A_full_context,c08_exclude_weak_session_bucket,early_cash_30_60,-0.12775735294117646,0
2026.01.13 17:10:00,2026-01-13T17:10:00Z,oos,3923,0,Tier A,tier_a_primary,Tier_A_full_context,c08_exclude_weak_session_bucket,early_cash_30_60,-0.12775735294117646,0
2026.01.13 17:15:00,2026-01-13T17:15:00Z,oos,3924,0,Tier A,tier_a_primary,Tier_A_full_context,c08_exclude_weak_session_bucket,early_cash_30_60,-0.12775735294117646,0
2026.01.13 17:20:00,2026-01-13T17:20:00Z,oos,3925,-1,Tier A,tier_a_primary,Tier_A_full_context,c08_exclude_weak_session_bucket,early_cash_30_60,-0.12775735294117646,-1
2026.01.13 17:25:00,2026-01-13T17:25:00Z,oos,3926,-1,Tier A,tier_a_primary,Tier_A_full_context,c08_exclude_weak_session_bucket,early_cash_30_60,-0.12775735294117646,-1
2026.01.13 17:30:00,2026-01-13T17:30:00Z,oos,3927,0,Tier A,tier_a_primary,Tier_A_full_context,c08_exclude_weak_session_bucket,early_cash_30_60,-0.12775735294117646,0
2026.01.13 17:35:00,2026-01-13T17:35:00Z,oos,3928,0,Tier A,tier_a_primary,Tier_A_full_context,c08_exclude_weak_session_bucket,morning_60_120,-0.1698966408268734,0
2026.01.13 17:40:00,2026-01-13T17:40:00Z,oos,3929,0,Tier A,tier_a_primary,Tier_A_full_context,c08_exclude_weak_session_bucket,morning_60_120,-0.1698966408268734,0
2026.01.13 17:45:00,2026-01-13T17:45:00Z,oos,3930,0,Tier A,tier_a_primary,Tier_A_full_context,c08_exclude_weak_session_bucket,morning_60_120,-0.1698966408268734,0
2026.01.13 17:55:00,2026-01-13T17:55:00Z,oos,3931,1,Tier A,tier_a_primary,Tier_A_full_context,c08_exclude_weak_session_bucket,morning_60_120,-0.1698966408268734,1
2026.01.13 18:00:00,2026-01-13T18:00:00Z,oos,3932,0,Tier A,tier_a_primary,Tier_A_full_context,c08_exclude_weak_session_bucket,morning_60_120,-0.1698966408268734,0
2026.01.13 18:05:00,2026-01-13T18:05:00Z,oos,3933,0,Tier A,tier_a_primary,Tier_A_full_context,c08_exclude_weak_session_bucket,morning_60_120,-0.1698966408268734,0
2026.01.13 18:10:00,2026-01-13T18:10:00Z,oos,3934,0,Tier A,tier_a_primary,Tier_A_full_context,c08_exclude_weak_session_bucket,morning_60_120,-0.1698966408268734,0
2026.01.13 18:15:00,2026-01-13T18:15:00Z,oos,3935,0,Tier A,tier_a_primary,Tier_A_full_context,c08_exclude_weak_session_bucket,morning_60_120,-0.1698966408268734,0
2026.01.13 18:20:00,2026-01-13T18:20:00Z,oos,3936,0,Tier A,tier_a_primary,Tier_A_full_context,c08_exclude_weak_session_bucket,morning_60_120,-0.1698966408268734,0
2026.01.13 18:25:00,2026-01-13T18:25:00Z,oos,3937,0,Tier A,tier_a_primary,Tier_A_full_context,c08_exclude_weak_session_bucket,morning_60_120,-0.1698966408268734,0
2026.01.13 18:30:00,2026-01-13T18:30:00Z,oos,3938,0,Tier A,tier_a_primary,Tier_A_full_context,c08_exclude_weak_session_bucket,morning_60_120,-0.1698966408268734,0
2026.01.13 18:35:00,2026-01-13T18:35:00Z,oos,3939,0,Tier A,tier_a_primary,Tier_A_full_context,c08_exclude_weak_session_bucket,midday_lull_120_240,-0.1762380357885976,0
2026.01.13 18:40:00,2026-01-13T18:40:00Z,oos,3940,0,Tier A,tier_a_primary,Tier_A_full_context,c08_exclude_weak_session_bucket,midday_lull_120_240,-0.1762380357885976,0
2026.01.13 18:45:00,2026-01-13T18:45:00Z,oos,3941,0,Tier A,tier_a_primary,Tier_A_full_context,c08_exclude_weak_session_bucket,midday_lull_120_240,-0.1762380357885976,0
2026.01.13 18:50:00,2026-01-13T18:50:00Z,oos,3942,0,Tier A,tier_a_primary,Tier_A_full_context,c08_exclude_weak_session_bucket,midday_lull_120_240,-0.1762380357885976,0
2026.01.13 18:55:00,2026-01-13T18:55:00Z,oos,3943,0,Tier A,tier_a_primary,Tier_A_full_context,c08_exclude_weak_session_bucket,midday_lull_120_240,-0.1762380357885976,0
2026.01.13 19:00:00,2026-01-13T19:00:00Z,oos,3944,0,Tier A,tier_a_primary,Tier_A_full_context,c08_exclude_weak_session_bucket,midday_lull_120_240,-0.1762380357885976,0
2026.01.13 19:05:00,2026-01-13T19:05:00Z,oos,3945,0,Tier A,tier_a_primary,Tier_A_full_context,c08_exclude_weak_session_bucket,midday_lull_120_240,-0.1762380357885976,0
2026.01.13 19:10:00,2026-01-13T19:10:00Z,oos,3946,0,Tier A,tier_a_primary,Tier_A_full_context,c08_exclude_weak_session_bucket,midday_lull_120_240,-0.1762380357885976,0
2026.01.13 19:15:00,2026-01-13T19:15:00Z,oos,3947,0,Tier A,tier_a_primary,Tier_A_full_context,c08_exclude_weak_session_bucket,midday_lull_120_240,-0.1762380357885976,0
2026.01.13 19:20:00,2026-01-13T19:20:00Z,oos,3948,0,Tier A,tier_a_primary,Tier_A_full_context,c08_exclude_weak_session_bucket,midday_lull_120_240,-0.1762380357885976,0
2026.01.13 19:25:00,2026-01-13T19:25:00Z,oos,3949,0,Tier A,tier_a_primary,Tier_A_full_context,c08_exclude_weak_session_bucket,midday_lull_120_240,-0.1762380357885976,0
2026.01.13 19:35:00,2026-01-13T19:35:00Z,oos,3950,0,Tier A,tier_a_primary,Tier_A_full_context,c08_exclude_weak_session_bucket,midday_lull_120_240,-0.1762380357885976,0
2026.01.13 19:40:00,2026-01-13T19:40:00Z,oos,3951,0,Tier A,tier_a_primary,Tier_A_full_context,c08_exclude_weak_session_bucket,midday_lull_120_240,-0.1762380357885976,0
2026.01.13 19:45:00,2026-01-13T19:45:00Z,oos,3952,0,Tier A,tier_a_primary,Tier_A_full_context,c08_exclude_weak_session_bucket,midday_lull_120_240,-0.1762380357885976,0
2026.01.13 19:50:00,2026-01-13T19:50:00Z,oos,3953,0,Tier A,tier_a_primary,Tier_A_full_context,c08_exclude_weak_session_bucket,midday_lull_120_240,-0.1762380357885976,0
2026.01.13 19:55:00,2026-01-13T19:55:00Z,oos,3954,0,Tier A,tier_a_primary,Tier_A_full_context,c08_exclude_weak_session_bucket,midday_lull_120_240,-0.1762380357885976,0
2026.01.13 20:00:00,2026-01-13T20:00:00Z,oos,3955,0,Tier A,tier_a_primary,Tier_A_full_context,c08_exclude_weak_session_bucket,midday_lull_120_240,-0.1762380357885976,0
2026.01.13 20:05:00,2026-01-13T20:05:00Z,oos,3956,0,Tier A,tier_a_primary,Tier_A_full_context,c08_exclude_weak_session_bucket,midday_lull_120_240,-0.1762380357885976,0
2026.01.13 20:10:00,2026-01-13T20:10:00Z,oos,3957,0,Tier A,tier_a_primary,Tier_A_full_context,c08_exclude_weak_session_bucket,midday_lull_120_240,-0.1762380357885976,0
2026.01.13 20:15:00,2026-01-13T20:15:00Z,oos,3958,0,Tier A,tier_a_primary,Tier_A_full_context,c08_exclude_weak_session_bucket,midday_lull_120_240,-0.1762380357885976,0
2026.01.13 20:20:00,2026-01-13T20:20:00Z,oos,3959,0,Tier A,tier_a_primary,Tier_A_full_context,c08_exclude_weak_session_bucket,midday_lull_120_240,-0.1762380357885976,0
2026.01.13 20:25:00,2026-01-13T20:25:00Z,oos,3960,0,Tier A,tier_a_primary,Tier_A_full_context,c08_exclude_weak_session_bucket,midday_lull_120_240,-0.1762380357885976,0
2026.01.13 20:30:00,2026-01-13T20:30:00Z,oos,3961,0,Tier A,tier_a_primary,Tier_A_full_context,c08_exclude_weak_session_bucket,midday_lull_120_240,-0.1762380357885976,0
2026.01.13 20:35:00,2026-01-13T20:35:00Z,oos,3962,1,Tier A,tier_a_primary,Tier_A_full_context,c08_exclude_weak_session_bucket,late_cash_240_330,-0.17209668943772988,1
2026.01.13 20:40:00,2026-01-13T20:40:00Z,oos,3963,1,Tier A,tier_a_primary,Tier_A_full_context,c08_exclude_weak_session_bucket,late_cash_240_330,-0.17209668943772988,1
2026.01.13 20:45:00,2026-01-13T20:45:00Z,oos,3964,-1,Tier A,tier_a_primary,Tier_A_full_context,c08_exclude_weak_session_bucket,late_cash_240_330,-0.17209668943772988,-1
2026.01.13 20:55:00,2026-01-13T20:55:00Z,oos,3965,0,Tier A,tier_a_primary,Tier_A_full_context,c08_exclude_weak_session_bucket,late_cash_240_330,-0.17209668943772988,0
2026.01.13 21:00:00,2026-01-13T21:00:00Z,oos,3966,0,Tier A,tier_a_primary,Tier_A_full_context,c08_exclude_weak_session_bucket,late_cash_240_330,-0.17209668943772988,0
2026.01.13 21:05:00,2026-01-13T21:05:00Z,oos,3967,0,Tier A,tier_a_primary,Tier_A_full_context,c08_exclude_weak_session_bucket,late_cash_240_330,-0.17209668943772988,0
2026.01.13 21:10:00,2026-01-13T21:10:00Z,oos,3968,0,Tier A,tier_a_primary,Tier_A_full_context,c08_exclude_weak_session_bucket,late_cash_240_330,-0.17209668943772988,0
2026.01.13 21:20:00,2026-01-13T21:20:00Z,oos,3969,1,Tier A,tier_a_primary,Tier_A_full_context,c08_exclude_weak_session_bucket,late_cash_240_330,-0.17209668943772988,1
2026.01.13 21:30:00,2026-01-13T21:30:00Z,oos,3970,1,Tier A,tier_a_primary,Tier_A_full_context,c08_exclude_weak_session_bucket,late_cash_240_330,-0.17209668943772988,1
2026.01.13 21:35:00,2026-01-13T21:35:00Z,oos,3971,0,Tier A,tier_a_primary,Tier_A_full_context,c08_exclude_weak_session_bucket,late_cash_240_330,-0.17209668943772988,0
2026.01.13 21:45:00,2026-01-13T21:45:00Z,oos,3972,0,Tier A,tier_a_primary,Tier_A_full_context,c08_exclude_weak_session_bucket,late_cash_240_330,-0.17209668943772988,0
2026.01.13 21:50:00,2026-01-13T21:50:00Z,oos,3973,0,Tier A,tier_a_primary,Tier_A_full_context,c08_exclude_weak_session_bucket,late_cash_240_330,-0.17209668943772988,0
2026.01.13 21:55:00,2026-01-13T21:55:00Z,oos,3974,1,Tier A,tier_a_primary,Tier_A_full_context,c08_exclude_weak_session_bucket,late_cash_240_330,-0.17209668943772988,1
2026.01.13 22:00:00,2026-01-13T22:00:00Z,oos,3975,0,Tier A,tier_a_primary,Tier_A_full_context,c08_exclude_weak_session_bucket,late_cash_240_330,-0.17209668943772988,0
2026.01.14 16:35:00,2026-01-14T16:35:00Z,oos,3976,1,Tier A,tier_a_primary,Tier_A_full_context,c08_exclude_weak_session_bucket,cash_open_0_30,-0.09635811836115327,1
2026.01.14 16:40:00,2026-01-14T16:40:00Z,oos,3977,-1,Tier A,tier_a_primary,Tier_A_full_context,c08_exclude_weak_session_bucket,cash_open_0_30,-0.09635811836115327,-1
2026.01.14 16:45:00,2026-01-14T16:45:00Z,oos,3978,-1,Tier A,tier_a_primary,Tier_A_full_context,c08_exclude_weak_session_bucket,cash_open_0_30,-0.09635811836115327,-1
2026.01.14 16:50:00,2026-01-14T16:50:00Z,oos,3979,1,Tier A,tier_a_primary,Tier_A_full_context,c08_exclude_weak_session_bucket,cash_open_0_30,-0.09635811836115327,1
2026.01.14 16:55:00,2026-01-14T16:55:00Z,oos,3980,-1,Tier A,tier_a_primary,Tier_A_full_context,c08_exclude_weak_session_bucket,cash_open_0_30,-0.09635811836115327,-1
2026.01.14 17:00:00,2026-01-14T17:00:00Z,oos,3981,-1,Tier A,tier_a_primary,Tier_A_full_context,c08_exclude_weak_session_bucket,cash_open_0_30,-0.09635811836115327,-1
2026.01.14 17:05:00,2026-01-14T17:05:00Z,oos,3982,0,Tier A,tier_a_primary,Tier_A_full_context,c08_exclude_weak_session_bucket,early_cash_30_60,-0.12775735294117646,0
2026.01.14 17:10:00,2026-01-14T17:10:00Z,oos,3983,1,Tier A,tier_a_primary,Tier_A_full_context,c08_exclude_weak_session_bucket,early_cash_30_60,-0.12775735294117646,1
2026.01.14 17:15:00,2026-01-14T17:15:00Z,oos,3984,1,Tier A,tier_a_primary,Tier_A_full_context,c08_exclude_weak_session_bucket,early_cash_30_60,-0.12775735294117646,1
2026.01.14 17:20:00,2026-01-14T17:20:00Z,oos,3985,0,Tier A,tier_a_primary,Tier_A_full_context,c08_exclude_weak_session_bucket,early_cash_30_60,-0.12775735294117646,0
2026.01.14 17:25:00,2026-01-14T17:25:00Z,oos,3986,0,Tier A,tier_a_primary,Tier_A_full_context,c08_exclude_weak_session_bucket,early_cash_30_60,-0.12775735294117646,0
2026.01.14 17:30:00,2026-01-14T17:30:00Z,oos,3987,-1,Tier A,tier_a_primary,Tier_A_full_context,c08_exclude_weak_session_bucket,early_cash_30_60,-0.12775735294117646,-1
2026.01.14 17:35:00,2026-01-14T17:35:00Z,oos,3988,0,Tier A,tier_a_primary,Tier_A_full_context,c08_exclude_weak_session_bucket,morning_60_120,-0.1698966408268734,0
2026.01.14 17:40:00,2026-01-14T17:40:00Z,oos,3989,0,Tier A,tier_a_primary,Tier_A_full_context,c08_exclude_weak_session_bucket,morning_60_120,-0.1698966408268734,0
2026.01.14 17:45:00,2026-01-14T17:45:00Z,oos,3990,-1,Tier A,tier_a_primary,Tier_A_full_context,c08_exclude_weak_session_bucket,morning_60_120,-0.1698966408268734,-1
2026.01.14 17:50:00,2026-01-14T17:50:00Z,oos,3991,-1,Tier A,tier_a_primary,Tier_A_full_context,c08_exclude_weak_session_bucket,morning_60_120,-0.1698966408268734,-1
2026.01.14 17:55:00,2026-01-14T17:55:00Z,oos,3992,0,Tier A,tier_a_primary,Tier_A_full_context,c08_exclude_weak_session_bucket,morning_60_120,-0.1698966408268734,0
2026.01.14 18:00:00,2026-01-14T18:00:00Z,oos,3993,0,Tier A,tier_a_primary,Tier_A_full_context,c08_exclude_weak_session_bucket,morning_60_120,-0.1698966408268734,0
2026.01.14 18:05:00,2026-01-14T18:05:00Z,oos,3994,1,Tier A,tier_a_primary,Tier_A_full_context,c08_exclude_weak_session_bucket,morning_60_120,-0.1698966408268734,1
2026.01.14 18:10:00,2026-01-14T18:10:00Z,oos,3995,0,Tier A,tier_a_primary,Tier_A_full_context,c08_exclude_weak_session_bucket,morning_60_120,-0.1698966408268734,0
2026.01.14 18:15:00,2026-01-14T18:15:00Z,oos,3996,0,Tier A,tier_a_primary,Tier_A_full_context,c08_exclude_weak_session_bucket,morning_60_120,-0.1698966408268734,0
2026.01.14 18:20:00,2026-01-14T18:20:00Z,oos,3997,0,Tier A,tier_a_primary,Tier_A_full_context,c08_exclude_weak_session_bucket,morning_60_120,-0.1698966408268734,0
2026.01.14 18:25:00,2026-01-14T18:25:00Z,oos,3998,1,Tier A,tier_a_primary,Tier_A_full_context,c08_exclude_weak_session_bucket,morning_60_120,-0.1698966408268734,1
2026.01.14 18:30:00,2026-01-14T18:30:00Z,oos,3999,0,Tier A,tier_a_primary,Tier_A_full_context,c08_exclude_weak_session_bucket,morning_60_120,-0.1698966408268734,0
2026.01.14 18:35:00,2026-01-14T18:35:00Z,oos,4000,0,Tier A,tier_a_primary,Tier_A_full_context,c08_exclude_weak_session_bucket,midday_lull_120_240,-0.1762380357885976,0
2026.01.14 18:40:00,2026-01-14T18:40:00Z,oos,4001,0,Tier A,tier_a_primary,Tier_A_full_context,c08_exclude_weak_session_bucket,midday_lull_120_240,-0.1762380357885976,0
2026.01.14 18:45:00,2026-01-14T18:45:00Z,oos,4002,0,Tier A,tier_a_primary,Tier_A_full_context,c08_exclude_weak_session_bucket,midday_lull_120_240,-0.1762380357885976,0
2026.01.14 18:50:00,2026-01-14T18:50:00Z,oos,4003,0,Tier A,tier_a_primary,Tier_A_full_context,c08_exclude_weak_session_bucket,midday_lull_120_240,-0.1762380357885976,0
2026.01.14 19:00:00,2026-01-14T19:00:00Z,oos,4004,0,Tier A,tier_a_primary,Tier_A_full_context,c08_exclude_weak_session_bucket,midday_lull_120_240,-0.1762380357885976,0
2026.01.14 19:10:00,2026-01-14T19:10:00Z,oos,4005,0,Tier A,tier_a_primary,Tier_A_full_context,c08_exclude_weak_session_bucket,midday_lull_120_240,-0.1762380357885976,0
2026.01.14 19:15:00,2026-01-14T19:15:00Z,oos,4006,0,Tier A,tier_a_primary,Tier_A_full_context,c08_exclude_weak_session_bucket,midday_lull_120_240,-0.1762380357885976,0
2026.01.14 19:25:00,2026-01-14T19:25:00Z,oos,4007,0,Tier A,tier_a_primary,Tier_A_full_context,c08_exclude_weak_session_bucket,midday_lull_120_240,-0.1762380357885976,0
2026.01.14 19:35:00,2026-01-14T19:35:00Z,oos,4008,0,Tier A,tier_a_primary,Tier_A_full_context,c08_exclude_weak_session_bucket,midday_lull_120_240,-0.1762380357885976,0
2026.01.14 19:40:00,2026-01-14T19:40:00Z,oos,4009,0,Tier A,tier_a_primary,Tier_A_full_context,c08_exclude_weak_session_bucket,midday_lull_120_240,-0.1762380357885976,0
2026.01.14 19:45:00,2026-01-14T19:45:00Z,oos,4010,0,Tier A,tier_a_primary,Tier_A_full_context,c08_exclude_weak_session_bucket,midday_lull_120_240,-0.1762380357885976,0
2026.01.14 19:50:00,2026-01-14T19:50:00Z,oos,4011,0,Tier A,tier_a_primary,Tier_A_full_context,c08_exclude_weak_session_bucket,midday_lull_120_240,-0.1762380357885976,0
2026.01.14 20:00:00,2026-01-14T20:00:00Z,oos,4012,0,Tier A,tier_a_primary,Tier_A_full_context,c08_exclude_weak_session_bucket,midday_lull_120_240,-0.1762380357885976,0
2026.01.14 20:05:00,2026-01-14T20:05:00Z,oos,4013,0,Tier A,tier_a_primary,Tier_A_full_context,c08_exclude_weak_session_bucket,midday_lull_120_240,-0.1762380357885976,0
2026.01.14 20:15:00,2026-01-14T20:15:00Z,oos,4014,0,Tier A,tier_a_primary,Tier_A_full_context,c08_exclude_weak_session_bucket,midday_lull_120_240,-0.1762380357885976,0
2026.01.14 20:25:00,2026-01-14T20:25:00Z,oos,4015,0,Tier A,tier_a_primary,Tier_A_full_context,c08_exclude_weak_session_bucket,midday_lull_120_240,-0.1762380357885976,0
2026.01.14 20:30:00,2026-01-14T20:30:00Z,oos,4016,0,Tier A,tier_a_primary,Tier_A_full_context,c08_exclude_weak_session_bucket,midday_lull_120_240,-0.1762380357885976,0
2026.01.14 20:35:00,2026-01-14T20:35:00Z,oos,4017,0,Tier A,tier_a_primary,Tier_A_full_context,c08_exclude_weak_session_bucket,late_cash_240_330,-0.17209668943772988,0
2026.01.14 20:40:00,2026-01-14T20:40:00Z,oos,4018,0,Tier A,tier_a_primary,Tier_A_full_context,c08_exclude_weak_session_bucket,late_cash_240_330,-0.17209668943772988,0
2026.01.14 20:45:00,2026-01-14T20:45:00Z,oos,4019,0,Tier A,tier_a_primary,Tier_A_full_context,c08_exclude_weak_session_bucket,late_cash_240_330,-0.17209668943772988,0
2026.01.14 20:55:00,2026-01-14T20:55:00Z,oos,4020,0,Tier A,tier_a_primary,Tier_A_full_context,c08_exclude_weak_session_bucket,late_cash_240_330,-0.17209668943772988,0
2026.01.14 21:00:00,2026-01-14T21:00:00Z,oos,4021,0,Tier A,tier_a_primary,Tier_A_full_context,c08_exclude_weak_session_bucket,late_cash_240_330,-0.17209668943772988,0
2026.01.14 21:05:00,2026-01-14T21:05:00Z,oos,4022,0,Tier A,tier_a_primary,Tier_A_full_context,c08_exclude_weak_session_bucket,late_cash_240_330,-0.17209668943772988,0
2026.01.14 21:20:00,2026-01-14T21:20:00Z,oos,4023,0,Tier A,tier_a_primary,Tier_A_full_context,c08_exclude_weak_session_bucket,late_cash_240_330,-0.17209668943772988,0
2026.01.14 21:25:00,2026-01-14T21:25:00Z,oos,4024,0,Tier A,tier_a_primary,Tier_A_full_context,c08_exclude_weak_session_bucket,late_cash_240_330,-0.17209668943772988,0
2026.01.14 21:40:00,2026-01-14T21:40:00Z,oos,4025,0,Tier A,tier_a_primary,Tier_A_full_context,c08_exclude_weak_session_bucket,late_cash_240_330,-0.17209668943772988,0
2026.01.14 21:45:00,2026-01-14T21:45:00Z,oos,4026,0,Tier A,tier_a_primary,Tier_A_full_context,c08_exclude_weak_session_bucket,late_cash_240_330,-0.17209668943772988,0
2026.01.14 21:50:00,2026-01-14T21:50:00Z,oos,4027,0,Tier A,tier_a_primary,Tier_A_full_context,c08_exclude_weak_session_bucket,late_cash_240_330,-0.17209668943772988,0
2026.01.14 21:55:00,2026-01-14T21:55:00Z,oos,4028,0,Tier A,tier_a_primary,Tier_A_full_context,c08_exclude_weak_session_bucket,late_cash_240_330,-0.17209668943772988,0
2026.01.14 22:00:00,2026-01-14T22:00:00Z,oos,4029,0,Tier A,tier_a_primary,Tier_A_full_context,c08_exclude_weak_session_bucket,late_cash_240_330,-0.17209668943772988,0
2026.01.15 16:35:00,2026-01-15T16:35:00Z,oos,4030,-1,Tier A,tier_a_primary,Tier_A_full_context,c08_exclude_weak_session_bucket,cash_open_0_30,-0.09635811836115327,-1
2026.01.15 16:40:00,2026-01-15T16:40:00Z,oos,4031,0,Tier A,tier_a_primary,Tier_A_full_context,c08_exclude_weak_session_bucket,cash_open_0_30,-0.09635811836115327,0
2026.01.15 16:45:00,2026-01-15T16:45:00Z,oos,4032,1,Tier A,tier_a_primary,Tier_A_full_context,c08_exclude_weak_session_bucket,cash_open_0_30,-0.09635811836115327,1
2026.01.15 16:50:00,2026-01-15T16:50:00Z,oos,4033,-1,Tier A,tier_a_primary,Tier_A_full_context,c08_exclude_weak_session_bucket,cash_open_0_30,-0.09635811836115327,-1
2026.01.15 16:55:00,2026-01-15T16:55:00Z,oos,4034,0,Tier A,tier_a_primary,Tier_A_full_context,c08_exclude_weak_session_bucket,cash_open_0_30,-0.09635811836115327,0
2026.01.15 17:00:00,2026-01-15T17:00:00Z,oos,4035,-1,Tier A,tier_a_primary,Tier_A_full_context,c08_exclude_weak_session_bucket,cash_open_0_30,-0.09635811836115327,-1
2026.01.15 17:05:00,2026-01-15T17:05:00Z,oos,4036,0,Tier A,tier_a_primary,Tier_A_full_context,c08_exclude_weak_session_bucket,early_cash_30_60,-0.12775735294117646,0
2026.01.15 17:10:00,2026-01-15T17:10:00Z,oos,4037,0,Tier A,tier_a_primary,Tier_A_full_context,c08_exclude_weak_session_bucket,early_cash_30_60,-0.12775735294117646,0
2026.01.15 17:15:00,2026-01-15T17:15:00Z,oos,4038,0,Tier A,tier_a_primary,Tier_A_full_context,c08_exclude_weak_session_bucket,early_cash_30_60,-0.12775735294117646,0
2026.01.15 17:20:00,2026-01-15T17:20:00Z,oos,4039,0,Tier A,tier_a_primary,Tier_A_full_context,c08_exclude_weak_session_bucket,early_cash_30_60,-0.12775735294117646,0
2026.01.15 17:30:00,2026-01-15T17:30:00Z,oos,4040,0,Tier A,tier_a_primary,Tier_A_full_context,c08_exclude_weak_session_bucket,early_cash_30_60,-0.12775735294117646,0
2026.01.15 17:35:00,2026-01-15T17:35:00Z,oos,4041,0,Tier A,tier_a_primary,Tier_A_full_context,c08_exclude_weak_session_bucket,morning_60_120,-0.1698966408268734,0
2026.01.15 17:40:00,2026-01-15T17:40:00Z,oos,4042,0,Tier A,tier_a_primary,Tier_A_full_context,c08_exclude_weak_session_bucket,morning_60_120,-0.1698966408268734,0
2026.01.15 17:45:00,2026-01-15T17:45:00Z,oos,4043,0,Tier A,tier_a_primary,Tier_A_full_context,c08_exclude_weak_session_bucket,morning_60_120,-0.1698966408268734,0
2026.01.15 17:50:00,2026-01-15T17:50:00Z,oos,4044,0,Tier A,tier_a_primary,Tier_A_full_context,c08_exclude_weak_session_bucket,morning_60_120,-0.1698966408268734,0
2026.01.15 17:55:00,2026-01-15T17:55:00Z,oos,4045,0,Tier A,tier_a_primary,Tier_A_full_context,c08_exclude_weak_session_bucket,morning_60_120,-0.1698966408268734,0
2026.01.15 18:00:00,2026-01-15T18:00:00Z,oos,4046,0,Tier A,tier_a_primary,Tier_A_full_context,c08_exclude_weak_session_bucket,morning_60_120,-0.1698966408268734,0
2026.01.15 18:05:00,2026-01-15T18:05:00Z,oos,4047,0,Tier A,tier_a_primary,Tier_A_full_context,c08_exclude_weak_session_bucket,morning_60_120,-0.1698966408268734,0
2026.01.15 18:10:00,2026-01-15T18:10:00Z,oos,4048,0,Tier A,tier_a_primary,Tier_A_full_context,c08_exclude_weak_session_bucket,morning_60_120,-0.1698966408268734,0
2026.01.15 18:15:00,2026-01-15T18:15:00Z,oos,4049,0,Tier A,tier_a_primary,Tier_A_full_context,c08_exclude_weak_session_bucket,morning_60_120,-0.1698966408268734,0
2026.01.15 18:25:00,2026-01-15T18:25:00Z,oos,4050,0,Tier A,tier_a_primary,Tier_A_full_context,c08_exclude_weak_session_bucket,morning_60_120,-0.1698966408268734,0
2026.01.15 18:30:00,2026-01-15T18:30:00Z,oos,4051,0,Tier A,tier_a_primary,Tier_A_full_context,c08_exclude_weak_session_bucket,morning_60_120,-0.1698966408268734,0
2026.01.15 18:35:00,2026-01-15T18:35:00Z,oos,4052,0,Tier A,tier_a_primary,Tier_A_full_context,c08_exclude_weak_session_bucket,midday_lull_120_240,-0.1762380357885976,0
2026.01.15 18:45:00,2026-01-15T18:45:00Z,oos,4053,0,Tier A,tier_a_primary,Tier_A_full_context,c08_exclude_weak_session_bucket,midday_lull_120_240,-0.1762380357885976,0
2026.01.15 18:55:00,2026-01-15T18:55:00Z,oos,4054,0,Tier A,tier_a_primary,Tier_A_full_context,c08_exclude_weak_session_bucket,midday_lull_120_240,-0.1762380357885976,0
2026.01.15 19:00:00,2026-01-15T19:00:00Z,oos,4055,0,Tier A,tier_a_primary,Tier_A_full_context,c08_exclude_weak_session_bucket,midday_lull_120_240,-0.1762380357885976,0
2026.01.15 19:05:00,2026-01-15T19:05:00Z,oos,4056,0,Tier A,tier_a_primary,Tier_A_full_context,c08_exclude_weak_session_bucket,midday_lull_120_240,-0.1762380357885976,0
2026.01.15 19:10:00,2026-01-15T19:10:00Z,oos,4057,0,Tier A,tier_a_primary,Tier_A_full_context,c08_exclude_weak_session_bucket,midday_lull_120_240,-0.1762380357885976,0
2026.01.15 19:35:00,2026-01-15T19:35:00Z,oos,4058,0,Tier A,tier_a_primary,Tier_A_full_context,c08_exclude_weak_session_bucket,midday_lull_120_240,-0.1762380357885976,0
2026.01.15 19:40:00,2026-01-15T19:40:00Z,oos,4059,0,Tier A,tier_a_primary,Tier_A_full_context,c08_exclude_weak_session_bucket,midday_lull_120_240,-0.1762380357885976,0
2026.01.15 19:50:00,2026-01-15T19:50:00Z,oos,4060,0,Tier A,tier_a_primary,Tier_A_full_context,c08_exclude_weak_session_bucket,midday_lull_120_240,-0.1762380357885976,0
2026.01.15 20:00:00,2026-01-15T20:00:00Z,oos,4061,0,Tier A,tier_a_primary,Tier_A_full_context,c08_exclude_weak_session_bucket,midday_lull_120_240,-0.1762380357885976,0
2026.01.15 20:05:00,2026-01-15T20:05:00Z,oos,4062,0,Tier A,tier_a_primary,Tier_A_full_context,c08_exclude_weak_session_bucket,midday_lull_120_240,-0.1762380357885976,0
2026.01.15 20:15:00,2026-01-15T20:15:00Z,oos,4063,0,Tier A,tier_a_primary,Tier_A_full_context,c08_exclude_weak_session_bucket,midday_lull_120_240,-0.1762380357885976,0
2026.01.15 20:25:00,2026-01-15T20:25:00Z,oos,4064,0,Tier A,tier_a_primary,Tier_A_full_context,c08_exclude_weak_session_bucket,midday_lull_120_240,-0.1762380357885976,0
2026.01.15 21:15:00,2026-01-15T21:15:00Z,oos,4065,0,Tier A,tier_a_primary,Tier_A_full_context,c08_exclude_weak_session_bucket,late_cash_240_330,-0.17209668943772988,0
2026.01.15 21:25:00,2026-01-15T21:25:00Z,oos,4066,0,Tier A,tier_a_primary,Tier_A_full_context,c08_exclude_weak_session_bucket,late_cash_240_330,-0.17209668943772988,0
2026.01.15 21:30:00,2026-01-15T21:30:00Z,oos,4067,0,Tier A,tier_a_primary,Tier_A_full_context,c08_exclude_weak_session_bucket,late_cash_240_330,-0.17209668943772988,0
2026.01.15 21:35:00,2026-01-15T21:35:00Z,oos,4068,0,Tier A,tier_a_primary,Tier_A_full_context,c08_exclude_weak_session_bucket,late_cash_240_330,-0.17209668943772988,0
2026.01.15 21:40:00,2026-01-15T21:40:00Z,oos,4069,1,Tier A,tier_a_primary,Tier_A_full_context,c08_exclude_weak_session_bucket,late_cash_240_330,-0.17209668943772988,1
2026.01.15 21:45:00,2026-01-15T21:45:00Z,oos,4070,0,Tier A,tier_a_primary,Tier_A_full_context,c08_exclude_weak_session_bucket,late_cash_240_330,-0.17209668943772988,0
2026.01.15 21:50:00,2026-01-15T21:50:00Z,oos,4071,0,Tier A,tier_a_primary,Tier_A_full_context,c08_exclude_weak_session_bucket,late_cash_240_330,-0.17209668943772988,0
2026.01.16 16:35:00,2026-01-16T16:35:00Z,oos,4072,0,Tier A,tier_a_primary,Tier_A_full_context,c08_exclude_weak_session_bucket,cash_open_0_30,-0.09635811836115327,0
2026.01.16 16:40:00,2026-01-16T16:40:00Z,oos,4073,0,Tier A,tier_a_primary,Tier_A_full_context,c08_exclude_weak_session_bucket,cash_open_0_30,-0.09635811836115327,0
2026.01.16 16:45:00,2026-01-16T16:45:00Z,oos,4074,-1,Tier A,tier_a_primary,Tier_A_full_context,c08_exclude_weak_session_bucket,cash_open_0_30,-0.09635811836115327,-1
2026.01.16 16:50:00,2026-01-16T16:50:00Z,oos,4075,0,Tier A,tier_a_primary,Tier_A_full_context,c08_exclude_weak_session_bucket,cash_open_0_30,-0.09635811836115327,0
2026.01.16 16:55:00,2026-01-16T16:55:00Z,oos,4076,-1,Tier A,tier_a_primary,Tier_A_full_context,c08_exclude_weak_session_bucket,cash_open_0_30,-0.09635811836115327,-1
2026.01.16 17:00:00,2026-01-16T17:00:00Z,oos,4077,-1,Tier A,tier_a_primary,Tier_A_full_context,c08_exclude_weak_session_bucket,cash_open_0_30,-0.09635811836115327,-1
2026.01.16 17:05:00,2026-01-16T17:05:00Z,oos,4078,0,Tier A,tier_a_primary,Tier_A_full_context,c08_exclude_weak_session_bucket,early_cash_30_60,-0.12775735294117646,0
2026.01.16 17:10:00,2026-01-16T17:10:00Z,oos,4079,1,Tier A,tier_a_primary,Tier_A_full_context,c08_exclude_weak_session_bucket,early_cash_30_60,-0.12775735294117646,1
2026.01.16 17:15:00,2026-01-16T17:15:00Z,oos,4080,-1,Tier A,tier_a_primary,Tier_A_full_context,c08_exclude_weak_session_bucket,early_cash_30_60,-0.12775735294117646,-1
2026.01.16 17:20:00,2026-01-16T17:20:00Z,oos,4081,-1,Tier A,tier_a_primary,Tier_A_full_context,c08_exclude_weak_session_bucket,early_cash_30_60,-0.12775735294117646,-1
2026.01.16 17:25:00,2026-01-16T17:25:00Z,oos,4082,1,Tier A,tier_a_primary,Tier_A_full_context,c08_exclude_weak_session_bucket,early_cash_30_60,-0.12775735294117646,1
2026.01.16 17:30:00,2026-01-16T17:30:00Z,oos,4083,-1,Tier A,tier_a_primary,Tier_A_full_context,c08_exclude_weak_session_bucket,early_cash_30_60,-0.12775735294117646,-1
2026.01.16 17:35:00,2026-01-16T17:35:00Z,oos,4084,0,Tier A,tier_a_primary,Tier_A_full_context,c08_exclude_weak_session_bucket,morning_60_120,-0.1698966408268734,0
2026.01.16 17:40:00,2026-01-16T17:40:00Z,oos,4085,0,Tier A,tier_a_primary,Tier_A_full_context,c08_exclude_weak_session_bucket,morning_60_120,-0.1698966408268734,0
2026.01.16 17:45:00,2026-01-16T17:45:00Z,oos,4086,0,Tier A,tier_a_primary,Tier_A_full_context,c08_exclude_weak_session_bucket,morning_60_120,-0.1698966408268734,0
2026.01.16 17:50:00,2026-01-16T17:50:00Z,oos,4087,0,Tier A,tier_a_primary,Tier_A_full_context,c08_exclude_weak_session_bucket,morning_60_120,-0.1698966408268734,0
2026.01.16 17:55:00,2026-01-16T17:55:00Z,oos,4088,1,Tier A,tier_a_primary,Tier_A_full_context,c08_exclude_weak_session_bucket,morning_60_120,-0.1698966408268734,1
2026.01.16 18:00:00,2026-01-16T18:00:00Z,oos,4089,1,Tier A,tier_a_primary,Tier_A_full_context,c08_exclude_weak_session_bucket,morning_60_120,-0.1698966408268734,1
2026.01.16 18:05:00,2026-01-16T18:05:00Z,oos,4090,0,Tier A,tier_a_primary,Tier_A_full_context,c08_exclude_weak_session_bucket,morning_60_120,-0.1698966408268734,0
2026.01.16 18:10:00,2026-01-16T18:10:00Z,oos,4091,1,Tier A,tier_a_primary,Tier_A_full_context,c08_exclude_weak_session_bucket,morning_60_120,-0.1698966408268734,1
2026.01.16 18:15:00,2026-01-16T18:15:00Z,oos,4092,0,Tier A,tier_a_primary,Tier_A_full_context,c08_exclude_weak_session_bucket,morning_60_120,-0.1698966408268734,0
2026.01.16 18:20:00,2026-01-16T18:20:00Z,oos,4093,0,Tier A,tier_a_primary,Tier_A_full_context,c08_exclude_weak_session_bucket,morning_60_120,-0.1698966408268734,0
2026.01.16 18:25:00,2026-01-16T18:25:00Z,oos,4094,0,Tier A,tier_a_primary,Tier_A_full_context,c08_exclude_weak_session_bucket,morning_60_120,-0.1698966408268734,0
2026.01.16 18:30:00,2026-01-16T18:30:00Z,oos,4095,0,Tier A,tier_a_primary,Tier_A_full_context,c08_exclude_weak_session_bucket,morning_60_120,-0.1698966408268734,0
2026.01.16 18:35:00,2026-01-16T18:35:00Z,oos,4096,0,Tier A,tier_a_primary,Tier_A_full_context,c08_exclude_weak_session_bucket,midday_lull_120_240,-0.1762380357885976,0
2026.01.16 18:40:00,2026-01-16T18:40:00Z,oos,4097,0,Tier A,tier_a_primary,Tier_A_full_context,c08_exclude_weak_session_bucket,midday_lull_120_240,-0.1762380357885976,0
2026.01.16 18:45:00,2026-01-16T18:45:00Z,oos,4098,0,Tier A,tier_a_primary,Tier_A_full_context,c08_exclude_weak_session_bucket,midday_lull_120_240,-0.1762380357885976,0
2026.01.16 18:50:00,2026-01-16T18:50:00Z,oos,4099,0,Tier A,tier_a_primary,Tier_A_full_context,c08_exclude_weak_session_bucket,midday_lull_120_240,-0.1762380357885976,0
2026.01.16 18:55:00,2026-01-16T18:55:00Z,oos,4100,0,Tier A,tier_a_primary,Tier_A_full_context,c08_exclude_weak_session_bucket,midday_lull_120_240,-0.1762380357885976,0
2026.01.16 19:00:00,2026-01-16T19:00:00Z,oos,4101,0,Tier A,tier_a_primary,Tier_A_full_context,c08_exclude_weak_session_bucket,midday_lull_120_240,-0.1762380357885976,0
2026.01.16 19:05:00,2026-01-16T19:05:00Z,oos,4102,0,Tier A,tier_a_primary,Tier_A_full_context,c08_exclude_weak_session_bucket,midday_lull_120_240,-0.1762380357885976,0
2026.01.16 19:10:00,2026-01-16T19:10:00Z,oos,4103,0,Tier A,tier_a_primary,Tier_A_full_context,c08_exclude_weak_session_bucket,midday_lull_120_240,-0.1762380357885976,0
2026.01.16 19:15:00,2026-01-16T19:15:00Z,oos,4104,0,Tier A,tier_a_primary,Tier_A_full_context,c08_exclude_weak_session_bucket,midday_lull_120_240,-0.1762380357885976,0
2026.01.16 19:20:00,2026-01-16T19:20:00Z,oos,4105,0,Tier A,tier_a_primary,Tier_A_full_context,c08_exclude_weak_session_bucket,midday_lull_120_240,-0.1762380357885976,0
2026.01.16 19:25:00,2026-01-16T19:25:00Z,oos,4106,0,Tier A,tier_a_primary,Tier_A_full_context,c08_exclude_weak_session_bucket,midday_lull_120_240,-0.1762380357885976,0
2026.01.16 19:30:00,2026-01-16T19:30:00Z,oos,4107,0,Tier A,tier_a_primary,Tier_A_full_context,c08_exclude_weak_session_bucket,midday_lull_120_240,-0.1762380357885976,0
2026.01.16 19:35:00,2026-01-16T19:35:00Z,oos,4108,0,Tier A,tier_a_primary,Tier_A_full_context,c08_exclude_weak_session_bucket,midday_lull_120_240,-0.1762380357885976,0
2026.01.16 19:45:00,2026-01-16T19:45:00Z,oos,4109,0,Tier A,tier_a_primary,Tier_A_full_context,c08_exclude_weak_session_bucket,midday_lull_120_240,-0.1762380357885976,0
2026.01.16 19:50:00,2026-01-16T19:50:00Z,oos,4110,0,Tier A,tier_a_primary,Tier_A_full_context,c08_exclude_weak_session_bucket,midday_lull_120_240,-0.1762380357885976,0
2026.01.16 19:55:00,2026-01-16T19:55:00Z,oos,4111,0,Tier A,tier_a_primary,Tier_A_full_context,c08_exclude_weak_session_bucket,midday_lull_120_240,-0.1762380357885976,0
2026.01.16 20:00:00,2026-01-16T20:00:00Z,oos,4112,0,Tier A,tier_a_primary,Tier_A_full_context,c08_exclude_weak_session_bucket,midday_lull_120_240,-0.1762380357885976,0
2026.01.16 20:05:00,2026-01-16T20:05:00Z,oos,4113,0,Tier A,tier_a_primary,Tier_A_full_context,c08_exclude_weak_session_bucket,midday_lull_120_240,-0.1762380357885976,0
2026.01.16 20:10:00,2026-01-16T20:10:00Z,oos,4114,0,Tier A,tier_a_primary,Tier_A_full_context,c08_exclude_weak_session_bucket,midday_lull_120_240,-0.1762380357885976,0
2026.01.16 20:15:00,2026-01-16T20:15:00Z,oos,4115,0,Tier A,tier_a_primary,Tier_A_full_context,c08_exclude_weak_session_bucket,midday_lull_120_240,-0.1762380357885976,0
2026.01.16 20:30:00,2026-01-16T20:30:00Z,oos,4116,0,Tier A,tier_a_primary,Tier_A_full_context,c08_exclude_weak_session_bucket,midday_lull_120_240,-0.1762380357885976,0
2026.01.16 20:35:00,2026-01-16T20:35:00Z,oos,4117,0,Tier A,tier_a_primary,Tier_A_full_context,c08_exclude_weak_session_bucket,late_cash_240_330,-0.17209668943772988,0
2026.01.16 20:40:00,2026-01-16T20:40:00Z,oos,4118,0,Tier A,tier_a_primary,Tier_A_full_context,c08_exclude_weak_session_bucket,late_cash_240_330,-0.17209668943772988,0
2026.01.16 20:50:00,2026-01-16T20:50:00Z,oos,4119,0,Tier A,tier_a_primary,Tier_A_full_context,c08_exclude_weak_session_bucket,late_cash_240_330,-0.17209668943772988,0
2026.01.16 21:00:00,2026-01-16T21:00:00Z,oos,4120,0,Tier A,tier_a_primary,Tier_A_full_context,c08_exclude_weak_session_bucket,late_cash_240_330,-0.17209668943772988,0
2026.01.16 21:05:00,2026-01-16T21:05:00Z,oos,4121,0,Tier A,tier_a_primary,Tier_A_full_context,c08_exclude_weak_session_bucket,late_cash_240_330,-0.17209668943772988,0
2026.01.16 21:10:00,2026-01-16T21:10:00Z,oos,4122,0,Tier A,tier_a_primary,Tier_A_full_context,c08_exclude_weak_session_bucket,late_cash_240_330,-0.17209668943772988,0
2026.01.16 21:20:00,2026-01-16T21:20:00Z,oos,4123,0,Tier A,tier_a_primary,Tier_A_full_context,c08_exclude_weak_session_bucket,late_cash_240_330,-0.17209668943772988,0
2026.01.16 21:25:00,2026-01-16T21:25:00Z,oos,4124,0,Tier A,tier_a_primary,Tier_A_full_context,c08_exclude_weak_session_bucket,late_cash_240_330,-0.17209668943772988,0
2026.01.16 21:45:00,2026-01-16T21:45:00Z,oos,4125,0,Tier A,tier_a_primary,Tier_A_full_context,c08_exclude_weak_session_bucket,late_cash_240_330,-0.17209668943772988,0
2026.01.16 21:50:00,2026-01-16T21:50:00Z,oos,4126,0,Tier A,tier_a_primary,Tier_A_full_context,c08_exclude_weak_session_bucket,late_cash_240_330,-0.17209668943772988,0
2026.01.16 22:00:00,2026-01-16T22:00:00Z,oos,4127,0,Tier A,tier_a_primary,Tier_A_full_context,c08_exclude_weak_session_bucket,late_cash_240_330,-0.17209668943772988,0
2026.01.20 16:35:00,2026-01-20T16:35:00Z,oos,4128,0,Tier A,tier_a_primary,Tier_A_full_context,c08_exclude_weak_session_bucket,cash_open_0_30,-0.09635811836115327,0
2026.01.20 16:40:00,2026-01-20T16:40:00Z,oos,4129,0,Tier A,tier_a_primary,Tier_A_full_context,c08_exclude_weak_session_bucket,cash_open_0_30,-0.09635811836115327,0
2026.01.20 16:45:00,2026-01-20T16:45:00Z,oos,4130,0,Tier A,tier_a_primary,Tier_A_full_context,c08_exclude_weak_session_bucket,cash_open_0_30,-0.09635811836115327,0
2026.01.20 16:50:00,2026-01-20T16:50:00Z,oos,4131,0,Tier A,tier_a_primary,Tier_A_full_context,c08_exclude_weak_session_bucket,cash_open_0_30,-0.09635811836115327,0
2026.01.20 16:55:00,2026-01-20T16:55:00Z,oos,4132,0,Tier A,tier_a_primary,Tier_A_full_context,c08_exclude_weak_session_bucket,cash_open_0_30,-0.09635811836115327,0
2026.01.20 17:00:00,2026-01-20T17:00:00Z,oos,4133,0,Tier A,tier_a_primary,Tier_A_full_context,c08_exclude_weak_session_bucket,cash_open_0_30,-0.09635811836115327,0
2026.01.20 17:05:00,2026-01-20T17:05:00Z,oos,4134,0,Tier A,tier_a_primary,Tier_A_full_context,c08_exclude_weak_session_bucket,early_cash_30_60,-0.12775735294117646,0
2026.01.20 17:10:00,2026-01-20T17:10:00Z,oos,4135,0,Tier A,tier_a_primary,Tier_A_full_context,c08_exclude_weak_session_bucket,early_cash_30_60,-0.12775735294117646,0
2026.01.20 17:15:00,2026-01-20T17:15:00Z,oos,4136,0,Tier A,tier_a_primary,Tier_A_full_context,c08_exclude_weak_session_bucket,early_cash_30_60,-0.12775735294117646,0
2026.01.20 17:20:00,2026-01-20T17:20:00Z,oos,4137,0,Tier A,tier_a_primary,Tier_A_full_context,c08_exclude_weak_session_bucket,early_cash_30_60,-0.12775735294117646,0
2026.01.20 17:25:00,2026-01-20T17:25:00Z,oos,4138,0,Tier A,tier_a_primary,Tier_A_full_context,c08_exclude_weak_session_bucket,early_cash_30_60,-0.12775735294117646,0
2026.01.20 17:30:00,2026-01-20T17:30:00Z,oos,4139,0,Tier A,tier_a_primary,Tier_A_full_context,c08_exclude_weak_session_bucket,early_cash_30_60,-0.12775735294117646,0
2026.01.20 17:35:00,2026-01-20T17:35:00Z,oos,4140,0,Tier A,tier_a_primary,Tier_A_full_context,c08_exclude_weak_session_bucket,morning_60_120,-0.1698966408268734,0
2026.01.20 17:40:00,2026-01-20T17:40:00Z,oos,4141,0,Tier A,tier_a_primary,Tier_A_full_context,c08_exclude_weak_session_bucket,morning_60_120,-0.1698966408268734,0
2026.01.20 17:45:00,2026-01-20T17:45:00Z,oos,4142,0,Tier A,tier_a_primary,Tier_A_full_context,c08_exclude_weak_session_bucket,morning_60_120,-0.1698966408268734,0
2026.01.20 17:50:00,2026-01-20T17:50:00Z,oos,4143,-1,Tier A,tier_a_primary,Tier_A_full_context,c08_exclude_weak_session_bucket,morning_60_120,-0.1698966408268734,-1
2026.01.20 17:55:00,2026-01-20T17:55:00Z,oos,4144,0,Tier A,tier_a_primary,Tier_A_full_context,c08_exclude_weak_session_bucket,morning_60_120,-0.1698966408268734,0
2026.01.20 18:00:00,2026-01-20T18:00:00Z,oos,4145,0,Tier A,tier_a_primary,Tier_A_full_context,c08_exclude_weak_session_bucket,morning_60_120,-0.1698966408268734,0
2026.01.20 18:05:00,2026-01-20T18:05:00Z,oos,4146,0,Tier A,tier_a_primary,Tier_A_full_context,c08_exclude_weak_session_bucket,morning_60_120,-0.1698966408268734,0
2026.01.20 18:10:00,2026-01-20T18:10:00Z,oos,4147,0,Tier A,tier_a_primary,Tier_A_full_context,c08_exclude_weak_session_bucket,morning_60_120,-0.1698966408268734,0
2026.01.20 18:15:00,2026-01-20T18:15:00Z,oos,4148,0,Tier A,tier_a_primary,Tier_A_full_context,c08_exclude_weak_session_bucket,morning_60_120,-0.1698966408268734,0
2026.01.20 18:20:00,2026-01-20T18:20:00Z,oos,4149,0,Tier A,tier_a_primary,Tier_A_full_context,c08_exclude_weak_session_bucket,morning_60_120,-0.1698966408268734,0
2026.01.20 18:25:00,2026-01-20T18:25:00Z,oos,4150,-1,Tier A,tier_a_primary,Tier_A_full_context,c08_exclude_weak_session_bucket,morning_60_120,-0.1698966408268734,-1
2026.01.20 18:30:00,2026-01-20T18:30:00Z,oos,4151,1,Tier A,tier_a_primary,Tier_A_full_context,c08_exclude_weak_session_bucket,morning_60_120,-0.1698966408268734,1
2026.01.20 18:35:00,2026-01-20T18:35:00Z,oos,4152,0,Tier A,tier_a_primary,Tier_A_full_context,c08_exclude_weak_session_bucket,midday_lull_120_240,-0.1762380357885976,0
2026.01.20 18:40:00,2026-01-20T18:40:00Z,oos,4153,0,Tier A,tier_a_primary,Tier_A_full_context,c08_exclude_weak_session_bucket,midday_lull_120_240,-0.1762380357885976,0
2026.01.20 18:45:00,2026-01-20T18:45:00Z,oos,4154,0,Tier A,tier_a_primary,Tier_A_full_context,c08_exclude_weak_session_bucket,midday_lull_120_240,-0.1762380357885976,0
2026.01.20 18:50:00,2026-01-20T18:50:00Z,oos,4155,0,Tier A,tier_a_primary,Tier_A_full_context,c08_exclude_weak_session_bucket,midday_lull_120_240,-0.1762380357885976,0
2026.01.20 18:55:00,2026-01-20T18:55:00Z,oos,4156,0,Tier A,tier_a_primary,Tier_A_full_context,c08_exclude_weak_session_bucket,midday_lull_120_240,-0.1762380357885976,0
2026.01.20 19:00:00,2026-01-20T19:00:00Z,oos,4157,0,Tier A,tier_a_primary,Tier_A_full_context,c08_exclude_weak_session_bucket,midday_lull_120_240,-0.1762380357885976,0
2026.01.20 19:05:00,2026-01-20T19:05:00Z,oos,4158,0,Tier A,tier_a_primary,Tier_A_full_context,c08_exclude_weak_session_bucket,midday_lull_120_240,-0.1762380357885976,0
2026.01.20 19:15:00,2026-01-20T19:15:00Z,oos,4159,0,Tier A,tier_a_primary,Tier_A_full_context,c08_exclude_weak_session_bucket,midday_lull_120_240,-0.1762380357885976,0
2026.01.20 19:20:00,2026-01-20T19:20:00Z,oos,4160,0,Tier A,tier_a_primary,Tier_A_full_context,c08_exclude_weak_session_bucket,midday_lull_120_240,-0.1762380357885976,0
2026.01.20 19:25:00,2026-01-20T19:25:00Z,oos,4161,0,Tier A,tier_a_primary,Tier_A_full_context,c08_exclude_weak_session_bucket,midday_lull_120_240,-0.1762380357885976,0
2026.01.20 19:30:00,2026-01-20T19:30:00Z,oos,4162,0,Tier A,tier_a_primary,Tier_A_full_context,c08_exclude_weak_session_bucket,midday_lull_120_240,-0.1762380357885976,0
2026.01.20 19:35:00,2026-01-20T19:35:00Z,oos,4163,0,Tier A,tier_a_primary,Tier_A_full_context,c08_exclude_weak_session_bucket,midday_lull_120_240,-0.1762380357885976,0
2026.01.20 19:40:00,2026-01-20T19:40:00Z,oos,4164,0,Tier A,tier_a_primary,Tier_A_full_context,c08_exclude_weak_session_bucket,midday_lull_120_240,-0.1762380357885976,0
2026.01.20 19:45:00,2026-01-20T19:45:00Z,oos,4165,0,Tier A,tier_a_primary,Tier_A_full_context,c08_exclude_weak_session_bucket,midday_lull_120_240,-0.1762380357885976,0
2026.01.20 19:50:00,2026-01-20T19:50:00Z,oos,4166,0,Tier A,tier_a_primary,Tier_A_full_context,c08_exclude_weak_session_bucket,midday_lull_120_240,-0.1762380357885976,0
2026.01.20 19:55:00,2026-01-20T19:55:00Z,oos,4167,0,Tier A,tier_a_primary,Tier_A_full_context,c08_exclude_weak_session_bucket,midday_lull_120_240,-0.1762380357885976,0
2026.01.20 20:00:00,2026-01-20T20:00:00Z,oos,4168,0,Tier A,tier_a_primary,Tier_A_full_context,c08_exclude_weak_session_bucket,midday_lull_120_240,-0.1762380357885976,0
2026.01.20 20:05:00,2026-01-20T20:05:00Z,oos,4169,0,Tier A,tier_a_primary,Tier_A_full_context,c08_exclude_weak_session_bucket,midday_lull_120_240,-0.1762380357885976,0
2026.01.20 20:10:00,2026-01-20T20:10:00Z,oos,4170,0,Tier A,tier_a_primary,Tier_A_full_context,c08_exclude_weak_session_bucket,midday_lull_120_240,-0.1762380357885976,0
2026.01.20 20:15:00,2026-01-20T20:15:00Z,oos,4171,0,Tier A,tier_a_primary,Tier_A_full_context,c08_exclude_weak_session_bucket,midday_lull_120_240,-0.1762380357885976,0
2026.01.20 20:25:00,2026-01-20T20:25:00Z,oos,4172,0,Tier A,tier_a_primary,Tier_A_full_context,c08_exclude_weak_session_bucket,midday_lull_120_240,-0.1762380357885976,0
2026.01.20 20:30:00,2026-01-20T20:30:00Z,oos,4173,0,Tier A,tier_a_primary,Tier_A_full_context,c08_exclude_weak_session_bucket,midday_lull_120_240,-0.1762380357885976,0
2026.01.20 20:35:00,2026-01-20T20:35:00Z,oos,4174,0,Tier A,tier_a_primary,Tier_A_full_context,c08_exclude_weak_session_bucket,late_cash_240_330,-0.17209668943772988,0
2026.01.20 20:40:00,2026-01-20T20:40:00Z,oos,4175,0,Tier A,tier_a_primary,Tier_A_full_context,c08_exclude_weak_session_bucket,late_cash_240_330,-0.17209668943772988,0
2026.01.20 20:45:00,2026-01-20T20:45:00Z,oos,4176,0,Tier A,tier_a_primary,Tier_A_full_context,c08_exclude_weak_session_bucket,late_cash_240_330,-0.17209668943772988,0
2026.01.20 20:50:00,2026-01-20T20:50:00Z,oos,4177,0,Tier A,tier_a_primary,Tier_A_full_context,c08_exclude_weak_session_bucket,late_cash_240_330,-0.17209668943772988,0
2026.01.20 20:55:00,2026-01-20T20:55:00Z,oos,4178,-1,Tier A,tier_a_primary,Tier_A_full_context,c08_exclude_weak_session_bucket,late_cash_240_330,-0.17209668943772988,-1
2026.01.20 21:00:00,2026-01-20T21:00:00Z,oos,4179,1,Tier A,tier_a_primary,Tier_A_full_context,c08_exclude_weak_session_bucket,late_cash_240_330,-0.17209668943772988,1
2026.01.20 21:05:00,2026-01-20T21:05:00Z,oos,4180,0,Tier A,tier_a_primary,Tier_A_full_context,c08_exclude_weak_session_bucket,late_cash_240_330,-0.17209668943772988,0
2026.01.20 21:10:00,2026-01-20T21:10:00Z,oos,4181,0,Tier A,tier_a_primary,Tier_A_full_context,c08_exclude_weak_session_bucket,late_cash_240_330,-0.17209668943772988,0
2026.01.20 21:15:00,2026-01-20T21:15:00Z,oos,4182,0,Tier A,tier_a_primary,Tier_A_full_context,c08_exclude_weak_session_bucket,late_cash_240_330,-0.17209668943772988,0
2026.01.20 21:20:00,2026-01-20T21:20:00Z,oos,4183,0,Tier A,tier_a_primary,Tier_A_full_context,c08_exclude_weak_session_bucket,late_cash_240_330,-0.17209668943772988,0
2026.01.20 21:25:00,2026-01-20T21:25:00Z,oos,4184,0,Tier A,tier_a_primary,Tier_A_full_context,c08_exclude_weak_session_bucket,late_cash_240_330,-0.17209668943772988,0
2026.01.20 21:30:00,2026-01-20T21:30:00Z,oos,4185,0,Tier A,tier_a_primary,Tier_A_full_context,c08_exclude_weak_session_bucket,late_cash_240_330,-0.17209668943772988,0
2026.01.20 21:35:00,2026-01-20T21:35:00Z,oos,4186,-1,Tier A,tier_a_primary,Tier_A_full_context,c08_exclude_weak_session_bucket,late_cash_240_330,-0.17209668943772988,-1
2026.01.20 21:45:00,2026-01-20T21:45:00Z,oos,4187,0,Tier A,tier_a_primary,Tier_A_full_context,c08_exclude_weak_session_bucket,late_cash_240_330,-0.17209668943772988,0
2026.01.20 21:50:00,2026-01-20T21:50:00Z,oos,4188,1,Tier A,tier_a_primary,Tier_A_full_context,c08_exclude_weak_session_bucket,late_cash_240_330,-0.17209668943772988,1
2026.01.20 22:00:00,2026-01-20T22:00:00Z,oos,4189,0,Tier A,tier_a_primary,Tier_A_full_context,c08_exclude_weak_session_bucket,late_cash_240_330,-0.17209668943772988,0
2026.01.21 16:35:00,2026-01-21T16:35:00Z,oos,4190,-1,Tier A,tier_a_primary,Tier_A_full_context,c08_exclude_weak_session_bucket,cash_open_0_30,-0.09635811836115327,-1
2026.01.21 16:40:00,2026-01-21T16:40:00Z,oos,4191,0,Tier A,tier_a_primary,Tier_A_full_context,c08_exclude_weak_session_bucket,cash_open_0_30,-0.09635811836115327,0
2026.01.21 16:45:00,2026-01-21T16:45:00Z,oos,4192,0,Tier A,tier_a_primary,Tier_A_full_context,c08_exclude_weak_session_bucket,cash_open_0_30,-0.09635811836115327,0
2026.01.21 16:50:00,2026-01-21T16:50:00Z,oos,4193,1,Tier A,tier_a_primary,Tier_A_full_context,c08_exclude_weak_session_bucket,cash_open_0_30,-0.09635811836115327,1
2026.01.21 16:55:00,2026-01-21T16:55:00Z,oos,4194,1,Tier A,tier_a_primary,Tier_A_full_context,c08_exclude_weak_session_bucket,cash_open_0_30,-0.09635811836115327,1
2026.01.21 17:00:00,2026-01-21T17:00:00Z,oos,4195,1,Tier A,tier_a_primary,Tier_A_full_context,c08_exclude_weak_session_bucket,cash_open_0_30,-0.09635811836115327,1
2026.01.21 17:05:00,2026-01-21T17:05:00Z,oos,4196,0,Tier A,tier_a_primary,Tier_A_full_context,c08_exclude_weak_session_bucket,early_cash_30_60,-0.12775735294117646,0
2026.01.21 17:10:00,2026-01-21T17:10:00Z,oos,4197,0,Tier A,tier_a_primary,Tier_A_full_context,c08_exclude_weak_session_bucket,early_cash_30_60,-0.12775735294117646,0
2026.01.21 17:15:00,2026-01-21T17:15:00Z,oos,4198,0,Tier A,tier_a_primary,Tier_A_full_context,c08_exclude_weak_session_bucket,early_cash_30_60,-0.12775735294117646,0
2026.01.21 17:20:00,2026-01-21T17:20:00Z,oos,4199,0,Tier A,tier_a_primary,Tier_A_full_context,c08_exclude_weak_session_bucket,early_cash_30_60,-0.12775735294117646,0
2026.01.21 17:25:00,2026-01-21T17:25:00Z,oos,4200,0,Tier A,tier_a_primary,Tier_A_full_context,c08_exclude_weak_session_bucket,early_cash_30_60,-0.12775735294117646,0
2026.01.21 17:30:00,2026-01-21T17:30:00Z,oos,4201,0,Tier A,tier_a_primary,Tier_A_full_context,c08_exclude_weak_session_bucket,early_cash_30_60,-0.12775735294117646,0
2026.01.21 17:35:00,2026-01-21T17:35:00Z,oos,4202,0,Tier A,tier_a_primary,Tier_A_full_context,c08_exclude_weak_session_bucket,morning_60_120,-0.1698966408268734,0
2026.01.21 17:40:00,2026-01-21T17:40:00Z,oos,4203,0,Tier A,tier_a_primary,Tier_A_full_context,c08_exclude_weak_session_bucket,morning_60_120,-0.1698966408268734,0
2026.01.21 17:45:00,2026-01-21T17:45:00Z,oos,4204,0,Tier A,tier_a_primary,Tier_A_full_context,c08_exclude_weak_session_bucket,morning_60_120,-0.1698966408268734,0
2026.01.21 17:50:00,2026-01-21T17:50:00Z,oos,4205,0,Tier A,tier_a_primary,Tier_A_full_context,c08_exclude_weak_session_bucket,morning_60_120,-0.1698966408268734,0
2026.01.21 17:55:00,2026-01-21T17:55:00Z,oos,4206,0,Tier A,tier_a_primary,Tier_A_full_context,c08_exclude_weak_session_bucket,morning_60_120,-0.1698966408268734,0
2026.01.21 18:00:00,2026-01-21T18:00:00Z,oos,4207,-1,Tier A,tier_a_primary,Tier_A_full_context,c08_exclude_weak_session_bucket,morning_60_120,-0.1698966408268734,-1
2026.01.21 18:05:00,2026-01-21T18:05:00Z,oos,4208,0,Tier A,tier_a_primary,Tier_A_full_context,c08_exclude_weak_session_bucket,morning_60_120,-0.1698966408268734,0
2026.01.21 18:10:00,2026-01-21T18:10:00Z,oos,4209,-1,Tier A,tier_a_primary,Tier_A_full_context,c08_exclude_weak_session_bucket,morning_60_120,-0.1698966408268734,-1
2026.01.21 18:15:00,2026-01-21T18:15:00Z,oos,4210,0,Tier A,tier_a_primary,Tier_A_full_context,c08_exclude_weak_session_bucket,morning_60_120,-0.1698966408268734,0
2026.01.21 18:20:00,2026-01-21T18:20:00Z,oos,4211,-1,Tier A,tier_a_primary,Tier_A_full_context,c08_exclude_weak_session_bucket,morning_60_120,-0.1698966408268734,-1
2026.01.21 18:25:00,2026-01-21T18:25:00Z,oos,4212,0,Tier A,tier_a_primary,Tier_A_full_context,c08_exclude_weak_session_bucket,morning_60_120,-0.1698966408268734,0
2026.01.21 18:30:00,2026-01-21T18:30:00Z,oos,4213,0,Tier A,tier_a_primary,Tier_A_full_context,c08_exclude_weak_session_bucket,morning_60_120,-0.1698966408268734,0
2026.01.21 18:35:00,2026-01-21T18:35:00Z,oos,4214,0,Tier A,tier_a_primary,Tier_A_full_context,c08_exclude_weak_session_bucket,midday_lull_120_240,-0.1762380357885976,0
2026.01.21 18:40:00,2026-01-21T18:40:00Z,oos,4215,0,Tier A,tier_a_primary,Tier_A_full_context,c08_exclude_weak_session_bucket,midday_lull_120_240,-0.1762380357885976,0
2026.01.21 18:45:00,2026-01-21T18:45:00Z,oos,4216,0,Tier A,tier_a_primary,Tier_A_full_context,c08_exclude_weak_session_bucket,midday_lull_120_240,-0.1762380357885976,0
2026.01.21 18:50:00,2026-01-21T18:50:00Z,oos,4217,0,Tier A,tier_a_primary,Tier_A_full_context,c08_exclude_weak_session_bucket,midday_lull_120_240,-0.1762380357885976,0
2026.01.21 18:55:00,2026-01-21T18:55:00Z,oos,4218,0,Tier A,tier_a_primary,Tier_A_full_context,c08_exclude_weak_session_bucket,midday_lull_120_240,-0.1762380357885976,0
2026.01.21 19:00:00,2026-01-21T19:00:00Z,oos,4219,0,Tier A,tier_a_primary,Tier_A_full_context,c08_exclude_weak_session_bucket,midday_lull_120_240,-0.1762380357885976,0
2026.01.21 19:05:00,2026-01-21T19:05:00Z,oos,4220,0,Tier A,tier_a_primary,Tier_A_full_context,c08_exclude_weak_session_bucket,midday_lull_120_240,-0.1762380357885976,0
2026.01.21 19:10:00,2026-01-21T19:10:00Z,oos,4221,0,Tier A,tier_a_primary,Tier_A_full_context,c08_exclude_weak_session_bucket,midday_lull_120_240,-0.1762380357885976,0
2026.01.21 19:15:00,2026-01-21T19:15:00Z,oos,4222,0,Tier A,tier_a_primary,Tier_A_full_context,c08_exclude_weak_session_bucket,midday_lull_120_240,-0.1762380357885976,0
2026.01.21 19:20:00,2026-01-21T19:20:00Z,oos,4223,0,Tier A,tier_a_primary,Tier_A_full_context,c08_exclude_weak_session_bucket,midday_lull_120_240,-0.1762380357885976,0
2026.01.21 19:25:00,2026-01-21T19:25:00Z,oos,4224,0,Tier A,tier_a_primary,Tier_A_full_context,c08_exclude_weak_session_bucket,midday_lull_120_240,-0.1762380357885976,0
2026.01.21 19:30:00,2026-01-21T19:30:00Z,oos,4225,0,Tier A,tier_a_primary,Tier_A_full_context,c08_exclude_weak_session_bucket,midday_lull_120_240,-0.1762380357885976,0
2026.01.21 19:35:00,2026-01-21T19:35:00Z,oos,4226,0,Tier A,tier_a_primary,Tier_A_full_context,c08_exclude_weak_session_bucket,midday_lull_120_240,-0.1762380357885976,0
2026.01.21 19:40:00,2026-01-21T19:40:00Z,oos,4227,0,Tier A,tier_a_primary,Tier_A_full_context,c08_exclude_weak_session_bucket,midday_lull_120_240,-0.1762380357885976,0
2026.01.21 19:45:00,2026-01-21T19:45:00Z,oos,4228,0,Tier A,tier_a_primary,Tier_A_full_context,c08_exclude_weak_session_bucket,midday_lull_120_240,-0.1762380357885976,0
2026.01.21 19:50:00,2026-01-21T19:50:00Z,oos,4229,0,Tier A,tier_a_primary,Tier_A_full_context,c08_exclude_weak_session_bucket,midday_lull_120_240,-0.1762380357885976,0
2026.01.21 20:00:00,2026-01-21T20:00:00Z,oos,4230,0,Tier A,tier_a_primary,Tier_A_full_context,c08_exclude_weak_session_bucket,midday_lull_120_240,-0.1762380357885976,0
2026.01.21 20:05:00,2026-01-21T20:05:00Z,oos,4231,0,Tier A,tier_a_primary,Tier_A_full_context,c08_exclude_weak_session_bucket,midday_lull_120_240,-0.1762380357885976,0
2026.01.21 20:10:00,2026-01-21T20:10:00Z,oos,4232,0,Tier A,tier_a_primary,Tier_A_full_context,c08_exclude_weak_session_bucket,midday_lull_120_240,-0.1762380357885976,0
2026.01.21 20:15:00,2026-01-21T20:15:00Z,oos,4233,0,Tier A,tier_a_primary,Tier_A_full_context,c08_exclude_weak_session_bucket,midday_lull_120_240,-0.1762380357885976,0
2026.01.21 20:20:00,2026-01-21T20:20:00Z,oos,4234,0,Tier A,tier_a_primary,Tier_A_full_context,c08_exclude_weak_session_bucket,midday_lull_120_240,-0.1762380357885976,0
2026.01.21 20:25:00,2026-01-21T20:25:00Z,oos,4235,0,Tier A,tier_a_primary,Tier_A_full_context,c08_exclude_weak_session_bucket,midday_lull_120_240,-0.1762380357885976,0
2026.01.21 20:30:00,2026-01-21T20:30:00Z,oos,4236,0,Tier A,tier_a_primary,Tier_A_full_context,c08_exclude_weak_session_bucket,midday_lull_120_240,-0.1762380357885976,0
2026.01.21 20:35:00,2026-01-21T20:35:00Z,oos,4237,0,Tier A,tier_a_primary,Tier_A_full_context,c08_exclude_weak_session_bucket,late_cash_240_330,-0.17209668943772988,0
2026.01.21 20:40:00,2026-01-21T20:40:00Z,oos,4238,0,Tier A,tier_a_primary,Tier_A_full_context,c08_exclude_weak_session_bucket,late_cash_240_330,-0.17209668943772988,0
2026.01.21 20:45:00,2026-01-21T20:45:00Z,oos,4239,0,Tier A,tier_a_primary,Tier_A_full_context,c08_exclude_weak_session_bucket,late_cash_240_330,-0.17209668943772988,0
2026.01.21 20:50:00,2026-01-21T20:50:00Z,oos,4240,1,Tier A,tier_a_primary,Tier_A_full_context,c08_exclude_weak_session_bucket,late_cash_240_330,-0.17209668943772988,1
2026.01.21 20:55:00,2026-01-21T20:55:00Z,oos,4241,0,Tier A,tier_a_primary,Tier_A_full_context,c08_exclude_weak_session_bucket,late_cash_240_330,-0.17209668943772988,0
2026.01.21 21:05:00,2026-01-21T21:05:00Z,oos,4242,0,Tier A,tier_a_primary,Tier_A_full_context,c08_exclude_weak_session_bucket,late_cash_240_330,-0.17209668943772988,0
2026.01.21 21:10:00,2026-01-21T21:10:00Z,oos,4243,0,Tier A,tier_a_primary,Tier_A_full_context,c08_exclude_weak_session_bucket,late_cash_240_330,-0.17209668943772988,0
2026.01.21 21:15:00,2026-01-21T21:15:00Z,oos,4244,0,Tier A,tier_a_primary,Tier_A_full_context,c08_exclude_weak_session_bucket,late_cash_240_330,-0.17209668943772988,0
2026.01.21 21:25:00,2026-01-21T21:25:00Z,oos,4245,0,Tier A,tier_a_primary,Tier_A_full_context,c08_exclude_weak_session_bucket,late_cash_240_330,-0.17209668943772988,0
2026.01.21 21:30:00,2026-01-21T21:30:00Z,oos,4246,0,Tier A,tier_a_primary,Tier_A_full_context,c08_exclude_weak_session_bucket,late_cash_240_330,-0.17209668943772988,0
2026.01.21 21:35:00,2026-01-21T21:35:00Z,oos,4247,0,Tier A,tier_a_primary,Tier_A_full_context,c08_exclude_weak_session_bucket,late_cash_240_330,-0.17209668943772988,0
2026.01.21 21:40:00,2026-01-21T21:40:00Z,oos,4248,0,Tier A,tier_a_primary,Tier_A_full_context,c08_exclude_weak_session_bucket,late_cash_240_330,-0.17209668943772988,0
2026.01.21 21:45:00,2026-01-21T21:45:00Z,oos,4249,0,Tier A,tier_a_primary,Tier_A_full_context,c08_exclude_weak_session_bucket,late_cash_240_330,-0.17209668943772988,0
2026.01.21 21:50:00,2026-01-21T21:50:00Z,oos,4250,1,Tier A,tier_a_primary,Tier_A_full_context,c08_exclude_weak_session_bucket,late_cash_240_330,-0.17209668943772988,1
2026.01.21 21:55:00,2026-01-21T21:55:00Z,oos,4251,0,Tier A,tier_a_primary,Tier_A_full_context,c08_exclude_weak_session_bucket,late_cash_240_330,-0.17209668943772988,0
2026.01.21 22:00:00,2026-01-21T22:00:00Z,oos,4252,0,Tier A,tier_a_primary,Tier_A_full_context,c08_exclude_weak_session_bucket,late_cash_240_330,-0.17209668943772988,0
2026.01.22 16:35:00,2026-01-22T16:35:00Z,oos,4253,0,Tier A,tier_a_primary,Tier_A_full_context,c08_exclude_weak_session_bucket,cash_open_0_30,-0.09635811836115327,0
2026.01.22 16:40:00,2026-01-22T16:40:00Z,oos,4254,0,Tier A,tier_a_primary,Tier_A_full_context,c08_exclude_weak_session_bucket,cash_open_0_30,-0.09635811836115327,0
2026.01.22 16:45:00,2026-01-22T16:45:00Z,oos,4255,0,Tier A,tier_a_primary,Tier_A_full_context,c08_exclude_weak_session_bucket,cash_open_0_30,-0.09635811836115327,0
2026.01.22 16:50:00,2026-01-22T16:50:00Z,oos,4256,0,Tier A,tier_a_primary,Tier_A_full_context,c08_exclude_weak_session_bucket,cash_open_0_30,-0.09635811836115327,0
2026.01.22 16:55:00,2026-01-22T16:55:00Z,oos,4257,1,Tier A,tier_a_primary,Tier_A_full_context,c08_exclude_weak_session_bucket,cash_open_0_30,-0.09635811836115327,1
2026.01.22 17:00:00,2026-01-22T17:00:00Z,oos,4258,-1,Tier A,tier_a_primary,Tier_A_full_context,c08_exclude_weak_session_bucket,cash_open_0_30,-0.09635811836115327,-1
2026.01.22 17:05:00,2026-01-22T17:05:00Z,oos,4259,0,Tier A,tier_a_primary,Tier_A_full_context,c08_exclude_weak_session_bucket,early_cash_30_60,-0.12775735294117646,0
2026.01.22 17:10:00,2026-01-22T17:10:00Z,oos,4260,0,Tier A,tier_a_primary,Tier_A_full_context,c08_exclude_weak_session_bucket,early_cash_30_60,-0.12775735294117646,0
2026.01.22 17:15:00,2026-01-22T17:15:00Z,oos,4261,0,Tier A,tier_a_primary,Tier_A_full_context,c08_exclude_weak_session_bucket,early_cash_30_60,-0.12775735294117646,0
2026.01.22 17:20:00,2026-01-22T17:20:00Z,oos,4262,0,Tier A,tier_a_primary,Tier_A_full_context,c08_exclude_weak_session_bucket,early_cash_30_60,-0.12775735294117646,0
2026.01.22 17:25:00,2026-01-22T17:25:00Z,oos,4263,0,Tier A,tier_a_primary,Tier_A_full_context,c08_exclude_weak_session_bucket,early_cash_30_60,-0.12775735294117646,0
2026.01.22 17:30:00,2026-01-22T17:30:00Z,oos,4264,1,Tier A,tier_a_primary,Tier_A_full_context,c08_exclude_weak_session_bucket,early_cash_30_60,-0.12775735294117646,1
2026.01.22 17:35:00,2026-01-22T17:35:00Z,oos,4265,1,Tier A,tier_a_primary,Tier_A_full_context,c08_exclude_weak_session_bucket,morning_60_120,-0.1698966408268734,1
2026.01.22 17:40:00,2026-01-22T17:40:00Z,oos,4266,0,Tier A,tier_a_primary,Tier_A_full_context,c08_exclude_weak_session_bucket,morning_60_120,-0.1698966408268734,0
2026.01.22 17:45:00,2026-01-22T17:45:00Z,oos,4267,0,Tier A,tier_a_primary,Tier_A_full_context,c08_exclude_weak_session_bucket,morning_60_120,-0.1698966408268734,0
2026.01.22 17:50:00,2026-01-22T17:50:00Z,oos,4268,0,Tier A,tier_a_primary,Tier_A_full_context,c08_exclude_weak_session_bucket,morning_60_120,-0.1698966408268734,0
2026.01.22 17:55:00,2026-01-22T17:55:00Z,oos,4269,0,Tier A,tier_a_primary,Tier_A_full_context,c08_exclude_weak_session_bucket,morning_60_120,-0.1698966408268734,0
2026.01.22 18:00:00,2026-01-22T18:00:00Z,oos,4270,0,Tier A,tier_a_primary,Tier_A_full_context,c08_exclude_weak_session_bucket,morning_60_120,-0.1698966408268734,0
2026.01.22 18:05:00,2026-01-22T18:05:00Z,oos,4271,0,Tier A,tier_a_primary,Tier_A_full_context,c08_exclude_weak_session_bucket,morning_60_120,-0.1698966408268734,0
2026.01.22 18:10:00,2026-01-22T18:10:00Z,oos,4272,0,Tier A,tier_a_primary,Tier_A_full_context,c08_exclude_weak_session_bucket,morning_60_120,-0.1698966408268734,0
2026.01.22 18:15:00,2026-01-22T18:15:00Z,oos,4273,0,Tier A,tier_a_primary,Tier_A_full_context,c08_exclude_weak_session_bucket,morning_60_120,-0.1698966408268734,0
2026.01.22 18:20:00,2026-01-22T18:20:00Z,oos,4274,0,Tier A,tier_a_primary,Tier_A_full_context,c08_exclude_weak_session_bucket,morning_60_120,-0.1698966408268734,0
2026.01.22 18:25:00,2026-01-22T18:25:00Z,oos,4275,0,Tier A,tier_a_primary,Tier_A_full_context,c08_exclude_weak_session_bucket,morning_60_120,-0.1698966408268734,0
2026.01.22 18:35:00,2026-01-22T18:35:00Z,oos,4276,0,Tier A,tier_a_primary,Tier_A_full_context,c08_exclude_weak_session_bucket,midday_lull_120_240,-0.1762380357885976,0
2026.01.22 18:40:00,2026-01-22T18:40:00Z,oos,4277,0,Tier A,tier_a_primary,Tier_A_full_context,c08_exclude_weak_session_bucket,midday_lull_120_240,-0.1762380357885976,0
2026.01.22 18:45:00,2026-01-22T18:45:00Z,oos,4278,0,Tier A,tier_a_primary,Tier_A_full_context,c08_exclude_weak_session_bucket,midday_lull_120_240,-0.1762380357885976,0
2026.01.22 18:50:00,2026-01-22T18:50:00Z,oos,4279,0,Tier A,tier_a_primary,Tier_A_full_context,c08_exclude_weak_session_bucket,midday_lull_120_240,-0.1762380357885976,0
2026.01.22 18:55:00,2026-01-22T18:55:00Z,oos,4280,0,Tier A,tier_a_primary,Tier_A_full_context,c08_exclude_weak_session_bucket,midday_lull_120_240,-0.1762380357885976,0
2026.01.22 19:00:00,2026-01-22T19:00:00Z,oos,4281,0,Tier A,tier_a_primary,Tier_A_full_context,c08_exclude_weak_session_bucket,midday_lull_120_240,-0.1762380357885976,0
2026.01.22 19:05:00,2026-01-22T19:05:00Z,oos,4282,0,Tier A,tier_a_primary,Tier_A_full_context,c08_exclude_weak_session_bucket,midday_lull_120_240,-0.1762380357885976,0
2026.01.22 19:10:00,2026-01-22T19:10:00Z,oos,4283,0,Tier A,tier_a_primary,Tier_A_full_context,c08_exclude_weak_session_bucket,midday_lull_120_240,-0.1762380357885976,0
2026.01.22 19:15:00,2026-01-22T19:15:00Z,oos,4284,0,Tier A,tier_a_primary,Tier_A_full_context,c08_exclude_weak_session_bucket,midday_lull_120_240,-0.1762380357885976,0
2026.01.22 19:20:00,2026-01-22T19:20:00Z,oos,4285,0,Tier A,tier_a_primary,Tier_A_full_context,c08_exclude_weak_session_bucket,midday_lull_120_240,-0.1762380357885976,0
2026.01.22 19:25:00,2026-01-22T19:25:00Z,oos,4286,0,Tier A,tier_a_primary,Tier_A_full_context,c08_exclude_weak_session_bucket,midday_lull_120_240,-0.1762380357885976,0
2026.01.22 19:30:00,2026-01-22T19:30:00Z,oos,4287,0,Tier A,tier_a_primary,Tier_A_full_context,c08_exclude_weak_session_bucket,midday_lull_120_240,-0.1762380357885976,0
2026.01.22 19:35:00,2026-01-22T19:35:00Z,oos,4288,0,Tier A,tier_a_primary,Tier_A_full_context,c08_exclude_weak_session_bucket,midday_lull_120_240,-0.1762380357885976,0
2026.01.22 19:40:00,2026-01-22T19:40:00Z,oos,4289,0,Tier A,tier_a_primary,Tier_A_full_context,c08_exclude_weak_session_bucket,midday_lull_120_240,-0.1762380357885976,0
2026.01.22 19:45:00,2026-01-22T19:45:00Z,oos,4290,0,Tier A,tier_a_primary,Tier_A_full_context,c08_exclude_weak_session_bucket,midday_lull_120_240,-0.1762380357885976,0
2026.01.22 19:50:00,2026-01-22T19:50:00Z,oos,4291,0,Tier A,tier_a_primary,Tier_A_full_context,c08_exclude_weak_session_bucket,midday_lull_120_240,-0.1762380357885976,0
2026.01.22 19:55:00,2026-01-22T19:55:00Z,oos,4292,0,Tier A,tier_a_primary,Tier_A_full_context,c08_exclude_weak_session_bucket,midday_lull_120_240,-0.1762380357885976,0
2026.01.22 20:00:00,2026-01-22T20:00:00Z,oos,4293,0,Tier A,tier_a_primary,Tier_A_full_context,c08_exclude_weak_session_bucket,midday_lull_120_240,-0.1762380357885976,0
2026.01.22 20:05:00,2026-01-22T20:05:00Z,oos,4294,0,Tier A,tier_a_primary,Tier_A_full_context,c08_exclude_weak_session_bucket,midday_lull_120_240,-0.1762380357885976,0
2026.01.22 20:10:00,2026-01-22T20:10:00Z,oos,4295,0,Tier A,tier_a_primary,Tier_A_full_context,c08_exclude_weak_session_bucket,midday_lull_120_240,-0.1762380357885976,0
2026.01.22 20:15:00,2026-01-22T20:15:00Z,oos,4296,0,Tier A,tier_a_primary,Tier_A_full_context,c08_exclude_weak_session_bucket,midday_lull_120_240,-0.1762380357885976,0
2026.01.22 20:20:00,2026-01-22T20:20:00Z,oos,4297,0,Tier A,tier_a_primary,Tier_A_full_context,c08_exclude_weak_session_bucket,midday_lull_120_240,-0.1762380357885976,0
2026.01.22 20:25:00,2026-01-22T20:25:00Z,oos,4298,0,Tier A,tier_a_primary,Tier_A_full_context,c08_exclude_weak_session_bucket,midday_lull_120_240,-0.1762380357885976,0
2026.01.22 20:30:00,2026-01-22T20:30:00Z,oos,4299,0,Tier A,tier_a_primary,Tier_A_full_context,c08_exclude_weak_session_bucket,midday_lull_120_240,-0.1762380357885976,0
2026.01.22 20:35:00,2026-01-22T20:35:00Z,oos,4300,0,Tier A,tier_a_primary,Tier_A_full_context,c08_exclude_weak_session_bucket,late_cash_240_330,-0.17209668943772988,0
2026.01.22 20:40:00,2026-01-22T20:40:00Z,oos,4301,0,Tier A,tier_a_primary,Tier_A_full_context,c08_exclude_weak_session_bucket,late_cash_240_330,-0.17209668943772988,0
2026.01.22 20:45:00,2026-01-22T20:45:00Z,oos,4302,0,Tier A,tier_a_primary,Tier_A_full_context,c08_exclude_weak_session_bucket,late_cash_240_330,-0.17209668943772988,0
2026.01.22 20:50:00,2026-01-22T20:50:00Z,oos,4303,0,Tier A,tier_a_primary,Tier_A_full_context,c08_exclude_weak_session_bucket,late_cash_240_330,-0.17209668943772988,0
2026.01.22 20:55:00,2026-01-22T20:55:00Z,oos,4304,0,Tier A,tier_a_primary,Tier_A_full_context,c08_exclude_weak_session_bucket,late_cash_240_330,-0.17209668943772988,0
2026.01.22 21:00:00,2026-01-22T21:00:00Z,oos,4305,0,Tier A,tier_a_primary,Tier_A_full_context,c08_exclude_weak_session_bucket,late_cash_240_330,-0.17209668943772988,0
2026.01.22 21:05:00,2026-01-22T21:05:00Z,oos,4306,0,Tier A,tier_a_primary,Tier_A_full_context,c08_exclude_weak_session_bucket,late_cash_240_330,-0.17209668943772988,0
2026.01.22 21:10:00,2026-01-22T21:10:00Z,oos,4307,0,Tier A,tier_a_primary,Tier_A_full_context,c08_exclude_weak_session_bucket,late_cash_240_330,-0.17209668943772988,0
2026.01.22 21:15:00,2026-01-22T21:15:00Z,oos,4308,0,Tier A,tier_a_primary,Tier_A_full_context,c08_exclude_weak_session_bucket,late_cash_240_330,-0.17209668943772988,0
2026.01.22 21:20:00,2026-01-22T21:20:00Z,oos,4309,0,Tier A,tier_a_primary,Tier_A_full_context,c08_exclude_weak_session_bucket,late_cash_240_330,-0.17209668943772988,0
2026.01.22 21:25:00,2026-01-22T21:25:00Z,oos,4310,0,Tier A,tier_a_primary,Tier_A_full_context,c08_exclude_weak_session_bucket,late_cash_240_330,-0.17209668943772988,0
2026.01.22 21:40:00,2026-01-22T21:40:00Z,oos,4311,0,Tier A,tier_a_primary,Tier_A_full_context,c08_exclude_weak_session_bucket,late_cash_240_330,-0.17209668943772988,0
2026.01.22 21:50:00,2026-01-22T21:50:00Z,oos,4312,0,Tier A,tier_a_primary,Tier_A_full_context,c08_exclude_weak_session_bucket,late_cash_240_330,-0.17209668943772988,0
2026.01.22 21:55:00,2026-01-22T21:55:00Z,oos,4313,0,Tier A,tier_a_primary,Tier_A_full_context,c08_exclude_weak_session_bucket,late_cash_240_330,-0.17209668943772988,0
2026.01.22 22:00:00,2026-01-22T22:00:00Z,oos,4314,0,Tier A,tier_a_primary,Tier_A_full_context,c08_exclude_weak_session_bucket,late_cash_240_330,-0.17209668943772988,0
2026.01.23 16:35:00,2026-01-23T16:35:00Z,oos,4315,-1,Tier A,tier_a_primary,Tier_A_full_context,c08_exclude_weak_session_bucket,cash_open_0_30,-0.09635811836115327,-1
2026.01.23 16:40:00,2026-01-23T16:40:00Z,oos,4316,0,Tier A,tier_a_primary,Tier_A_full_context,c08_exclude_weak_session_bucket,cash_open_0_30,-0.09635811836115327,0
2026.01.23 16:45:00,2026-01-23T16:45:00Z,oos,4317,0,Tier A,tier_a_primary,Tier_A_full_context,c08_exclude_weak_session_bucket,cash_open_0_30,-0.09635811836115327,0
2026.01.23 16:50:00,2026-01-23T16:50:00Z,oos,4318,0,Tier A,tier_a_primary,Tier_A_full_context,c08_exclude_weak_session_bucket,cash_open_0_30,-0.09635811836115327,0
2026.01.23 16:55:00,2026-01-23T16:55:00Z,oos,4319,0,Tier A,tier_a_primary,Tier_A_full_context,c08_exclude_weak_session_bucket,cash_open_0_30,-0.09635811836115327,0
2026.01.23 17:00:00,2026-01-23T17:00:00Z,oos,4320,0,Tier A,tier_a_primary,Tier_A_full_context,c08_exclude_weak_session_bucket,cash_open_0_30,-0.09635811836115327,0
2026.01.23 17:05:00,2026-01-23T17:05:00Z,oos,4321,1,Tier A,tier_a_primary,Tier_A_full_context,c08_exclude_weak_session_bucket,early_cash_30_60,-0.12775735294117646,1
2026.01.23 17:10:00,2026-01-23T17:10:00Z,oos,4322,0,Tier A,tier_a_primary,Tier_A_full_context,c08_exclude_weak_session_bucket,early_cash_30_60,-0.12775735294117646,0
2026.01.23 17:15:00,2026-01-23T17:15:00Z,oos,4323,-1,Tier A,tier_a_primary,Tier_A_full_context,c08_exclude_weak_session_bucket,early_cash_30_60,-0.12775735294117646,-1
2026.01.23 17:20:00,2026-01-23T17:20:00Z,oos,4324,0,Tier A,tier_a_primary,Tier_A_full_context,c08_exclude_weak_session_bucket,early_cash_30_60,-0.12775735294117646,0
2026.01.23 17:25:00,2026-01-23T17:25:00Z,oos,4325,1,Tier A,tier_a_primary,Tier_A_full_context,c08_exclude_weak_session_bucket,early_cash_30_60,-0.12775735294117646,1
2026.01.23 17:30:00,2026-01-23T17:30:00Z,oos,4326,0,Tier A,tier_a_primary,Tier_A_full_context,c08_exclude_weak_session_bucket,early_cash_30_60,-0.12775735294117646,0
2026.01.23 17:35:00,2026-01-23T17:35:00Z,oos,4327,0,Tier A,tier_a_primary,Tier_A_full_context,c08_exclude_weak_session_bucket,morning_60_120,-0.1698966408268734,0
2026.01.23 17:40:00,2026-01-23T17:40:00Z,oos,4328,0,Tier A,tier_a_primary,Tier_A_full_context,c08_exclude_weak_session_bucket,morning_60_120,-0.1698966408268734,0
2026.01.23 17:45:00,2026-01-23T17:45:00Z,oos,4329,0,Tier A,tier_a_primary,Tier_A_full_context,c08_exclude_weak_session_bucket,morning_60_120,-0.1698966408268734,0
2026.01.23 17:50:00,2026-01-23T17:50:00Z,oos,4330,0,Tier A,tier_a_primary,Tier_A_full_context,c08_exclude_weak_session_bucket,morning_60_120,-0.1698966408268734,0
2026.01.23 17:55:00,2026-01-23T17:55:00Z,oos,4331,0,Tier A,tier_a_primary,Tier_A_full_context,c08_exclude_weak_session_bucket,morning_60_120,-0.1698966408268734,0
2026.01.23 18:00:00,2026-01-23T18:00:00Z,oos,4332,0,Tier A,tier_a_primary,Tier_A_full_context,c08_exclude_weak_session_bucket,morning_60_120,-0.1698966408268734,0
2026.01.23 18:05:00,2026-01-23T18:05:00Z,oos,4333,0,Tier A,tier_a_primary,Tier_A_full_context,c08_exclude_weak_session_bucket,morning_60_120,-0.1698966408268734,0
2026.01.23 18:10:00,2026-01-23T18:10:00Z,oos,4334,-1,Tier A,tier_a_primary,Tier_A_full_context,c08_exclude_weak_session_bucket,morning_60_120,-0.1698966408268734,-1
2026.01.23 18:15:00,2026-01-23T18:15:00Z,oos,4335,0,Tier A,tier_a_primary,Tier_A_full_context,c08_exclude_weak_session_bucket,morning_60_120,-0.1698966408268734,0
2026.01.23 18:20:00,2026-01-23T18:20:00Z,oos,4336,0,Tier A,tier_a_primary,Tier_A_full_context,c08_exclude_weak_session_bucket,morning_60_120,-0.1698966408268734,0
2026.01.23 18:25:00,2026-01-23T18:25:00Z,oos,4337,0,Tier A,tier_a_primary,Tier_A_full_context,c08_exclude_weak_session_bucket,morning_60_120,-0.1698966408268734,0
2026.01.23 18:30:00,2026-01-23T18:30:00Z,oos,4338,-1,Tier A,tier_a_primary,Tier_A_full_context,c08_exclude_weak_session_bucket,morning_60_120,-0.1698966408268734,-1
2026.01.23 18:35:00,2026-01-23T18:35:00Z,oos,4339,0,Tier A,tier_a_primary,Tier_A_full_context,c08_exclude_weak_session_bucket,midday_lull_120_240,-0.1762380357885976,0
2026.01.23 18:40:00,2026-01-23T18:40:00Z,oos,4340,0,Tier A,tier_a_primary,Tier_A_full_context,c08_exclude_weak_session_bucket,midday_lull_120_240,-0.1762380357885976,0
2026.01.23 18:45:00,2026-01-23T18:45:00Z,oos,4341,0,Tier A,tier_a_primary,Tier_A_full_context,c08_exclude_weak_session_bucket,midday_lull_120_240,-0.1762380357885976,0
2026.01.23 18:50:00,2026-01-23T18:50:00Z,oos,4342,0,Tier A,tier_a_primary,Tier_A_full_context,c08_exclude_weak_session_bucket,midday_lull_120_240,-0.1762380357885976,0
2026.01.23 18:55:00,2026-01-23T18:55:00Z,oos,4343,0,Tier A,tier_a_primary,Tier_A_full_context,c08_exclude_weak_session_bucket,midday_lull_120_240,-0.1762380357885976,0
2026.01.23 19:00:00,2026-01-23T19:00:00Z,oos,4344,0,Tier A,tier_a_primary,Tier_A_full_context,c08_exclude_weak_session_bucket,midday_lull_120_240,-0.1762380357885976,0
2026.01.23 19:05:00,2026-01-23T19:05:00Z,oos,4345,0,Tier A,tier_a_primary,Tier_A_full_context,c08_exclude_weak_session_bucket,midday_lull_120_240,-0.1762380357885976,0
2026.01.23 19:10:00,2026-01-23T19:10:00Z,oos,4346,0,Tier A,tier_a_primary,Tier_A_full_context,c08_exclude_weak_session_bucket,midday_lull_120_240,-0.1762380357885976,0
2026.01.23 19:15:00,2026-01-23T19:15:00Z,oos,4347,0,Tier A,tier_a_primary,Tier_A_full_context,c08_exclude_weak_session_bucket,midday_lull_120_240,-0.1762380357885976,0
2026.01.23 19:20:00,2026-01-23T19:20:00Z,oos,4348,0,Tier A,tier_a_primary,Tier_A_full_context,c08_exclude_weak_session_bucket,midday_lull_120_240,-0.1762380357885976,0
2026.01.23 19:25:00,2026-01-23T19:25:00Z,oos,4349,0,Tier A,tier_a_primary,Tier_A_full_context,c08_exclude_weak_session_bucket,midday_lull_120_240,-0.1762380357885976,0
2026.01.23 19:35:00,2026-01-23T19:35:00Z,oos,4350,0,Tier A,tier_a_primary,Tier_A_full_context,c08_exclude_weak_session_bucket,midday_lull_120_240,-0.1762380357885976,0
2026.01.23 19:40:00,2026-01-23T19:40:00Z,oos,4351,0,Tier A,tier_a_primary,Tier_A_full_context,c08_exclude_weak_session_bucket,midday_lull_120_240,-0.1762380357885976,0
2026.01.23 19:45:00,2026-01-23T19:45:00Z,oos,4352,0,Tier A,tier_a_primary,Tier_A_full_context,c08_exclude_weak_session_bucket,midday_lull_120_240,-0.1762380357885976,0
2026.01.23 19:50:00,2026-01-23T19:50:00Z,oos,4353,0,Tier A,tier_a_primary,Tier_A_full_context,c08_exclude_weak_session_bucket,midday_lull_120_240,-0.1762380357885976,0
2026.01.23 19:55:00,2026-01-23T19:55:00Z,oos,4354,0,Tier A,tier_a_primary,Tier_A_full_context,c08_exclude_weak_session_bucket,midday_lull_120_240,-0.1762380357885976,0
2026.01.23 20:00:00,2026-01-23T20:00:00Z,oos,4355,0,Tier A,tier_a_primary,Tier_A_full_context,c08_exclude_weak_session_bucket,midday_lull_120_240,-0.1762380357885976,0
2026.01.23 20:05:00,2026-01-23T20:05:00Z,oos,4356,0,Tier A,tier_a_primary,Tier_A_full_context,c08_exclude_weak_session_bucket,midday_lull_120_240,-0.1762380357885976,0
2026.01.23 20:10:00,2026-01-23T20:10:00Z,oos,4357,0,Tier A,tier_a_primary,Tier_A_full_context,c08_exclude_weak_session_bucket,midday_lull_120_240,-0.1762380357885976,0
2026.01.23 20:15:00,2026-01-23T20:15:00Z,oos,4358,0,Tier A,tier_a_primary,Tier_A_full_context,c08_exclude_weak_session_bucket,midday_lull_120_240,-0.1762380357885976,0
2026.01.23 20:20:00,2026-01-23T20:20:00Z,oos,4359,0,Tier A,tier_a_primary,Tier_A_full_context,c08_exclude_weak_session_bucket,midday_lull_120_240,-0.1762380357885976,0
2026.01.23 20:25:00,2026-01-23T20:25:00Z,oos,4360,0,Tier A,tier_a_primary,Tier_A_full_context,c08_exclude_weak_session_bucket,midday_lull_120_240,-0.1762380357885976,0
2026.01.23 20:35:00,2026-01-23T20:35:00Z,oos,4361,0,Tier A,tier_a_primary,Tier_A_full_context,c08_exclude_weak_session_bucket,late_cash_240_330,-0.17209668943772988,0
2026.01.23 20:40:00,2026-01-23T20:40:00Z,oos,4362,0,Tier A,tier_a_primary,Tier_A_full_context,c08_exclude_weak_session_bucket,late_cash_240_330,-0.17209668943772988,0
2026.01.23 20:50:00,2026-01-23T20:50:00Z,oos,4363,0,Tier A,tier_a_primary,Tier_A_full_context,c08_exclude_weak_session_bucket,late_cash_240_330,-0.17209668943772988,0
2026.01.23 20:55:00,2026-01-23T20:55:00Z,oos,4364,0,Tier A,tier_a_primary,Tier_A_full_context,c08_exclude_weak_session_bucket,late_cash_240_330,-0.17209668943772988,0
2026.01.23 21:00:00,2026-01-23T21:00:00Z,oos,4365,0,Tier A,tier_a_primary,Tier_A_full_context,c08_exclude_weak_session_bucket,late_cash_240_330,-0.17209668943772988,0
2026.01.23 21:05:00,2026-01-23T21:05:00Z,oos,4366,0,Tier A,tier_a_primary,Tier_A_full_context,c08_exclude_weak_session_bucket,late_cash_240_330,-0.17209668943772988,0
2026.01.23 21:15:00,2026-01-23T21:15:00Z,oos,4367,0,Tier A,tier_a_primary,Tier_A_full_context,c08_exclude_weak_session_bucket,late_cash_240_330,-0.17209668943772988,0
2026.01.23 21:25:00,2026-01-23T21:25:00Z,oos,4368,0,Tier A,tier_a_primary,Tier_A_full_context,c08_exclude_weak_session_bucket,late_cash_240_330,-0.17209668943772988,0
2026.01.23 21:30:00,2026-01-23T21:30:00Z,oos,4369,0,Tier A,tier_a_primary,Tier_A_full_context,c08_exclude_weak_session_bucket,late_cash_240_330,-0.17209668943772988,0
2026.01.23 21:35:00,2026-01-23T21:35:00Z,oos,4370,0,Tier A,tier_a_primary,Tier_A_full_context,c08_exclude_weak_session_bucket,late_cash_240_330,-0.17209668943772988,0
2026.01.23 21:40:00,2026-01-23T21:40:00Z,oos,4371,0,Tier A,tier_a_primary,Tier_A_full_context,c08_exclude_weak_session_bucket,late_cash_240_330,-0.17209668943772988,0
2026.01.23 21:45:00,2026-01-23T21:45:00Z,oos,4372,0,Tier A,tier_a_primary,Tier_A_full_context,c08_exclude_weak_session_bucket,late_cash_240_330,-0.17209668943772988,0
2026.01.23 21:50:00,2026-01-23T21:50:00Z,oos,4373,0,Tier A,tier_a_primary,Tier_A_full_context,c08_exclude_weak_session_bucket,late_cash_240_330,-0.17209668943772988,0
2026.01.23 21:55:00,2026-01-23T21:55:00Z,oos,4374,0,Tier A,tier_a_primary,Tier_A_full_context,c08_exclude_weak_session_bucket,late_cash_240_330,-0.17209668943772988,0
2026.01.23 22:00:00,2026-01-23T22:00:00Z,oos,4375,0,Tier A,tier_a_primary,Tier_A_full_context,c08_exclude_weak_session_bucket,late_cash_240_330,-0.17209668943772988,0
2026.01.26 16:35:00,2026-01-26T16:35:00Z,oos,4376,0,Tier A,tier_a_primary,Tier_A_full_context,c08_exclude_weak_session_bucket,cash_open_0_30,-0.09635811836115327,0
2026.01.26 16:40:00,2026-01-26T16:40:00Z,oos,4377,0,Tier A,tier_a_primary,Tier_A_full_context,c08_exclude_weak_session_bucket,cash_open_0_30,-0.09635811836115327,0
2026.01.26 16:45:00,2026-01-26T16:45:00Z,oos,4378,1,Tier A,tier_a_primary,Tier_A_full_context,c08_exclude_weak_session_bucket,cash_open_0_30,-0.09635811836115327,1
2026.01.26 16:50:00,2026-01-26T16:50:00Z,oos,4379,-1,Tier A,tier_a_primary,Tier_A_full_context,c08_exclude_weak_session_bucket,cash_open_0_30,-0.09635811836115327,-1
2026.01.26 16:55:00,2026-01-26T16:55:00Z,oos,4380,1,Tier A,tier_a_primary,Tier_A_full_context,c08_exclude_weak_session_bucket,cash_open_0_30,-0.09635811836115327,1
2026.01.26 17:00:00,2026-01-26T17:00:00Z,oos,4381,0,Tier A,tier_a_primary,Tier_A_full_context,c08_exclude_weak_session_bucket,cash_open_0_30,-0.09635811836115327,0
2026.01.26 17:05:00,2026-01-26T17:05:00Z,oos,4382,0,Tier A,tier_a_primary,Tier_A_full_context,c08_exclude_weak_session_bucket,early_cash_30_60,-0.12775735294117646,0
2026.01.26 17:10:00,2026-01-26T17:10:00Z,oos,4383,-1,Tier A,tier_a_primary,Tier_A_full_context,c08_exclude_weak_session_bucket,early_cash_30_60,-0.12775735294117646,-1
2026.01.26 17:15:00,2026-01-26T17:15:00Z,oos,4384,0,Tier A,tier_a_primary,Tier_A_full_context,c08_exclude_weak_session_bucket,early_cash_30_60,-0.12775735294117646,0
2026.01.26 17:20:00,2026-01-26T17:20:00Z,oos,4385,1,Tier A,tier_a_primary,Tier_A_full_context,c08_exclude_weak_session_bucket,early_cash_30_60,-0.12775735294117646,1
2026.01.26 17:25:00,2026-01-26T17:25:00Z,oos,4386,0,Tier A,tier_a_primary,Tier_A_full_context,c08_exclude_weak_session_bucket,early_cash_30_60,-0.12775735294117646,0
2026.01.26 17:30:00,2026-01-26T17:30:00Z,oos,4387,-1,Tier A,tier_a_primary,Tier_A_full_context,c08_exclude_weak_session_bucket,early_cash_30_60,-0.12775735294117646,-1
2026.01.26 17:35:00,2026-01-26T17:35:00Z,oos,4388,0,Tier A,tier_a_primary,Tier_A_full_context,c08_exclude_weak_session_bucket,morning_60_120,-0.1698966408268734,0
2026.01.26 17:40:00,2026-01-26T17:40:00Z,oos,4389,0,Tier A,tier_a_primary,Tier_A_full_context,c08_exclude_weak_session_bucket,morning_60_120,-0.1698966408268734,0
2026.01.26 17:45:00,2026-01-26T17:45:00Z,oos,4390,-1,Tier A,tier_a_primary,Tier_A_full_context,c08_exclude_weak_session_bucket,morning_60_120,-0.1698966408268734,-1
2026.01.26 17:50:00,2026-01-26T17:50:00Z,oos,4391,1,Tier A,tier_a_primary,Tier_A_full_context,c08_exclude_weak_session_bucket,morning_60_120,-0.1698966408268734,1
2026.01.26 17:55:00,2026-01-26T17:55:00Z,oos,4392,0,Tier A,tier_a_primary,Tier_A_full_context,c08_exclude_weak_session_bucket,morning_60_120,-0.1698966408268734,0
2026.01.26 18:00:00,2026-01-26T18:00:00Z,oos,4393,0,Tier A,tier_a_primary,Tier_A_full_context,c08_exclude_weak_session_bucket,morning_60_120,-0.1698966408268734,0
2026.01.26 18:05:00,2026-01-26T18:05:00Z,oos,4394,0,Tier A,tier_a_primary,Tier_A_full_context,c08_exclude_weak_session_bucket,morning_60_120,-0.1698966408268734,0
2026.01.26 18:10:00,2026-01-26T18:10:00Z,oos,4395,0,Tier A,tier_a_primary,Tier_A_full_context,c08_exclude_weak_session_bucket,morning_60_120,-0.1698966408268734,0
2026.01.26 18:15:00,2026-01-26T18:15:00Z,oos,4396,0,Tier A,tier_a_primary,Tier_A_full_context,c08_exclude_weak_session_bucket,morning_60_120,-0.1698966408268734,0
2026.01.26 18:20:00,2026-01-26T18:20:00Z,oos,4397,-1,Tier A,tier_a_primary,Tier_A_full_context,c08_exclude_weak_session_bucket,morning_60_120,-0.1698966408268734,-1
2026.01.26 18:25:00,2026-01-26T18:25:00Z,oos,4398,1,Tier A,tier_a_primary,Tier_A_full_context,c08_exclude_weak_session_bucket,morning_60_120,-0.1698966408268734,1
2026.01.26 18:30:00,2026-01-26T18:30:00Z,oos,4399,0,Tier A,tier_a_primary,Tier_A_full_context,c08_exclude_weak_session_bucket,morning_60_120,-0.1698966408268734,0
2026.01.26 18:35:00,2026-01-26T18:35:00Z,oos,4400,0,Tier A,tier_a_primary,Tier_A_full_context,c08_exclude_weak_session_bucket,midday_lull_120_240,-0.1762380357885976,0
2026.01.26 18:40:00,2026-01-26T18:40:00Z,oos,4401,0,Tier A,tier_a_primary,Tier_A_full_context,c08_exclude_weak_session_bucket,midday_lull_120_240,-0.1762380357885976,0
2026.01.26 18:45:00,2026-01-26T18:45:00Z,oos,4402,0,Tier A,tier_a_primary,Tier_A_full_context,c08_exclude_weak_session_bucket,midday_lull_120_240,-0.1762380357885976,0
2026.01.26 18:50:00,2026-01-26T18:50:00Z,oos,4403,0,Tier A,tier_a_primary,Tier_A_full_context,c08_exclude_weak_session_bucket,midday_lull_120_240,-0.1762380357885976,0
2026.01.26 18:55:00,2026-01-26T18:55:00Z,oos,4404,0,Tier A,tier_a_primary,Tier_A_full_context,c08_exclude_weak_session_bucket,midday_lull_120_240,-0.1762380357885976,0
2026.01.26 19:00:00,2026-01-26T19:00:00Z,oos,4405,0,Tier A,tier_a_primary,Tier_A_full_context,c08_exclude_weak_session_bucket,midday_lull_120_240,-0.1762380357885976,0
2026.01.26 19:05:00,2026-01-26T19:05:00Z,oos,4406,0,Tier A,tier_a_primary,Tier_A_full_context,c08_exclude_weak_session_bucket,midday_lull_120_240,-0.1762380357885976,0
2026.01.26 19:10:00,2026-01-26T19:10:00Z,oos,4407,0,Tier A,tier_a_primary,Tier_A_full_context,c08_exclude_weak_session_bucket,midday_lull_120_240,-0.1762380357885976,0
2026.01.26 19:15:00,2026-01-26T19:15:00Z,oos,4408,0,Tier A,tier_a_primary,Tier_A_full_context,c08_exclude_weak_session_bucket,midday_lull_120_240,-0.1762380357885976,0
2026.01.26 19:20:00,2026-01-26T19:20:00Z,oos,4409,0,Tier A,tier_a_primary,Tier_A_full_context,c08_exclude_weak_session_bucket,midday_lull_120_240,-0.1762380357885976,0
2026.01.26 19:25:00,2026-01-26T19:25:00Z,oos,4410,0,Tier A,tier_a_primary,Tier_A_full_context,c08_exclude_weak_session_bucket,midday_lull_120_240,-0.1762380357885976,0
2026.01.26 19:30:00,2026-01-26T19:30:00Z,oos,4411,0,Tier A,tier_a_primary,Tier_A_full_context,c08_exclude_weak_session_bucket,midday_lull_120_240,-0.1762380357885976,0
2026.01.26 19:40:00,2026-01-26T19:40:00Z,oos,4412,0,Tier A,tier_a_primary,Tier_A_full_context,c08_exclude_weak_session_bucket,midday_lull_120_240,-0.1762380357885976,0
2026.01.26 19:50:00,2026-01-26T19:50:00Z,oos,4413,0,Tier A,tier_a_primary,Tier_A_full_context,c08_exclude_weak_session_bucket,midday_lull_120_240,-0.1762380357885976,0
2026.01.26 19:55:00,2026-01-26T19:55:00Z,oos,4414,0,Tier A,tier_a_primary,Tier_A_full_context,c08_exclude_weak_session_bucket,midday_lull_120_240,-0.1762380357885976,0
2026.01.26 20:05:00,2026-01-26T20:05:00Z,oos,4415,0,Tier A,tier_a_primary,Tier_A_full_context,c08_exclude_weak_session_bucket,midday_lull_120_240,-0.1762380357885976,0
2026.01.26 20:10:00,2026-01-26T20:10:00Z,oos,4416,0,Tier A,tier_a_primary,Tier_A_full_context,c08_exclude_weak_session_bucket,midday_lull_120_240,-0.1762380357885976,0
2026.01.26 20:15:00,2026-01-26T20:15:00Z,oos,4417,0,Tier A,tier_a_primary,Tier_A_full_context,c08_exclude_weak_session_bucket,midday_lull_120_240,-0.1762380357885976,0
2026.01.26 20:20:00,2026-01-26T20:20:00Z,oos,4418,0,Tier A,tier_a_primary,Tier_A_full_context,c08_exclude_weak_session_bucket,midday_lull_120_240,-0.1762380357885976,0
2026.01.26 20:25:00,2026-01-26T20:25:00Z,oos,4419,0,Tier A,tier_a_primary,Tier_A_full_context,c08_exclude_weak_session_bucket,midday_lull_120_240,-0.1762380357885976,0
2026.01.26 20:30:00,2026-01-26T20:30:00Z,oos,4420,0,Tier A,tier_a_primary,Tier_A_full_context,c08_exclude_weak_session_bucket,midday_lull_120_240,-0.1762380357885976,0
2026.01.26 20:35:00,2026-01-26T20:35:00Z,oos,4421,0,Tier A,tier_a_primary,Tier_A_full_context,c08_exclude_weak_session_bucket,late_cash_240_330,-0.17209668943772988,0
2026.01.26 20:40:00,2026-01-26T20:40:00Z,oos,4422,0,Tier A,tier_a_primary,Tier_A_full_context,c08_exclude_weak_session_bucket,late_cash_240_330,-0.17209668943772988,0
2026.01.26 20:45:00,2026-01-26T20:45:00Z,oos,4423,0,Tier A,tier_a_primary,Tier_A_full_context,c08_exclude_weak_session_bucket,late_cash_240_330,-0.17209668943772988,0
2026.01.26 20:50:00,2026-01-26T20:50:00Z,oos,4424,0,Tier A,tier_a_primary,Tier_A_full_context,c08_exclude_weak_session_bucket,late_cash_240_330,-0.17209668943772988,0
2026.01.26 20:55:00,2026-01-26T20:55:00Z,oos,4425,0,Tier A,tier_a_primary,Tier_A_full_context,c08_exclude_weak_session_bucket,late_cash_240_330,-0.17209668943772988,0
2026.01.26 21:00:00,2026-01-26T21:00:00Z,oos,4426,0,Tier A,tier_a_primary,Tier_A_full_context,c08_exclude_weak_session_bucket,late_cash_240_330,-0.17209668943772988,0
2026.01.26 21:10:00,2026-01-26T21:10:00Z,oos,4427,0,Tier A,tier_a_primary,Tier_A_full_context,c08_exclude_weak_session_bucket,late_cash_240_330,-0.17209668943772988,0
2026.01.26 21:15:00,2026-01-26T21:15:00Z,oos,4428,0,Tier A,tier_a_primary,Tier_A_full_context,c08_exclude_weak_session_bucket,late_cash_240_330,-0.17209668943772988,0
2026.01.26 21:20:00,2026-01-26T21:20:00Z,oos,4429,0,Tier A,tier_a_primary,Tier_A_full_context,c08_exclude_weak_session_bucket,late_cash_240_330,-0.17209668943772988,0
2026.01.26 21:30:00,2026-01-26T21:30:00Z,oos,4430,0,Tier A,tier_a_primary,Tier_A_full_context,c08_exclude_weak_session_bucket,late_cash_240_330,-0.17209668943772988,0
2026.01.26 21:40:00,2026-01-26T21:40:00Z,oos,4431,0,Tier A,tier_a_primary,Tier_A_full_context,c08_exclude_weak_session_bucket,late_cash_240_330,-0.17209668943772988,0
2026.01.26 21:55:00,2026-01-26T21:55:00Z,oos,4432,0,Tier A,tier_a_primary,Tier_A_full_context,c08_exclude_weak_session_bucket,late_cash_240_330,-0.17209668943772988,0
2026.01.26 22:00:00,2026-01-26T22:00:00Z,oos,4433,0,Tier A,tier_a_primary,Tier_A_full_context,c08_exclude_weak_session_bucket,late_cash_240_330,-0.17209668943772988,0
2026.01.27 16:35:00,2026-01-27T16:35:00Z,oos,4434,0,Tier A,tier_a_primary,Tier_A_full_context,c08_exclude_weak_session_bucket,cash_open_0_30,-0.09635811836115327,0
2026.01.27 16:40:00,2026-01-27T16:40:00Z,oos,4435,0,Tier A,tier_a_primary,Tier_A_full_context,c08_exclude_weak_session_bucket,cash_open_0_30,-0.09635811836115327,0
2026.01.27 16:45:00,2026-01-27T16:45:00Z,oos,4436,0,Tier A,tier_a_primary,Tier_A_full_context,c08_exclude_weak_session_bucket,cash_open_0_30,-0.09635811836115327,0
2026.01.27 16:50:00,2026-01-27T16:50:00Z,oos,4437,0,Tier A,tier_a_primary,Tier_A_full_context,c08_exclude_weak_session_bucket,cash_open_0_30,-0.09635811836115327,0
2026.01.27 16:55:00,2026-01-27T16:55:00Z,oos,4438,0,Tier A,tier_a_primary,Tier_A_full_context,c08_exclude_weak_session_bucket,cash_open_0_30,-0.09635811836115327,0
2026.01.27 17:00:00,2026-01-27T17:00:00Z,oos,4439,0,Tier A,tier_a_primary,Tier_A_full_context,c08_exclude_weak_session_bucket,cash_open_0_30,-0.09635811836115327,0
2026.01.27 17:05:00,2026-01-27T17:05:00Z,oos,4440,0,Tier A,tier_a_primary,Tier_A_full_context,c08_exclude_weak_session_bucket,early_cash_30_60,-0.12775735294117646,0
2026.01.27 17:10:00,2026-01-27T17:10:00Z,oos,4441,0,Tier A,tier_a_primary,Tier_A_full_context,c08_exclude_weak_session_bucket,early_cash_30_60,-0.12775735294117646,0
2026.01.27 17:15:00,2026-01-27T17:15:00Z,oos,4442,0,Tier A,tier_a_primary,Tier_A_full_context,c08_exclude_weak_session_bucket,early_cash_30_60,-0.12775735294117646,0
2026.01.27 17:20:00,2026-01-27T17:20:00Z,oos,4443,0,Tier A,tier_a_primary,Tier_A_full_context,c08_exclude_weak_session_bucket,early_cash_30_60,-0.12775735294117646,0
2026.01.27 17:25:00,2026-01-27T17:25:00Z,oos,4444,0,Tier A,tier_a_primary,Tier_A_full_context,c08_exclude_weak_session_bucket,early_cash_30_60,-0.12775735294117646,0
2026.01.27 17:30:00,2026-01-27T17:30:00Z,oos,4445,0,Tier A,tier_a_primary,Tier_A_full_context,c08_exclude_weak_session_bucket,early_cash_30_60,-0.12775735294117646,0
2026.01.27 17:35:00,2026-01-27T17:35:00Z,oos,4446,0,Tier A,tier_a_primary,Tier_A_full_context,c08_exclude_weak_session_bucket,morning_60_120,-0.1698966408268734,0
2026.01.27 17:45:00,2026-01-27T17:45:00Z,oos,4447,0,Tier A,tier_a_primary,Tier_A_full_context,c08_exclude_weak_session_bucket,morning_60_120,-0.1698966408268734,0
2026.01.27 17:50:00,2026-01-27T17:50:00Z,oos,4448,0,Tier A,tier_a_primary,Tier_A_full_context,c08_exclude_weak_session_bucket,morning_60_120,-0.1698966408268734,0
2026.01.27 17:55:00,2026-01-27T17:55:00Z,oos,4449,0,Tier A,tier_a_primary,Tier_A_full_context,c08_exclude_weak_session_bucket,morning_60_120,-0.1698966408268734,0
2026.01.27 18:00:00,2026-01-27T18:00:00Z,oos,4450,0,Tier A,tier_a_primary,Tier_A_full_context,c08_exclude_weak_session_bucket,morning_60_120,-0.1698966408268734,0
2026.01.27 18:05:00,2026-01-27T18:05:00Z,oos,4451,0,Tier A,tier_a_primary,Tier_A_full_context,c08_exclude_weak_session_bucket,morning_60_120,-0.1698966408268734,0
2026.01.27 18:10:00,2026-01-27T18:10:00Z,oos,4452,0,Tier A,tier_a_primary,Tier_A_full_context,c08_exclude_weak_session_bucket,morning_60_120,-0.1698966408268734,0
2026.01.27 18:15:00,2026-01-27T18:15:00Z,oos,4453,0,Tier A,tier_a_primary,Tier_A_full_context,c08_exclude_weak_session_bucket,morning_60_120,-0.1698966408268734,0
2026.01.27 18:20:00,2026-01-27T18:20:00Z,oos,4454,0,Tier A,tier_a_primary,Tier_A_full_context,c08_exclude_weak_session_bucket,morning_60_120,-0.1698966408268734,0
2026.01.27 18:25:00,2026-01-27T18:25:00Z,oos,4455,0,Tier A,tier_a_primary,Tier_A_full_context,c08_exclude_weak_session_bucket,morning_60_120,-0.1698966408268734,0
2026.01.27 18:30:00,2026-01-27T18:30:00Z,oos,4456,0,Tier A,tier_a_primary,Tier_A_full_context,c08_exclude_weak_session_bucket,morning_60_120,-0.1698966408268734,0
2026.01.27 18:35:00,2026-01-27T18:35:00Z,oos,4457,0,Tier A,tier_a_primary,Tier_A_full_context,c08_exclude_weak_session_bucket,midday_lull_120_240,-0.1762380357885976,0
2026.01.27 18:40:00,2026-01-27T18:40:00Z,oos,4458,0,Tier A,tier_a_primary,Tier_A_full_context,c08_exclude_weak_session_bucket,midday_lull_120_240,-0.1762380357885976,0
2026.01.27 18:45:00,2026-01-27T18:45:00Z,oos,4459,0,Tier A,tier_a_primary,Tier_A_full_context,c08_exclude_weak_session_bucket,midday_lull_120_240,-0.1762380357885976,0
2026.01.27 18:50:00,2026-01-27T18:50:00Z,oos,4460,0,Tier A,tier_a_primary,Tier_A_full_context,c08_exclude_weak_session_bucket,midday_lull_120_240,-0.1762380357885976,0
2026.01.27 19:00:00,2026-01-27T19:00:00Z,oos,4461,0,Tier A,tier_a_primary,Tier_A_full_context,c08_exclude_weak_session_bucket,midday_lull_120_240,-0.1762380357885976,0
2026.01.27 19:05:00,2026-01-27T19:05:00Z,oos,4462,0,Tier A,tier_a_primary,Tier_A_full_context,c08_exclude_weak_session_bucket,midday_lull_120_240,-0.1762380357885976,0
2026.01.27 19:10:00,2026-01-27T19:10:00Z,oos,4463,0,Tier A,tier_a_primary,Tier_A_full_context,c08_exclude_weak_session_bucket,midday_lull_120_240,-0.1762380357885976,0
2026.01.27 19:15:00,2026-01-27T19:15:00Z,oos,4464,0,Tier A,tier_a_primary,Tier_A_full_context,c08_exclude_weak_session_bucket,midday_lull_120_240,-0.1762380357885976,0
2026.01.27 19:20:00,2026-01-27T19:20:00Z,oos,4465,0,Tier A,tier_a_primary,Tier_A_full_context,c08_exclude_weak_session_bucket,midday_lull_120_240,-0.1762380357885976,0
2026.01.27 19:25:00,2026-01-27T19:25:00Z,oos,4466,0,Tier A,tier_a_primary,Tier_A_full_context,c08_exclude_weak_session_bucket,midday_lull_120_240,-0.1762380357885976,0
2026.01.27 19:30:00,2026-01-27T19:30:00Z,oos,4467,0,Tier A,tier_a_primary,Tier_A_full_context,c08_exclude_weak_session_bucket,midday_lull_120_240,-0.1762380357885976,0
2026.01.27 19:35:00,2026-01-27T19:35:00Z,oos,4468,0,Tier A,tier_a_primary,Tier_A_full_context,c08_exclude_weak_session_bucket,midday_lull_120_240,-0.1762380357885976,0
2026.01.27 19:40:00,2026-01-27T19:40:00Z,oos,4469,0,Tier A,tier_a_primary,Tier_A_full_context,c08_exclude_weak_session_bucket,midday_lull_120_240,-0.1762380357885976,0
2026.01.27 19:45:00,2026-01-27T19:45:00Z,oos,4470,0,Tier A,tier_a_primary,Tier_A_full_context,c08_exclude_weak_session_bucket,midday_lull_120_240,-0.1762380357885976,0
2026.01.27 19:50:00,2026-01-27T19:50:00Z,oos,4471,0,Tier A,tier_a_primary,Tier_A_full_context,c08_exclude_weak_session_bucket,midday_lull_120_240,-0.1762380357885976,0
2026.01.27 19:55:00,2026-01-27T19:55:00Z,oos,4472,0,Tier A,tier_a_primary,Tier_A_full_context,c08_exclude_weak_session_bucket,midday_lull_120_240,-0.1762380357885976,0
2026.01.27 20:00:00,2026-01-27T20:00:00Z,oos,4473,0,Tier A,tier_a_primary,Tier_A_full_context,c08_exclude_weak_session_bucket,midday_lull_120_240,-0.1762380357885976,0
2026.01.27 20:05:00,2026-01-27T20:05:00Z,oos,4474,0,Tier A,tier_a_primary,Tier_A_full_context,c08_exclude_weak_session_bucket,midday_lull_120_240,-0.1762380357885976,0
2026.01.27 20:10:00,2026-01-27T20:10:00Z,oos,4475,0,Tier A,tier_a_primary,Tier_A_full_context,c08_exclude_weak_session_bucket,midday_lull_120_240,-0.1762380357885976,0
2026.01.27 20:15:00,2026-01-27T20:15:00Z,oos,4476,0,Tier A,tier_a_primary,Tier_A_full_context,c08_exclude_weak_session_bucket,midday_lull_120_240,-0.1762380357885976,0
2026.01.27 20:20:00,2026-01-27T20:20:00Z,oos,4477,0,Tier A,tier_a_primary,Tier_A_full_context,c08_exclude_weak_session_bucket,midday_lull_120_240,-0.1762380357885976,0
2026.01.27 20:25:00,2026-01-27T20:25:00Z,oos,4478,0,Tier A,tier_a_primary,Tier_A_full_context,c08_exclude_weak_session_bucket,midday_lull_120_240,-0.1762380357885976,0
2026.01.27 20:30:00,2026-01-27T20:30:00Z,oos,4479,0,Tier A,tier_a_primary,Tier_A_full_context,c08_exclude_weak_session_bucket,midday_lull_120_240,-0.1762380357885976,0
2026.01.27 20:35:00,2026-01-27T20:35:00Z,oos,4480,0,Tier A,tier_a_primary,Tier_A_full_context,c08_exclude_weak_session_bucket,late_cash_240_330,-0.17209668943772988,0
2026.01.27 20:40:00,2026-01-27T20:40:00Z,oos,4481,0,Tier A,tier_a_primary,Tier_A_full_context,c08_exclude_weak_session_bucket,late_cash_240_330,-0.17209668943772988,0
2026.01.27 20:45:00,2026-01-27T20:45:00Z,oos,4482,0,Tier A,tier_a_primary,Tier_A_full_context,c08_exclude_weak_session_bucket,late_cash_240_330,-0.17209668943772988,0
2026.01.27 20:50:00,2026-01-27T20:50:00Z,oos,4483,0,Tier A,tier_a_primary,Tier_A_full_context,c08_exclude_weak_session_bucket,late_cash_240_330,-0.17209668943772988,0
2026.01.27 20:55:00,2026-01-27T20:55:00Z,oos,4484,0,Tier A,tier_a_primary,Tier_A_full_context,c08_exclude_weak_session_bucket,late_cash_240_330,-0.17209668943772988,0
2026.01.27 21:00:00,2026-01-27T21:00:00Z,oos,4485,0,Tier A,tier_a_primary,Tier_A_full_context,c08_exclude_weak_session_bucket,late_cash_240_330,-0.17209668943772988,0
2026.01.27 21:05:00,2026-01-27T21:05:00Z,oos,4486,0,Tier A,tier_a_primary,Tier_A_full_context,c08_exclude_weak_session_bucket,late_cash_240_330,-0.17209668943772988,0
2026.01.27 21:10:00,2026-01-27T21:10:00Z,oos,4487,0,Tier A,tier_a_primary,Tier_A_full_context,c08_exclude_weak_session_bucket,late_cash_240_330,-0.17209668943772988,0
2026.01.27 21:15:00,2026-01-27T21:15:00Z,oos,4488,0,Tier A,tier_a_primary,Tier_A_full_context,c08_exclude_weak_session_bucket,late_cash_240_330,-0.17209668943772988,0
2026.01.27 21:20:00,2026-01-27T21:20:00Z,oos,4489,0,Tier A,tier_a_primary,Tier_A_full_context,c08_exclude_weak_session_bucket,late_cash_240_330,-0.17209668943772988,0
2026.01.27 21:25:00,2026-01-27T21:25:00Z,oos,4490,0,Tier A,tier_a_primary,Tier_A_full_context,c08_exclude_weak_session_bucket,late_cash_240_330,-0.17209668943772988,0
2026.01.27 21:30:00,2026-01-27T21:30:00Z,oos,4491,0,Tier A,tier_a_primary,Tier_A_full_context,c08_exclude_weak_session_bucket,late_cash_240_330,-0.17209668943772988,0
2026.01.27 21:35:00,2026-01-27T21:35:00Z,oos,4492,0,Tier A,tier_a_primary,Tier_A_full_context,c08_exclude_weak_session_bucket,late_cash_240_330,-0.17209668943772988,0
2026.01.27 21:45:00,2026-01-27T21:45:00Z,oos,4493,0,Tier A,tier_a_primary,Tier_A_full_context,c08_exclude_weak_session_bucket,late_cash_240_330,-0.17209668943772988,0
2026.01.27 21:50:00,2026-01-27T21:50:00Z,oos,4494,0,Tier A,tier_a_primary,Tier_A_full_context,c08_exclude_weak_session_bucket,late_cash_240_330,-0.17209668943772988,0
2026.01.27 21:55:00,2026-01-27T21:55:00Z,oos,4495,0,Tier A,tier_a_primary,Tier_A_full_context,c08_exclude_weak_session_bucket,late_cash_240_330,-0.17209668943772988,0
2026.01.27 22:00:00,2026-01-27T22:00:00Z,oos,4496,0,Tier A,tier_a_primary,Tier_A_full_context,c08_exclude_weak_session_bucket,late_cash_240_330,-0.17209668943772988,0
2026.01.28 16:35:00,2026-01-28T16:35:00Z,oos,4497,0,Tier A,tier_a_primary,Tier_A_full_context,c08_exclude_weak_session_bucket,cash_open_0_30,-0.09635811836115327,0
2026.01.28 16:40:00,2026-01-28T16:40:00Z,oos,4498,0,Tier A,tier_a_primary,Tier_A_full_context,c08_exclude_weak_session_bucket,cash_open_0_30,-0.09635811836115327,0
2026.01.28 16:45:00,2026-01-28T16:45:00Z,oos,4499,0,Tier A,tier_a_primary,Tier_A_full_context,c08_exclude_weak_session_bucket,cash_open_0_30,-0.09635811836115327,0
2026.01.28 16:50:00,2026-01-28T16:50:00Z,oos,4500,0,Tier A,tier_a_primary,Tier_A_full_context,c08_exclude_weak_session_bucket,cash_open_0_30,-0.09635811836115327,0
2026.01.28 16:55:00,2026-01-28T16:55:00Z,oos,4501,0,Tier A,tier_a_primary,Tier_A_full_context,c08_exclude_weak_session_bucket,cash_open_0_30,-0.09635811836115327,0
2026.01.28 17:00:00,2026-01-28T17:00:00Z,oos,4502,0,Tier A,tier_a_primary,Tier_A_full_context,c08_exclude_weak_session_bucket,cash_open_0_30,-0.09635811836115327,0
2026.01.28 17:05:00,2026-01-28T17:05:00Z,oos,4503,0,Tier A,tier_a_primary,Tier_A_full_context,c08_exclude_weak_session_bucket,early_cash_30_60,-0.12775735294117646,0
2026.01.28 17:10:00,2026-01-28T17:10:00Z,oos,4504,0,Tier A,tier_a_primary,Tier_A_full_context,c08_exclude_weak_session_bucket,early_cash_30_60,-0.12775735294117646,0
2026.01.28 17:15:00,2026-01-28T17:15:00Z,oos,4505,0,Tier A,tier_a_primary,Tier_A_full_context,c08_exclude_weak_session_bucket,early_cash_30_60,-0.12775735294117646,0
2026.01.28 17:20:00,2026-01-28T17:20:00Z,oos,4506,0,Tier A,tier_a_primary,Tier_A_full_context,c08_exclude_weak_session_bucket,early_cash_30_60,-0.12775735294117646,0
2026.01.28 17:25:00,2026-01-28T17:25:00Z,oos,4507,0,Tier A,tier_a_primary,Tier_A_full_context,c08_exclude_weak_session_bucket,early_cash_30_60,-0.12775735294117646,0
2026.01.28 17:30:00,2026-01-28T17:30:00Z,oos,4508,0,Tier A,tier_a_primary,Tier_A_full_context,c08_exclude_weak_session_bucket,early_cash_30_60,-0.12775735294117646,0
2026.01.28 17:35:00,2026-01-28T17:35:00Z,oos,4509,0,Tier A,tier_a_primary,Tier_A_full_context,c08_exclude_weak_session_bucket,morning_60_120,-0.1698966408268734,0
2026.01.28 17:40:00,2026-01-28T17:40:00Z,oos,4510,0,Tier A,tier_a_primary,Tier_A_full_context,c08_exclude_weak_session_bucket,morning_60_120,-0.1698966408268734,0
2026.01.28 17:45:00,2026-01-28T17:45:00Z,oos,4511,0,Tier A,tier_a_primary,Tier_A_full_context,c08_exclude_weak_session_bucket,morning_60_120,-0.1698966408268734,0
2026.01.28 17:50:00,2026-01-28T17:50:00Z,oos,4512,0,Tier A,tier_a_primary,Tier_A_full_context,c08_exclude_weak_session_bucket,morning_60_120,-0.1698966408268734,0
2026.01.28 17:55:00,2026-01-28T17:55:00Z,oos,4513,0,Tier A,tier_a_primary,Tier_A_full_context,c08_exclude_weak_session_bucket,morning_60_120,-0.1698966408268734,0
2026.01.28 18:00:00,2026-01-28T18:00:00Z,oos,4514,0,Tier A,tier_a_primary,Tier_A_full_context,c08_exclude_weak_session_bucket,morning_60_120,-0.1698966408268734,0
2026.01.28 18:05:00,2026-01-28T18:05:00Z,oos,4515,1,Tier A,tier_a_primary,Tier_A_full_context,c08_exclude_weak_session_bucket,morning_60_120,-0.1698966408268734,1
2026.01.28 18:10:00,2026-01-28T18:10:00Z,oos,4516,0,Tier A,tier_a_primary,Tier_A_full_context,c08_exclude_weak_session_bucket,morning_60_120,-0.1698966408268734,0
2026.01.28 18:15:00,2026-01-28T18:15:00Z,oos,4517,0,Tier A,tier_a_primary,Tier_A_full_context,c08_exclude_weak_session_bucket,morning_60_120,-0.1698966408268734,0
2026.01.28 18:20:00,2026-01-28T18:20:00Z,oos,4518,0,Tier A,tier_a_primary,Tier_A_full_context,c08_exclude_weak_session_bucket,morning_60_120,-0.1698966408268734,0
2026.01.28 18:30:00,2026-01-28T18:30:00Z,oos,4519,1,Tier A,tier_a_primary,Tier_A_full_context,c08_exclude_weak_session_bucket,morning_60_120,-0.1698966408268734,1
2026.01.28 18:35:00,2026-01-28T18:35:00Z,oos,4520,0,Tier A,tier_a_primary,Tier_A_full_context,c08_exclude_weak_session_bucket,midday_lull_120_240,-0.1762380357885976,0
2026.01.28 18:40:00,2026-01-28T18:40:00Z,oos,4521,0,Tier A,tier_a_primary,Tier_A_full_context,c08_exclude_weak_session_bucket,midday_lull_120_240,-0.1762380357885976,0
2026.01.28 18:45:00,2026-01-28T18:45:00Z,oos,4522,0,Tier A,tier_a_primary,Tier_A_full_context,c08_exclude_weak_session_bucket,midday_lull_120_240,-0.1762380357885976,0
2026.01.28 18:50:00,2026-01-28T18:50:00Z,oos,4523,0,Tier A,tier_a_primary,Tier_A_full_context,c08_exclude_weak_session_bucket,midday_lull_120_240,-0.1762380357885976,0
2026.01.28 19:00:00,2026-01-28T19:00:00Z,oos,4524,0,Tier A,tier_a_primary,Tier_A_full_context,c08_exclude_weak_session_bucket,midday_lull_120_240,-0.1762380357885976,0
2026.01.28 19:05:00,2026-01-28T19:05:00Z,oos,4525,0,Tier A,tier_a_primary,Tier_A_full_context,c08_exclude_weak_session_bucket,midday_lull_120_240,-0.1762380357885976,0
2026.01.28 19:10:00,2026-01-28T19:10:00Z,oos,4526,0,Tier A,tier_a_primary,Tier_A_full_context,c08_exclude_weak_session_bucket,midday_lull_120_240,-0.1762380357885976,0
2026.01.28 19:15:00,2026-01-28T19:15:00Z,oos,4527,0,Tier A,tier_a_primary,Tier_A_full_context,c08_exclude_weak_session_bucket,midday_lull_120_240,-0.1762380357885976,0
2026.01.28 19:20:00,2026-01-28T19:20:00Z,oos,4528,0,Tier A,tier_a_primary,Tier_A_full_context,c08_exclude_weak_session_bucket,midday_lull_120_240,-0.1762380357885976,0
2026.01.28 19:25:00,2026-01-28T19:25:00Z,oos,4529,0,Tier A,tier_a_primary,Tier_A_full_context,c08_exclude_weak_session_bucket,midday_lull_120_240,-0.1762380357885976,0
2026.01.28 19:30:00,2026-01-28T19:30:00Z,oos,4530,0,Tier A,tier_a_primary,Tier_A_full_context,c08_exclude_weak_session_bucket,midday_lull_120_240,-0.1762380357885976,0
2026.01.28 19:40:00,2026-01-28T19:40:00Z,oos,4531,0,Tier A,tier_a_primary,Tier_A_full_context,c08_exclude_weak_session_bucket,midday_lull_120_240,-0.1762380357885976,0
2026.01.28 19:45:00,2026-01-28T19:45:00Z,oos,4532,0,Tier A,tier_a_primary,Tier_A_full_context,c08_exclude_weak_session_bucket,midday_lull_120_240,-0.1762380357885976,0
2026.01.28 19:50:00,2026-01-28T19:50:00Z,oos,4533,0,Tier A,tier_a_primary,Tier_A_full_context,c08_exclude_weak_session_bucket,midday_lull_120_240,-0.1762380357885976,0
2026.01.28 20:05:00,2026-01-28T20:05:00Z,oos,4534,0,Tier A,tier_a_primary,Tier_A_full_context,c08_exclude_weak_session_bucket,midday_lull_120_240,-0.1762380357885976,0
2026.01.28 20:10:00,2026-01-28T20:10:00Z,oos,4535,0,Tier A,tier_a_primary,Tier_A_full_context,c08_exclude_weak_session_bucket,midday_lull_120_240,-0.1762380357885976,0
2026.01.28 20:15:00,2026-01-28T20:15:00Z,oos,4536,0,Tier A,tier_a_primary,Tier_A_full_context,c08_exclude_weak_session_bucket,midday_lull_120_240,-0.1762380357885976,0
2026.01.28 20:20:00,2026-01-28T20:20:00Z,oos,4537,0,Tier A,tier_a_primary,Tier_A_full_context,c08_exclude_weak_session_bucket,midday_lull_120_240,-0.1762380357885976,0
2026.01.28 20:25:00,2026-01-28T20:25:00Z,oos,4538,0,Tier A,tier_a_primary,Tier_A_full_context,c08_exclude_weak_session_bucket,midday_lull_120_240,-0.1762380357885976,0
2026.01.28 20:35:00,2026-01-28T20:35:00Z,oos,4539,0,Tier A,tier_a_primary,Tier_A_full_context,c08_exclude_weak_session_bucket,late_cash_240_330,-0.17209668943772988,0
2026.01.28 20:40:00,2026-01-28T20:40:00Z,oos,4540,0,Tier A,tier_a_primary,Tier_A_full_context,c08_exclude_weak_session_bucket,late_cash_240_330,-0.17209668943772988,0
2026.01.28 20:50:00,2026-01-28T20:50:00Z,oos,4541,0,Tier A,tier_a_primary,Tier_A_full_context,c08_exclude_weak_session_bucket,late_cash_240_330,-0.17209668943772988,0
2026.01.28 20:55:00,2026-01-28T20:55:00Z,oos,4542,0,Tier A,tier_a_primary,Tier_A_full_context,c08_exclude_weak_session_bucket,late_cash_240_330,-0.17209668943772988,0
2026.01.28 21:00:00,2026-01-28T21:00:00Z,oos,4543,0,Tier A,tier_a_primary,Tier_A_full_context,c08_exclude_weak_session_bucket,late_cash_240_330,-0.17209668943772988,0
2026.01.28 21:05:00,2026-01-28T21:05:00Z,oos,4544,0,Tier A,tier_a_primary,Tier_A_full_context,c08_exclude_weak_session_bucket,late_cash_240_330,-0.17209668943772988,0
2026.01.28 21:10:00,2026-01-28T21:10:00Z,oos,4545,0,Tier A,tier_a_primary,Tier_A_full_context,c08_exclude_weak_session_bucket,late_cash_240_330,-0.17209668943772988,0
2026.01.28 21:15:00,2026-01-28T21:15:00Z,oos,4546,0,Tier A,tier_a_primary,Tier_A_full_context,c08_exclude_weak_session_bucket,late_cash_240_330,-0.17209668943772988,0
2026.01.28 21:20:00,2026-01-28T21:20:00Z,oos,4547,0,Tier A,tier_a_primary,Tier_A_full_context,c08_exclude_weak_session_bucket,late_cash_240_330,-0.17209668943772988,0
2026.01.28 21:25:00,2026-01-28T21:25:00Z,oos,4548,0,Tier A,tier_a_primary,Tier_A_full_context,c08_exclude_weak_session_bucket,late_cash_240_330,-0.17209668943772988,0
2026.01.28 21:30:00,2026-01-28T21:30:00Z,oos,4549,0,Tier A,tier_a_primary,Tier_A_full_context,c08_exclude_weak_session_bucket,late_cash_240_330,-0.17209668943772988,0
2026.01.28 21:35:00,2026-01-28T21:35:00Z,oos,4550,0,Tier A,tier_a_primary,Tier_A_full_context,c08_exclude_weak_session_bucket,late_cash_240_330,-0.17209668943772988,0
2026.01.28 21:40:00,2026-01-28T21:40:00Z,oos,4551,0,Tier A,tier_a_primary,Tier_A_full_context,c08_exclude_weak_session_bucket,late_cash_240_330,-0.17209668943772988,0
2026.01.28 21:45:00,2026-01-28T21:45:00Z,oos,4552,0,Tier A,tier_a_primary,Tier_A_full_context,c08_exclude_weak_session_bucket,late_cash_240_330,-0.17209668943772988,0
2026.01.28 21:50:00,2026-01-28T21:50:00Z,oos,4553,0,Tier A,tier_a_primary,Tier_A_full_context,c08_exclude_weak_session_bucket,late_cash_240_330,-0.17209668943772988,0
2026.01.28 21:55:00,2026-01-28T21:55:00Z,oos,4554,0,Tier A,tier_a_primary,Tier_A_full_context,c08_exclude_weak_session_bucket,late_cash_240_330,-0.17209668943772988,0
2026.01.28 22:00:00,2026-01-28T22:00:00Z,oos,4555,0,Tier A,tier_a_primary,Tier_A_full_context,c08_exclude_weak_session_bucket,late_cash_240_330,-0.17209668943772988,0
2026.01.29 16:35:00,2026-01-29T16:35:00Z,oos,4556,-1,Tier A,tier_a_primary,Tier_A_full_context,c08_exclude_weak_session_bucket,cash_open_0_30,-0.09635811836115327,-1
2026.01.29 16:40:00,2026-01-29T16:40:00Z,oos,4557,-1,Tier A,tier_a_primary,Tier_A_full_context,c08_exclude_weak_session_bucket,cash_open_0_30,-0.09635811836115327,-1
2026.01.29 16:45:00,2026-01-29T16:45:00Z,oos,4558,-1,Tier A,tier_a_primary,Tier_A_full_context,c08_exclude_weak_session_bucket,cash_open_0_30,-0.09635811836115327,-1
2026.01.29 16:50:00,2026-01-29T16:50:00Z,oos,4559,1,Tier A,tier_a_primary,Tier_A_full_context,c08_exclude_weak_session_bucket,cash_open_0_30,-0.09635811836115327,1
2026.01.29 16:55:00,2026-01-29T16:55:00Z,oos,4560,-1,Tier A,tier_a_primary,Tier_A_full_context,c08_exclude_weak_session_bucket,cash_open_0_30,-0.09635811836115327,-1
2026.01.29 17:00:00,2026-01-29T17:00:00Z,oos,4561,-1,Tier A,tier_a_primary,Tier_A_full_context,c08_exclude_weak_session_bucket,cash_open_0_30,-0.09635811836115327,-1
2026.01.29 17:05:00,2026-01-29T17:05:00Z,oos,4562,-1,Tier A,tier_a_primary,Tier_A_full_context,c08_exclude_weak_session_bucket,early_cash_30_60,-0.12775735294117646,-1
2026.01.29 17:10:00,2026-01-29T17:10:00Z,oos,4563,0,Tier A,tier_a_primary,Tier_A_full_context,c08_exclude_weak_session_bucket,early_cash_30_60,-0.12775735294117646,0
2026.01.29 17:15:00,2026-01-29T17:15:00Z,oos,4564,-1,Tier A,tier_a_primary,Tier_A_full_context,c08_exclude_weak_session_bucket,early_cash_30_60,-0.12775735294117646,-1
2026.01.29 17:20:00,2026-01-29T17:20:00Z,oos,4565,1,Tier A,tier_a_primary,Tier_A_full_context,c08_exclude_weak_session_bucket,early_cash_30_60,-0.12775735294117646,1
2026.01.29 17:25:00,2026-01-29T17:25:00Z,oos,4566,1,Tier A,tier_a_primary,Tier_A_full_context,c08_exclude_weak_session_bucket,early_cash_30_60,-0.12775735294117646,1
2026.01.29 17:30:00,2026-01-29T17:30:00Z,oos,4567,-1,Tier A,tier_a_primary,Tier_A_full_context,c08_exclude_weak_session_bucket,early_cash_30_60,-0.12775735294117646,-1
2026.01.29 17:35:00,2026-01-29T17:35:00Z,oos,4568,0,Tier A,tier_a_primary,Tier_A_full_context,c08_exclude_weak_session_bucket,morning_60_120,-0.1698966408268734,0
2026.01.29 17:40:00,2026-01-29T17:40:00Z,oos,4569,0,Tier A,tier_a_primary,Tier_A_full_context,c08_exclude_weak_session_bucket,morning_60_120,-0.1698966408268734,0
2026.01.29 17:45:00,2026-01-29T17:45:00Z,oos,4570,0,Tier A,tier_a_primary,Tier_A_full_context,c08_exclude_weak_session_bucket,morning_60_120,-0.1698966408268734,0
2026.01.29 17:50:00,2026-01-29T17:50:00Z,oos,4571,0,Tier A,tier_a_primary,Tier_A_full_context,c08_exclude_weak_session_bucket,morning_60_120,-0.1698966408268734,0
2026.01.29 17:55:00,2026-01-29T17:55:00Z,oos,4572,0,Tier A,tier_a_primary,Tier_A_full_context,c08_exclude_weak_session_bucket,morning_60_120,-0.1698966408268734,0
2026.01.29 18:00:00,2026-01-29T18:00:00Z,oos,4573,1,Tier A,tier_a_primary,Tier_A_full_context,c08_exclude_weak_session_bucket,morning_60_120,-0.1698966408268734,1
2026.01.29 18:05:00,2026-01-29T18:05:00Z,oos,4574,0,Tier A,tier_a_primary,Tier_A_full_context,c08_exclude_weak_session_bucket,morning_60_120,-0.1698966408268734,0
2026.01.29 18:10:00,2026-01-29T18:10:00Z,oos,4575,1,Tier A,tier_a_primary,Tier_A_full_context,c08_exclude_weak_session_bucket,morning_60_120,-0.1698966408268734,1
2026.01.29 18:15:00,2026-01-29T18:15:00Z,oos,4576,1,Tier A,tier_a_primary,Tier_A_full_context,c08_exclude_weak_session_bucket,morning_60_120,-0.1698966408268734,1
2026.01.29 18:20:00,2026-01-29T18:20:00Z,oos,4577,0,Tier A,tier_a_primary,Tier_A_full_context,c08_exclude_weak_session_bucket,morning_60_120,-0.1698966408268734,0
2026.01.29 18:25:00,2026-01-29T18:25:00Z,oos,4578,0,Tier A,tier_a_primary,Tier_A_full_context,c08_exclude_weak_session_bucket,morning_60_120,-0.1698966408268734,0
2026.01.29 18:30:00,2026-01-29T18:30:00Z,oos,4579,0,Tier A,tier_a_primary,Tier_A_full_context,c08_exclude_weak_session_bucket,morning_60_120,-0.1698966408268734,0
2026.01.29 18:35:00,2026-01-29T18:35:00Z,oos,4580,0,Tier A,tier_a_primary,Tier_A_full_context,c08_exclude_weak_session_bucket,midday_lull_120_240,-0.1762380357885976,0
2026.01.29 18:40:00,2026-01-29T18:40:00Z,oos,4581,0,Tier A,tier_a_primary,Tier_A_full_context,c08_exclude_weak_session_bucket,midday_lull_120_240,-0.1762380357885976,0
2026.01.29 18:45:00,2026-01-29T18:45:00Z,oos,4582,0,Tier A,tier_a_primary,Tier_A_full_context,c08_exclude_weak_session_bucket,midday_lull_120_240,-0.1762380357885976,0
2026.01.29 18:50:00,2026-01-29T18:50:00Z,oos,4583,0,Tier A,tier_a_primary,Tier_A_full_context,c08_exclude_weak_session_bucket,midday_lull_120_240,-0.1762380357885976,0
2026.01.29 18:55:00,2026-01-29T18:55:00Z,oos,4584,0,Tier A,tier_a_primary,Tier_A_full_context,c08_exclude_weak_session_bucket,midday_lull_120_240,-0.1762380357885976,0
2026.01.29 19:10:00,2026-01-29T19:10:00Z,oos,4585,0,Tier A,tier_a_primary,Tier_A_full_context,c08_exclude_weak_session_bucket,midday_lull_120_240,-0.1762380357885976,0
2026.01.29 19:15:00,2026-01-29T19:15:00Z,oos,4586,0,Tier A,tier_a_primary,Tier_A_full_context,c08_exclude_weak_session_bucket,midday_lull_120_240,-0.1762380357885976,0
2026.01.29 19:20:00,2026-01-29T19:20:00Z,oos,4587,0,Tier A,tier_a_primary,Tier_A_full_context,c08_exclude_weak_session_bucket,midday_lull_120_240,-0.1762380357885976,0
2026.01.29 19:25:00,2026-01-29T19:25:00Z,oos,4588,0,Tier A,tier_a_primary,Tier_A_full_context,c08_exclude_weak_session_bucket,midday_lull_120_240,-0.1762380357885976,0
2026.01.29 19:30:00,2026-01-29T19:30:00Z,oos,4589,0,Tier A,tier_a_primary,Tier_A_full_context,c08_exclude_weak_session_bucket,midday_lull_120_240,-0.1762380357885976,0
2026.01.29 19:35:00,2026-01-29T19:35:00Z,oos,4590,0,Tier A,tier_a_primary,Tier_A_full_context,c08_exclude_weak_session_bucket,midday_lull_120_240,-0.1762380357885976,0
2026.01.29 19:40:00,2026-01-29T19:40:00Z,oos,4591,0,Tier A,tier_a_primary,Tier_A_full_context,c08_exclude_weak_session_bucket,midday_lull_120_240,-0.1762380357885976,0
2026.01.29 19:45:00,2026-01-29T19:45:00Z,oos,4592,0,Tier A,tier_a_primary,Tier_A_full_context,c08_exclude_weak_session_bucket,midday_lull_120_240,-0.1762380357885976,0
2026.01.29 19:50:00,2026-01-29T19:50:00Z,oos,4593,0,Tier A,tier_a_primary,Tier_A_full_context,c08_exclude_weak_session_bucket,midday_lull_120_240,-0.1762380357885976,0
2026.01.29 19:55:00,2026-01-29T19:55:00Z,oos,4594,0,Tier A,tier_a_primary,Tier_A_full_context,c08_exclude_weak_session_bucket,midday_lull_120_240,-0.1762380357885976,0
2026.01.29 20:00:00,2026-01-29T20:00:00Z,oos,4595,0,Tier A,tier_a_primary,Tier_A_full_context,c08_exclude_weak_session_bucket,midday_lull_120_240,-0.1762380357885976,0
2026.01.29 20:05:00,2026-01-29T20:05:00Z,oos,4596,0,Tier A,tier_a_primary,Tier_A_full_context,c08_exclude_weak_session_bucket,midday_lull_120_240,-0.1762380357885976,0
2026.01.29 20:10:00,2026-01-29T20:10:00Z,oos,4597,0,Tier A,tier_a_primary,Tier_A_full_context,c08_exclude_weak_session_bucket,midday_lull_120_240,-0.1762380357885976,0
2026.01.29 20:15:00,2026-01-29T20:15:00Z,oos,4598,0,Tier A,tier_a_primary,Tier_A_full_context,c08_exclude_weak_session_bucket,midday_lull_120_240,-0.1762380357885976,0
2026.01.29 20:20:00,2026-01-29T20:20:00Z,oos,4599,0,Tier A,tier_a_primary,Tier_A_full_context,c08_exclude_weak_session_bucket,midday_lull_120_240,-0.1762380357885976,0
2026.01.29 20:25:00,2026-01-29T20:25:00Z,oos,4600,0,Tier A,tier_a_primary,Tier_A_full_context,c08_exclude_weak_session_bucket,midday_lull_120_240,-0.1762380357885976,0
2026.01.29 20:30:00,2026-01-29T20:30:00Z,oos,4601,0,Tier A,tier_a_primary,Tier_A_full_context,c08_exclude_weak_session_bucket,midday_lull_120_240,-0.1762380357885976,0
2026.01.29 20:35:00,2026-01-29T20:35:00Z,oos,4602,0,Tier A,tier_a_primary,Tier_A_full_context,c08_exclude_weak_session_bucket,late_cash_240_330,-0.17209668943772988,0
2026.01.29 20:40:00,2026-01-29T20:40:00Z,oos,4603,0,Tier A,tier_a_primary,Tier_A_full_context,c08_exclude_weak_session_bucket,late_cash_240_330,-0.17209668943772988,0
2026.01.29 20:45:00,2026-01-29T20:45:00Z,oos,4604,0,Tier A,tier_a_primary,Tier_A_full_context,c08_exclude_weak_session_bucket,late_cash_240_330,-0.17209668943772988,0
2026.01.29 20:50:00,2026-01-29T20:50:00Z,oos,4605,0,Tier A,tier_a_primary,Tier_A_full_context,c08_exclude_weak_session_bucket,late_cash_240_330,-0.17209668943772988,0
2026.01.29 20:55:00,2026-01-29T20:55:00Z,oos,4606,0,Tier A,tier_a_primary,Tier_A_full_context,c08_exclude_weak_session_bucket,late_cash_240_330,-0.17209668943772988,0
2026.01.29 21:05:00,2026-01-29T21:05:00Z,oos,4607,0,Tier A,tier_a_primary,Tier_A_full_context,c08_exclude_weak_session_bucket,late_cash_240_330,-0.17209668943772988,0
2026.01.29 21:10:00,2026-01-29T21:10:00Z,oos,4608,0,Tier A,tier_a_primary,Tier_A_full_context,c08_exclude_weak_session_bucket,late_cash_240_330,-0.17209668943772988,0
2026.01.29 21:20:00,2026-01-29T21:20:00Z,oos,4609,0,Tier A,tier_a_primary,Tier_A_full_context,c08_exclude_weak_session_bucket,late_cash_240_330,-0.17209668943772988,0
2026.01.29 21:25:00,2026-01-29T21:25:00Z,oos,4610,0,Tier A,tier_a_primary,Tier_A_full_context,c08_exclude_weak_session_bucket,late_cash_240_330,-0.17209668943772988,0
2026.01.29 21:30:00,2026-01-29T21:30:00Z,oos,4611,0,Tier A,tier_a_primary,Tier_A_full_context,c08_exclude_weak_session_bucket,late_cash_240_330,-0.17209668943772988,0
2026.01.29 21:35:00,2026-01-29T21:35:00Z,oos,4612,0,Tier A,tier_a_primary,Tier_A_full_context,c08_exclude_weak_session_bucket,late_cash_240_330,-0.17209668943772988,0
2026.01.29 21:40:00,2026-01-29T21:40:00Z,oos,4613,0,Tier A,tier_a_primary,Tier_A_full_context,c08_exclude_weak_session_bucket,late_cash_240_330,-0.17209668943772988,0
2026.01.29 21:45:00,2026-01-29T21:45:00Z,oos,4614,0,Tier A,tier_a_primary,Tier_A_full_context,c08_exclude_weak_session_bucket,late_cash_240_330,-0.17209668943772988,0
2026.01.29 21:50:00,2026-01-29T21:50:00Z,oos,4615,0,Tier A,tier_a_primary,Tier_A_full_context,c08_exclude_weak_session_bucket,late_cash_240_330,-0.17209668943772988,0
2026.01.30 16:35:00,2026-01-30T16:35:00Z,oos,4616,0,Tier A,tier_a_primary,Tier_A_full_context,c08_exclude_weak_session_bucket,cash_open_0_30,-0.09635811836115327,0
2026.01.30 16:40:00,2026-01-30T16:40:00Z,oos,4617,0,Tier A,tier_a_primary,Tier_A_full_context,c08_exclude_weak_session_bucket,cash_open_0_30,-0.09635811836115327,0
2026.01.30 16:45:00,2026-01-30T16:45:00Z,oos,4618,0,Tier A,tier_a_primary,Tier_A_full_context,c08_exclude_weak_session_bucket,cash_open_0_30,-0.09635811836115327,0
2026.01.30 16:50:00,2026-01-30T16:50:00Z,oos,4619,0,Tier A,tier_a_primary,Tier_A_full_context,c08_exclude_weak_session_bucket,cash_open_0_30,-0.09635811836115327,0
2026.01.30 16:55:00,2026-01-30T16:55:00Z,oos,4620,0,Tier A,tier_a_primary,Tier_A_full_context,c08_exclude_weak_session_bucket,cash_open_0_30,-0.09635811836115327,0
2026.01.30 17:00:00,2026-01-30T17:00:00Z,oos,4621,0,Tier A,tier_a_primary,Tier_A_full_context,c08_exclude_weak_session_bucket,cash_open_0_30,-0.09635811836115327,0
2026.01.30 17:05:00,2026-01-30T17:05:00Z,oos,4622,0,Tier A,tier_a_primary,Tier_A_full_context,c08_exclude_weak_session_bucket,early_cash_30_60,-0.12775735294117646,0
2026.01.30 17:10:00,2026-01-30T17:10:00Z,oos,4623,0,Tier A,tier_a_primary,Tier_A_full_context,c08_exclude_weak_session_bucket,early_cash_30_60,-0.12775735294117646,0
2026.01.30 17:15:00,2026-01-30T17:15:00Z,oos,4624,0,Tier A,tier_a_primary,Tier_A_full_context,c08_exclude_weak_session_bucket,early_cash_30_60,-0.12775735294117646,0
2026.01.30 17:20:00,2026-01-30T17:20:00Z,oos,4625,0,Tier A,tier_a_primary,Tier_A_full_context,c08_exclude_weak_session_bucket,early_cash_30_60,-0.12775735294117646,0
2026.01.30 17:25:00,2026-01-30T17:25:00Z,oos,4626,0,Tier A,tier_a_primary,Tier_A_full_context,c08_exclude_weak_session_bucket,early_cash_30_60,-0.12775735294117646,0
2026.01.30 17:30:00,2026-01-30T17:30:00Z,oos,4627,0,Tier A,tier_a_primary,Tier_A_full_context,c08_exclude_weak_session_bucket,early_cash_30_60,-0.12775735294117646,0
2026.01.30 17:35:00,2026-01-30T17:35:00Z,oos,4628,0,Tier A,tier_a_primary,Tier_A_full_context,c08_exclude_weak_session_bucket,morning_60_120,-0.1698966408268734,0
2026.01.30 17:40:00,2026-01-30T17:40:00Z,oos,4629,0,Tier A,tier_a_primary,Tier_A_full_context,c08_exclude_weak_session_bucket,morning_60_120,-0.1698966408268734,0
2026.01.30 17:45:00,2026-01-30T17:45:00Z,oos,4630,0,Tier A,tier_a_primary,Tier_A_full_context,c08_exclude_weak_session_bucket,morning_60_120,-0.1698966408268734,0
2026.01.30 17:50:00,2026-01-30T17:50:00Z,oos,4631,0,Tier A,tier_a_primary,Tier_A_full_context,c08_exclude_weak_session_bucket,morning_60_120,-0.1698966408268734,0
2026.01.30 17:55:00,2026-01-30T17:55:00Z,oos,4632,0,Tier A,tier_a_primary,Tier_A_full_context,c08_exclude_weak_session_bucket,morning_60_120,-0.1698966408268734,0
2026.01.30 18:00:00,2026-01-30T18:00:00Z,oos,4633,0,Tier A,tier_a_primary,Tier_A_full_context,c08_exclude_weak_session_bucket,morning_60_120,-0.1698966408268734,0
2026.01.30 18:05:00,2026-01-30T18:05:00Z,oos,4634,0,Tier A,tier_a_primary,Tier_A_full_context,c08_exclude_weak_session_bucket,morning_60_120,-0.1698966408268734,0
2026.01.30 18:10:00,2026-01-30T18:10:00Z,oos,4635,0,Tier A,tier_a_primary,Tier_A_full_context,c08_exclude_weak_session_bucket,morning_60_120,-0.1698966408268734,0
2026.01.30 18:15:00,2026-01-30T18:15:00Z,oos,4636,0,Tier A,tier_a_primary,Tier_A_full_context,c08_exclude_weak_session_bucket,morning_60_120,-0.1698966408268734,0
2026.01.30 18:20:00,2026-01-30T18:20:00Z,oos,4637,0,Tier A,tier_a_primary,Tier_A_full_context,c08_exclude_weak_session_bucket,morning_60_120,-0.1698966408268734,0
2026.01.30 18:25:00,2026-01-30T18:25:00Z,oos,4638,0,Tier A,tier_a_primary,Tier_A_full_context,c08_exclude_weak_session_bucket,morning_60_120,-0.1698966408268734,0
2026.01.30 18:30:00,2026-01-30T18:30:00Z,oos,4639,0,Tier A,tier_a_primary,Tier_A_full_context,c08_exclude_weak_session_bucket,morning_60_120,-0.1698966408268734,0
2026.01.30 18:35:00,2026-01-30T18:35:00Z,oos,4640,0,Tier A,tier_a_primary,Tier_A_full_context,c08_exclude_weak_session_bucket,midday_lull_120_240,-0.1762380357885976,0
2026.01.30 18:40:00,2026-01-30T18:40:00Z,oos,4641,0,Tier A,tier_a_primary,Tier_A_full_context,c08_exclude_weak_session_bucket,midday_lull_120_240,-0.1762380357885976,0
2026.01.30 18:45:00,2026-01-30T18:45:00Z,oos,4642,0,Tier A,tier_a_primary,Tier_A_full_context,c08_exclude_weak_session_bucket,midday_lull_120_240,-0.1762380357885976,0
2026.01.30 18:50:00,2026-01-30T18:50:00Z,oos,4643,0,Tier A,tier_a_primary,Tier_A_full_context,c08_exclude_weak_session_bucket,midday_lull_120_240,-0.1762380357885976,0
2026.01.30 18:55:00,2026-01-30T18:55:00Z,oos,4644,0,Tier A,tier_a_primary,Tier_A_full_context,c08_exclude_weak_session_bucket,midday_lull_120_240,-0.1762380357885976,0
2026.01.30 19:00:00,2026-01-30T19:00:00Z,oos,4645,0,Tier A,tier_a_primary,Tier_A_full_context,c08_exclude_weak_session_bucket,midday_lull_120_240,-0.1762380357885976,0
2026.01.30 19:05:00,2026-01-30T19:05:00Z,oos,4646,0,Tier A,tier_a_primary,Tier_A_full_context,c08_exclude_weak_session_bucket,midday_lull_120_240,-0.1762380357885976,0
2026.01.30 19:10:00,2026-01-30T19:10:00Z,oos,4647,0,Tier A,tier_a_primary,Tier_A_full_context,c08_exclude_weak_session_bucket,midday_lull_120_240,-0.1762380357885976,0
2026.01.30 19:15:00,2026-01-30T19:15:00Z,oos,4648,0,Tier A,tier_a_primary,Tier_A_full_context,c08_exclude_weak_session_bucket,midday_lull_120_240,-0.1762380357885976,0
2026.01.30 19:20:00,2026-01-30T19:20:00Z,oos,4649,0,Tier A,tier_a_primary,Tier_A_full_context,c08_exclude_weak_session_bucket,midday_lull_120_240,-0.1762380357885976,0
2026.01.30 19:25:00,2026-01-30T19:25:00Z,oos,4650,0,Tier A,tier_a_primary,Tier_A_full_context,c08_exclude_weak_session_bucket,midday_lull_120_240,-0.1762380357885976,0
2026.01.30 19:30:00,2026-01-30T19:30:00Z,oos,4651,0,Tier A,tier_a_primary,Tier_A_full_context,c08_exclude_weak_session_bucket,midday_lull_120_240,-0.1762380357885976,0
2026.01.30 19:35:00,2026-01-30T19:35:00Z,oos,4652,0,Tier A,tier_a_primary,Tier_A_full_context,c08_exclude_weak_session_bucket,midday_lull_120_240,-0.1762380357885976,0
2026.01.30 19:40:00,2026-01-30T19:40:00Z,oos,4653,0,Tier A,tier_a_primary,Tier_A_full_context,c08_exclude_weak_session_bucket,midday_lull_120_240,-0.1762380357885976,0
2026.01.30 19:45:00,2026-01-30T19:45:00Z,oos,4654,0,Tier A,tier_a_primary,Tier_A_full_context,c08_exclude_weak_session_bucket,midday_lull_120_240,-0.1762380357885976,0
2026.01.30 19:50:00,2026-01-30T19:50:00Z,oos,4655,0,Tier A,tier_a_primary,Tier_A_full_context,c08_exclude_weak_session_bucket,midday_lull_120_240,-0.1762380357885976,0
2026.01.30 19:55:00,2026-01-30T19:55:00Z,oos,4656,0,Tier A,tier_a_primary,Tier_A_full_context,c08_exclude_weak_session_bucket,midday_lull_120_240,-0.1762380357885976,0
2026.01.30 20:00:00,2026-01-30T20:00:00Z,oos,4657,0,Tier A,tier_a_primary,Tier_A_full_context,c08_exclude_weak_session_bucket,midday_lull_120_240,-0.1762380357885976,0
2026.01.30 20:05:00,2026-01-30T20:05:00Z,oos,4658,0,Tier A,tier_a_primary,Tier_A_full_context,c08_exclude_weak_session_bucket,midday_lull_120_240,-0.1762380357885976,0
2026.01.30 20:10:00,2026-01-30T20:10:00Z,oos,4659,0,Tier A,tier_a_primary,Tier_A_full_context,c08_exclude_weak_session_bucket,midday_lull_120_240,-0.1762380357885976,0
2026.01.30 20:15:00,2026-01-30T20:15:00Z,oos,4660,0,Tier A,tier_a_primary,Tier_A_full_context,c08_exclude_weak_session_bucket,midday_lull_120_240,-0.1762380357885976,0
2026.01.30 20:20:00,2026-01-30T20:20:00Z,oos,4661,0,Tier A,tier_a_primary,Tier_A_full_context,c08_exclude_weak_session_bucket,midday_lull_120_240,-0.1762380357885976,0
2026.01.30 20:25:00,2026-01-30T20:25:00Z,oos,4662,0,Tier A,tier_a_primary,Tier_A_full_context,c08_exclude_weak_session_bucket,midday_lull_120_240,-0.1762380357885976,0
2026.01.30 20:30:00,2026-01-30T20:30:00Z,oos,4663,0,Tier A,tier_a_primary,Tier_A_full_context,c08_exclude_weak_session_bucket,midday_lull_120_240,-0.1762380357885976,0
2026.01.30 20:35:00,2026-01-30T20:35:00Z,oos,4664,0,Tier A,tier_a_primary,Tier_A_full_context,c08_exclude_weak_session_bucket,late_cash_240_330,-0.17209668943772988,0
2026.01.30 20:40:00,2026-01-30T20:40:00Z,oos,4665,0,Tier A,tier_a_primary,Tier_A_full_context,c08_exclude_weak_session_bucket,late_cash_240_330,-0.17209668943772988,0
2026.01.30 20:45:00,2026-01-30T20:45:00Z,oos,4666,0,Tier A,tier_a_primary,Tier_A_full_context,c08_exclude_weak_session_bucket,late_cash_240_330,-0.17209668943772988,0
2026.01.30 20:50:00,2026-01-30T20:50:00Z,oos,4667,0,Tier A,tier_a_primary,Tier_A_full_context,c08_exclude_weak_session_bucket,late_cash_240_330,-0.17209668943772988,0
2026.01.30 20:55:00,2026-01-30T20:55:00Z,oos,4668,0,Tier A,tier_a_primary,Tier_A_full_context,c08_exclude_weak_session_bucket,late_cash_240_330,-0.17209668943772988,0
2026.01.30 21:00:00,2026-01-30T21:00:00Z,oos,4669,0,Tier A,tier_a_primary,Tier_A_full_context,c08_exclude_weak_session_bucket,late_cash_240_330,-0.17209668943772988,0
2026.01.30 21:05:00,2026-01-30T21:05:00Z,oos,4670,0,Tier A,tier_a_primary,Tier_A_full_context,c08_exclude_weak_session_bucket,late_cash_240_330,-0.17209668943772988,0
2026.01.30 21:10:00,2026-01-30T21:10:00Z,oos,4671,0,Tier A,tier_a_primary,Tier_A_full_context,c08_exclude_weak_session_bucket,late_cash_240_330,-0.17209668943772988,0
2026.01.30 21:15:00,2026-01-30T21:15:00Z,oos,4672,0,Tier A,tier_a_primary,Tier_A_full_context,c08_exclude_weak_session_bucket,late_cash_240_330,-0.17209668943772988,0
2026.01.30 21:20:00,2026-01-30T21:20:00Z,oos,4673,0,Tier A,tier_a_primary,Tier_A_full_context,c08_exclude_weak_session_bucket,late_cash_240_330,-0.17209668943772988,0
2026.01.30 21:30:00,2026-01-30T21:30:00Z,oos,4674,0,Tier A,tier_a_primary,Tier_A_full_context,c08_exclude_weak_session_bucket,late_cash_240_330,-0.17209668943772988,0
2026.01.30 21:35:00,2026-01-30T21:35:00Z,oos,4675,0,Tier A,tier_a_primary,Tier_A_full_context,c08_exclude_weak_session_bucket,late_cash_240_330,-0.17209668943772988,0
2026.01.30 21:40:00,2026-01-30T21:40:00Z,oos,4676,0,Tier A,tier_a_primary,Tier_A_full_context,c08_exclude_weak_session_bucket,late_cash_240_330,-0.17209668943772988,0
2026.01.30 21:45:00,2026-01-30T21:45:00Z,oos,4677,0,Tier A,tier_a_primary,Tier_A_full_context,c08_exclude_weak_session_bucket,late_cash_240_330,-0.17209668943772988,0
2026.01.30 21:50:00,2026-01-30T21:50:00Z,oos,4678,0,Tier A,tier_a_primary,Tier_A_full_context,c08_exclude_weak_session_bucket,late_cash_240_330,-0.17209668943772988,0
2026.01.30 21:55:00,2026-01-30T21:55:00Z,oos,4679,0,Tier A,tier_a_primary,Tier_A_full_context,c08_exclude_weak_session_bucket,late_cash_240_330,-0.17209668943772988,0
2026.01.30 22:00:00,2026-01-30T22:00:00Z,oos,4680,0,Tier A,tier_a_primary,Tier_A_full_context,c08_exclude_weak_session_bucket,late_cash_240_330,-0.17209668943772988,0
2026.02.02 16:35:00,2026-02-02T16:35:00Z,oos,4681,1,Tier A,tier_a_primary,Tier_A_full_context,c08_exclude_weak_session_bucket,cash_open_0_30,-0.09635811836115327,1
2026.02.02 16:40:00,2026-02-02T16:40:00Z,oos,4682,1,Tier A,tier_a_primary,Tier_A_full_context,c08_exclude_weak_session_bucket,cash_open_0_30,-0.09635811836115327,1
2026.02.02 16:45:00,2026-02-02T16:45:00Z,oos,4683,0,Tier A,tier_a_primary,Tier_A_full_context,c08_exclude_weak_session_bucket,cash_open_0_30,-0.09635811836115327,0
2026.02.02 16:50:00,2026-02-02T16:50:00Z,oos,4684,0,Tier A,tier_a_primary,Tier_A_full_context,c08_exclude_weak_session_bucket,cash_open_0_30,-0.09635811836115327,0
2026.02.02 16:55:00,2026-02-02T16:55:00Z,oos,4685,0,Tier A,tier_a_primary,Tier_A_full_context,c08_exclude_weak_session_bucket,cash_open_0_30,-0.09635811836115327,0
2026.02.02 17:00:00,2026-02-02T17:00:00Z,oos,4686,-1,Tier A,tier_a_primary,Tier_A_full_context,c08_exclude_weak_session_bucket,cash_open_0_30,-0.09635811836115327,-1
2026.02.02 17:05:00,2026-02-02T17:05:00Z,oos,4687,1,Tier A,tier_a_primary,Tier_A_full_context,c08_exclude_weak_session_bucket,early_cash_30_60,-0.12775735294117646,1
2026.02.02 17:10:00,2026-02-02T17:10:00Z,oos,4688,0,Tier A,tier_a_primary,Tier_A_full_context,c08_exclude_weak_session_bucket,early_cash_30_60,-0.12775735294117646,0
2026.02.02 17:15:00,2026-02-02T17:15:00Z,oos,4689,1,Tier A,tier_a_primary,Tier_A_full_context,c08_exclude_weak_session_bucket,early_cash_30_60,-0.12775735294117646,1
2026.02.02 17:20:00,2026-02-02T17:20:00Z,oos,4690,0,Tier A,tier_a_primary,Tier_A_full_context,c08_exclude_weak_session_bucket,early_cash_30_60,-0.12775735294117646,0
2026.02.02 17:25:00,2026-02-02T17:25:00Z,oos,4691,-1,Tier A,tier_a_primary,Tier_A_full_context,c08_exclude_weak_session_bucket,early_cash_30_60,-0.12775735294117646,-1
2026.02.02 17:30:00,2026-02-02T17:30:00Z,oos,4692,-1,Tier A,tier_a_primary,Tier_A_full_context,c08_exclude_weak_session_bucket,early_cash_30_60,-0.12775735294117646,-1
2026.02.02 17:35:00,2026-02-02T17:35:00Z,oos,4693,0,Tier A,tier_a_primary,Tier_A_full_context,c08_exclude_weak_session_bucket,morning_60_120,-0.1698966408268734,0
2026.02.02 17:40:00,2026-02-02T17:40:00Z,oos,4694,0,Tier A,tier_a_primary,Tier_A_full_context,c08_exclude_weak_session_bucket,morning_60_120,-0.1698966408268734,0
2026.02.02 17:45:00,2026-02-02T17:45:00Z,oos,4695,-1,Tier A,tier_a_primary,Tier_A_full_context,c08_exclude_weak_session_bucket,morning_60_120,-0.1698966408268734,-1
2026.02.02 17:50:00,2026-02-02T17:50:00Z,oos,4696,-1,Tier A,tier_a_primary,Tier_A_full_context,c08_exclude_weak_session_bucket,morning_60_120,-0.1698966408268734,-1
2026.02.02 17:55:00,2026-02-02T17:55:00Z,oos,4697,0,Tier A,tier_a_primary,Tier_A_full_context,c08_exclude_weak_session_bucket,morning_60_120,-0.1698966408268734,0
2026.02.02 18:00:00,2026-02-02T18:00:00Z,oos,4698,-1,Tier A,tier_a_primary,Tier_A_full_context,c08_exclude_weak_session_bucket,morning_60_120,-0.1698966408268734,-1
2026.02.02 18:05:00,2026-02-02T18:05:00Z,oos,4699,-1,Tier A,tier_a_primary,Tier_A_full_context,c08_exclude_weak_session_bucket,morning_60_120,-0.1698966408268734,-1
2026.02.02 18:10:00,2026-02-02T18:10:00Z,oos,4700,0,Tier A,tier_a_primary,Tier_A_full_context,c08_exclude_weak_session_bucket,morning_60_120,-0.1698966408268734,0
2026.02.02 18:15:00,2026-02-02T18:15:00Z,oos,4701,0,Tier A,tier_a_primary,Tier_A_full_context,c08_exclude_weak_session_bucket,morning_60_120,-0.1698966408268734,0
2026.02.02 18:20:00,2026-02-02T18:20:00Z,oos,4702,0,Tier A,tier_a_primary,Tier_A_full_context,c08_exclude_weak_session_bucket,morning_60_120,-0.1698966408268734,0
2026.02.02 18:25:00,2026-02-02T18:25:00Z,oos,4703,0,Tier A,tier_a_primary,Tier_A_full_context,c08_exclude_weak_session_bucket,morning_60_120,-0.1698966408268734,0
2026.02.02 18:30:00,2026-02-02T18:30:00Z,oos,4704,0,Tier A,tier_a_primary,Tier_A_full_context,c08_exclude_weak_session_bucket,morning_60_120,-0.1698966408268734,0
2026.02.02 18:35:00,2026-02-02T18:35:00Z,oos,4705,0,Tier A,tier_a_primary,Tier_A_full_context,c08_exclude_weak_session_bucket,midday_lull_120_240,-0.1762380357885976,0
2026.02.02 18:40:00,2026-02-02T18:40:00Z,oos,4706,0,Tier A,tier_a_primary,Tier_A_full_context,c08_exclude_weak_session_bucket,midday_lull_120_240,-0.1762380357885976,0
2026.02.02 18:45:00,2026-02-02T18:45:00Z,oos,4707,0,Tier A,tier_a_primary,Tier_A_full_context,c08_exclude_weak_session_bucket,midday_lull_120_240,-0.1762380357885976,0
2026.02.02 18:55:00,2026-02-02T18:55:00Z,oos,4708,0,Tier A,tier_a_primary,Tier_A_full_context,c08_exclude_weak_session_bucket,midday_lull_120_240,-0.1762380357885976,0
2026.02.02 19:00:00,2026-02-02T19:00:00Z,oos,4709,0,Tier A,tier_a_primary,Tier_A_full_context,c08_exclude_weak_session_bucket,midday_lull_120_240,-0.1762380357885976,0
2026.02.02 19:05:00,2026-02-02T19:05:00Z,oos,4710,0,Tier A,tier_a_primary,Tier_A_full_context,c08_exclude_weak_session_bucket,midday_lull_120_240,-0.1762380357885976,0
2026.02.02 19:10:00,2026-02-02T19:10:00Z,oos,4711,0,Tier A,tier_a_primary,Tier_A_full_context,c08_exclude_weak_session_bucket,midday_lull_120_240,-0.1762380357885976,0
2026.02.02 19:20:00,2026-02-02T19:20:00Z,oos,4712,0,Tier A,tier_a_primary,Tier_A_full_context,c08_exclude_weak_session_bucket,midday_lull_120_240,-0.1762380357885976,0
2026.02.02 19:25:00,2026-02-02T19:25:00Z,oos,4713,0,Tier A,tier_a_primary,Tier_A_full_context,c08_exclude_weak_session_bucket,midday_lull_120_240,-0.1762380357885976,0
2026.02.02 19:30:00,2026-02-02T19:30:00Z,oos,4714,0,Tier A,tier_a_primary,Tier_A_full_context,c08_exclude_weak_session_bucket,midday_lull_120_240,-0.1762380357885976,0
2026.02.02 19:35:00,2026-02-02T19:35:00Z,oos,4715,0,Tier A,tier_a_primary,Tier_A_full_context,c08_exclude_weak_session_bucket,midday_lull_120_240,-0.1762380357885976,0
2026.02.02 19:40:00,2026-02-02T19:40:00Z,oos,4716,0,Tier A,tier_a_primary,Tier_A_full_context,c08_exclude_weak_session_bucket,midday_lull_120_240,-0.1762380357885976,0
2026.02.02 19:45:00,2026-02-02T19:45:00Z,oos,4717,0,Tier A,tier_a_primary,Tier_A_full_context,c08_exclude_weak_session_bucket,midday_lull_120_240,-0.1762380357885976,0
2026.02.02 19:50:00,2026-02-02T19:50:00Z,oos,4718,0,Tier A,tier_a_primary,Tier_A_full_context,c08_exclude_weak_session_bucket,midday_lull_120_240,-0.1762380357885976,0
2026.02.02 19:55:00,2026-02-02T19:55:00Z,oos,4719,0,Tier A,tier_a_primary,Tier_A_full_context,c08_exclude_weak_session_bucket,midday_lull_120_240,-0.1762380357885976,0
2026.02.02 20:00:00,2026-02-02T20:00:00Z,oos,4720,0,Tier A,tier_a_primary,Tier_A_full_context,c08_exclude_weak_session_bucket,midday_lull_120_240,-0.1762380357885976,0
2026.02.02 20:05:00,2026-02-02T20:05:00Z,oos,4721,0,Tier A,tier_a_primary,Tier_A_full_context,c08_exclude_weak_session_bucket,midday_lull_120_240,-0.1762380357885976,0
2026.02.02 20:10:00,2026-02-02T20:10:00Z,oos,4722,0,Tier A,tier_a_primary,Tier_A_full_context,c08_exclude_weak_session_bucket,midday_lull_120_240,-0.1762380357885976,0
2026.02.02 20:15:00,2026-02-02T20:15:00Z,oos,4723,0,Tier A,tier_a_primary,Tier_A_full_context,c08_exclude_weak_session_bucket,midday_lull_120_240,-0.1762380357885976,0
2026.02.02 20:25:00,2026-02-02T20:25:00Z,oos,4724,0,Tier A,tier_a_primary,Tier_A_full_context,c08_exclude_weak_session_bucket,midday_lull_120_240,-0.1762380357885976,0
2026.02.02 20:30:00,2026-02-02T20:30:00Z,oos,4725,0,Tier A,tier_a_primary,Tier_A_full_context,c08_exclude_weak_session_bucket,midday_lull_120_240,-0.1762380357885976,0
2026.02.02 20:40:00,2026-02-02T20:40:00Z,oos,4726,0,Tier A,tier_a_primary,Tier_A_full_context,c08_exclude_weak_session_bucket,late_cash_240_330,-0.17209668943772988,0
2026.02.02 20:55:00,2026-02-02T20:55:00Z,oos,4727,0,Tier A,tier_a_primary,Tier_A_full_context,c08_exclude_weak_session_bucket,late_cash_240_330,-0.17209668943772988,0
2026.02.02 21:00:00,2026-02-02T21:00:00Z,oos,4728,1,Tier A,tier_a_primary,Tier_A_full_context,c08_exclude_weak_session_bucket,late_cash_240_330,-0.17209668943772988,1
2026.02.02 21:10:00,2026-02-02T21:10:00Z,oos,4729,0,Tier A,tier_a_primary,Tier_A_full_context,c08_exclude_weak_session_bucket,late_cash_240_330,-0.17209668943772988,0
2026.02.02 21:15:00,2026-02-02T21:15:00Z,oos,4730,-1,Tier A,tier_a_primary,Tier_A_full_context,c08_exclude_weak_session_bucket,late_cash_240_330,-0.17209668943772988,-1
2026.02.02 21:20:00,2026-02-02T21:20:00Z,oos,4731,0,Tier A,tier_a_primary,Tier_A_full_context,c08_exclude_weak_session_bucket,late_cash_240_330,-0.17209668943772988,0
2026.02.02 21:45:00,2026-02-02T21:45:00Z,oos,4732,1,Tier A,tier_a_primary,Tier_A_full_context,c08_exclude_weak_session_bucket,late_cash_240_330,-0.17209668943772988,1
2026.02.02 21:50:00,2026-02-02T21:50:00Z,oos,4733,-1,Tier A,tier_a_primary,Tier_A_full_context,c08_exclude_weak_session_bucket,late_cash_240_330,-0.17209668943772988,-1
2026.02.02 22:00:00,2026-02-02T22:00:00Z,oos,4734,-1,Tier A,tier_a_primary,Tier_A_full_context,c08_exclude_weak_session_bucket,late_cash_240_330,-0.17209668943772988,-1
2026.02.03 16:35:00,2026-02-03T16:35:00Z,oos,4735,-1,Tier A,tier_a_primary,Tier_A_full_context,c08_exclude_weak_session_bucket,cash_open_0_30,-0.09635811836115327,-1
2026.02.03 16:40:00,2026-02-03T16:40:00Z,oos,4736,-1,Tier A,tier_a_primary,Tier_A_full_context,c08_exclude_weak_session_bucket,cash_open_0_30,-0.09635811836115327,-1
2026.02.03 16:45:00,2026-02-03T16:45:00Z,oos,4737,-1,Tier A,tier_a_primary,Tier_A_full_context,c08_exclude_weak_session_bucket,cash_open_0_30,-0.09635811836115327,-1
2026.02.03 16:50:00,2026-02-03T16:50:00Z,oos,4738,1,Tier A,tier_a_primary,Tier_A_full_context,c08_exclude_weak_session_bucket,cash_open_0_30,-0.09635811836115327,1
2026.02.03 16:55:00,2026-02-03T16:55:00Z,oos,4739,-1,Tier A,tier_a_primary,Tier_A_full_context,c08_exclude_weak_session_bucket,cash_open_0_30,-0.09635811836115327,-1
2026.02.03 17:00:00,2026-02-03T17:00:00Z,oos,4740,-1,Tier A,tier_a_primary,Tier_A_full_context,c08_exclude_weak_session_bucket,cash_open_0_30,-0.09635811836115327,-1
2026.02.03 17:05:00,2026-02-03T17:05:00Z,oos,4741,0,Tier A,tier_a_primary,Tier_A_full_context,c08_exclude_weak_session_bucket,early_cash_30_60,-0.12775735294117646,0
2026.02.03 17:10:00,2026-02-03T17:10:00Z,oos,4742,0,Tier A,tier_a_primary,Tier_A_full_context,c08_exclude_weak_session_bucket,early_cash_30_60,-0.12775735294117646,0
2026.02.03 17:15:00,2026-02-03T17:15:00Z,oos,4743,-1,Tier A,tier_a_primary,Tier_A_full_context,c08_exclude_weak_session_bucket,early_cash_30_60,-0.12775735294117646,-1
2026.02.03 17:20:00,2026-02-03T17:20:00Z,oos,4744,1,Tier A,tier_a_primary,Tier_A_full_context,c08_exclude_weak_session_bucket,early_cash_30_60,-0.12775735294117646,1
2026.02.03 17:25:00,2026-02-03T17:25:00Z,oos,4745,-1,Tier A,tier_a_primary,Tier_A_full_context,c08_exclude_weak_session_bucket,early_cash_30_60,-0.12775735294117646,-1
2026.02.03 17:30:00,2026-02-03T17:30:00Z,oos,4746,1,Tier A,tier_a_primary,Tier_A_full_context,c08_exclude_weak_session_bucket,early_cash_30_60,-0.12775735294117646,1
2026.02.03 17:35:00,2026-02-03T17:35:00Z,oos,4747,0,Tier A,tier_a_primary,Tier_A_full_context,c08_exclude_weak_session_bucket,morning_60_120,-0.1698966408268734,0
2026.02.03 17:40:00,2026-02-03T17:40:00Z,oos,4748,1,Tier A,tier_a_primary,Tier_A_full_context,c08_exclude_weak_session_bucket,morning_60_120,-0.1698966408268734,1
2026.02.03 17:45:00,2026-02-03T17:45:00Z,oos,4749,0,Tier A,tier_a_primary,Tier_A_full_context,c08_exclude_weak_session_bucket,morning_60_120,-0.1698966408268734,0
2026.02.03 17:50:00,2026-02-03T17:50:00Z,oos,4750,1,Tier A,tier_a_primary,Tier_A_full_context,c08_exclude_weak_session_bucket,morning_60_120,-0.1698966408268734,1
2026.02.03 17:55:00,2026-02-03T17:55:00Z,oos,4751,0,Tier A,tier_a_primary,Tier_A_full_context,c08_exclude_weak_session_bucket,morning_60_120,-0.1698966408268734,0
2026.02.03 18:00:00,2026-02-03T18:00:00Z,oos,4752,1,Tier A,tier_a_primary,Tier_A_full_context,c08_exclude_weak_session_bucket,morning_60_120,-0.1698966408268734,1
2026.02.03 18:05:00,2026-02-03T18:05:00Z,oos,4753,0,Tier A,tier_a_primary,Tier_A_full_context,c08_exclude_weak_session_bucket,morning_60_120,-0.1698966408268734,0
2026.02.03 18:10:00,2026-02-03T18:10:00Z,oos,4754,0,Tier A,tier_a_primary,Tier_A_full_context,c08_exclude_weak_session_bucket,morning_60_120,-0.1698966408268734,0
2026.02.03 18:15:00,2026-02-03T18:15:00Z,oos,4755,0,Tier A,tier_a_primary,Tier_A_full_context,c08_exclude_weak_session_bucket,morning_60_120,-0.1698966408268734,0
2026.02.03 18:20:00,2026-02-03T18:20:00Z,oos,4756,0,Tier A,tier_a_primary,Tier_A_full_context,c08_exclude_weak_session_bucket,morning_60_120,-0.1698966408268734,0
2026.02.03 18:25:00,2026-02-03T18:25:00Z,oos,4757,0,Tier A,tier_a_primary,Tier_A_full_context,c08_exclude_weak_session_bucket,morning_60_120,-0.1698966408268734,0
2026.02.03 18:30:00,2026-02-03T18:30:00Z,oos,4758,0,Tier A,tier_a_primary,Tier_A_full_context,c08_exclude_weak_session_bucket,morning_60_120,-0.1698966408268734,0
2026.02.03 18:35:00,2026-02-03T18:35:00Z,oos,4759,0,Tier A,tier_a_primary,Tier_A_full_context,c08_exclude_weak_session_bucket,midday_lull_120_240,-0.1762380357885976,0
2026.02.03 18:40:00,2026-02-03T18:40:00Z,oos,4760,0,Tier A,tier_a_primary,Tier_A_full_context,c08_exclude_weak_session_bucket,midday_lull_120_240,-0.1762380357885976,0
2026.02.03 18:45:00,2026-02-03T18:45:00Z,oos,4761,0,Tier A,tier_a_primary,Tier_A_full_context,c08_exclude_weak_session_bucket,midday_lull_120_240,-0.1762380357885976,0
2026.02.03 18:50:00,2026-02-03T18:50:00Z,oos,4762,0,Tier A,tier_a_primary,Tier_A_full_context,c08_exclude_weak_session_bucket,midday_lull_120_240,-0.1762380357885976,0
2026.02.03 19:00:00,2026-02-03T19:00:00Z,oos,4763,0,Tier A,tier_a_primary,Tier_A_full_context,c08_exclude_weak_session_bucket,midday_lull_120_240,-0.1762380357885976,0
2026.02.03 19:05:00,2026-02-03T19:05:00Z,oos,4764,0,Tier A,tier_a_primary,Tier_A_full_context,c08_exclude_weak_session_bucket,midday_lull_120_240,-0.1762380357885976,0
2026.02.03 19:10:00,2026-02-03T19:10:00Z,oos,4765,0,Tier A,tier_a_primary,Tier_A_full_context,c08_exclude_weak_session_bucket,midday_lull_120_240,-0.1762380357885976,0
2026.02.03 19:15:00,2026-02-03T19:15:00Z,oos,4766,0,Tier A,tier_a_primary,Tier_A_full_context,c08_exclude_weak_session_bucket,midday_lull_120_240,-0.1762380357885976,0
2026.02.03 19:20:00,2026-02-03T19:20:00Z,oos,4767,0,Tier A,tier_a_primary,Tier_A_full_context,c08_exclude_weak_session_bucket,midday_lull_120_240,-0.1762380357885976,0
2026.02.03 19:25:00,2026-02-03T19:25:00Z,oos,4768,0,Tier A,tier_a_primary,Tier_A_full_context,c08_exclude_weak_session_bucket,midday_lull_120_240,-0.1762380357885976,0
2026.02.03 19:30:00,2026-02-03T19:30:00Z,oos,4769,0,Tier A,tier_a_primary,Tier_A_full_context,c08_exclude_weak_session_bucket,midday_lull_120_240,-0.1762380357885976,0
2026.02.03 19:35:00,2026-02-03T19:35:00Z,oos,4770,0,Tier A,tier_a_primary,Tier_A_full_context,c08_exclude_weak_session_bucket,midday_lull_120_240,-0.1762380357885976,0
2026.02.03 19:40:00,2026-02-03T19:40:00Z,oos,4771,0,Tier A,tier_a_primary,Tier_A_full_context,c08_exclude_weak_session_bucket,midday_lull_120_240,-0.1762380357885976,0
2026.02.03 19:45:00,2026-02-03T19:45:00Z,oos,4772,0,Tier A,tier_a_primary,Tier_A_full_context,c08_exclude_weak_session_bucket,midday_lull_120_240,-0.1762380357885976,0
2026.02.03 19:50:00,2026-02-03T19:50:00Z,oos,4773,0,Tier A,tier_a_primary,Tier_A_full_context,c08_exclude_weak_session_bucket,midday_lull_120_240,-0.1762380357885976,0
2026.02.03 19:55:00,2026-02-03T19:55:00Z,oos,4774,0,Tier A,tier_a_primary,Tier_A_full_context,c08_exclude_weak_session_bucket,midday_lull_120_240,-0.1762380357885976,0
2026.02.03 20:00:00,2026-02-03T20:00:00Z,oos,4775,0,Tier A,tier_a_primary,Tier_A_full_context,c08_exclude_weak_session_bucket,midday_lull_120_240,-0.1762380357885976,0
2026.02.03 20:05:00,2026-02-03T20:05:00Z,oos,4776,0,Tier A,tier_a_primary,Tier_A_full_context,c08_exclude_weak_session_bucket,midday_lull_120_240,-0.1762380357885976,0
2026.02.03 20:10:00,2026-02-03T20:10:00Z,oos,4777,0,Tier A,tier_a_primary,Tier_A_full_context,c08_exclude_weak_session_bucket,midday_lull_120_240,-0.1762380357885976,0
2026.02.03 20:15:00,2026-02-03T20:15:00Z,oos,4778,0,Tier A,tier_a_primary,Tier_A_full_context,c08_exclude_weak_session_bucket,midday_lull_120_240,-0.1762380357885976,0
2026.02.03 20:25:00,2026-02-03T20:25:00Z,oos,4779,0,Tier A,tier_a_primary,Tier_A_full_context,c08_exclude_weak_session_bucket,midday_lull_120_240,-0.1762380357885976,0
2026.02.03 20:30:00,2026-02-03T20:30:00Z,oos,4780,0,Tier A,tier_a_primary,Tier_A_full_context,c08_exclude_weak_session_bucket,midday_lull_120_240,-0.1762380357885976,0
2026.02.03 20:35:00,2026-02-03T20:35:00Z,oos,4781,0,Tier A,tier_a_primary,Tier_A_full_context,c08_exclude_weak_session_bucket,late_cash_240_330,-0.17209668943772988,0
2026.02.03 20:40:00,2026-02-03T20:40:00Z,oos,4782,0,Tier A,tier_a_primary,Tier_A_full_context,c08_exclude_weak_session_bucket,late_cash_240_330,-0.17209668943772988,0
2026.02.03 20:45:00,2026-02-03T20:45:00Z,oos,4783,0,Tier A,tier_a_primary,Tier_A_full_context,c08_exclude_weak_session_bucket,late_cash_240_330,-0.17209668943772988,0
2026.02.03 20:50:00,2026-02-03T20:50:00Z,oos,4784,0,Tier A,tier_a_primary,Tier_A_full_context,c08_exclude_weak_session_bucket,late_cash_240_330,-0.17209668943772988,0
2026.02.03 20:55:00,2026-02-03T20:55:00Z,oos,4785,0,Tier A,tier_a_primary,Tier_A_full_context,c08_exclude_weak_session_bucket,late_cash_240_330,-0.17209668943772988,0
2026.02.03 21:00:00,2026-02-03T21:00:00Z,oos,4786,0,Tier A,tier_a_primary,Tier_A_full_context,c08_exclude_weak_session_bucket,late_cash_240_330,-0.17209668943772988,0
2026.02.03 21:05:00,2026-02-03T21:05:00Z,oos,4787,0,Tier A,tier_a_primary,Tier_A_full_context,c08_exclude_weak_session_bucket,late_cash_240_330,-0.17209668943772988,0
2026.02.03 21:15:00,2026-02-03T21:15:00Z,oos,4788,1,Tier A,tier_a_primary,Tier_A_full_context,c08_exclude_weak_session_bucket,late_cash_240_330,-0.17209668943772988,1
2026.02.03 21:20:00,2026-02-03T21:20:00Z,oos,4789,0,Tier A,tier_a_primary,Tier_A_full_context,c08_exclude_weak_session_bucket,late_cash_240_330,-0.17209668943772988,0
2026.02.03 21:25:00,2026-02-03T21:25:00Z,oos,4790,0,Tier A,tier_a_primary,Tier_A_full_context,c08_exclude_weak_session_bucket,late_cash_240_330,-0.17209668943772988,0
2026.02.03 21:30:00,2026-02-03T21:30:00Z,oos,4791,0,Tier A,tier_a_primary,Tier_A_full_context,c08_exclude_weak_session_bucket,late_cash_240_330,-0.17209668943772988,0
2026.02.03 21:35:00,2026-02-03T21:35:00Z,oos,4792,0,Tier A,tier_a_primary,Tier_A_full_context,c08_exclude_weak_session_bucket,late_cash_240_330,-0.17209668943772988,0
2026.02.03 21:45:00,2026-02-03T21:45:00Z,oos,4793,0,Tier A,tier_a_primary,Tier_A_full_context,c08_exclude_weak_session_bucket,late_cash_240_330,-0.17209668943772988,0
2026.02.03 21:50:00,2026-02-03T21:50:00Z,oos,4794,0,Tier A,tier_a_primary,Tier_A_full_context,c08_exclude_weak_session_bucket,late_cash_240_330,-0.17209668943772988,0
2026.02.03 21:55:00,2026-02-03T21:55:00Z,oos,4795,1,Tier A,tier_a_primary,Tier_A_full_context,c08_exclude_weak_session_bucket,late_cash_240_330,-0.17209668943772988,1
2026.02.03 22:00:00,2026-02-03T22:00:00Z,oos,4796,1,Tier A,tier_a_primary,Tier_A_full_context,c08_exclude_weak_session_bucket,late_cash_240_330,-0.17209668943772988,1
2026.02.04 16:35:00,2026-02-04T16:35:00Z,oos,4797,-1,Tier A,tier_a_primary,Tier_A_full_context,c08_exclude_weak_session_bucket,cash_open_0_30,-0.09635811836115327,-1
2026.02.04 16:40:00,2026-02-04T16:40:00Z,oos,4798,1,Tier A,tier_a_primary,Tier_A_full_context,c08_exclude_weak_session_bucket,cash_open_0_30,-0.09635811836115327,1
2026.02.04 16:45:00,2026-02-04T16:45:00Z,oos,4799,0,Tier A,tier_a_primary,Tier_A_full_context,c08_exclude_weak_session_bucket,cash_open_0_30,-0.09635811836115327,0
2026.02.04 16:50:00,2026-02-04T16:50:00Z,oos,4800,0,Tier A,tier_a_primary,Tier_A_full_context,c08_exclude_weak_session_bucket,cash_open_0_30,-0.09635811836115327,0
2026.02.04 16:55:00,2026-02-04T16:55:00Z,oos,4801,-1,Tier A,tier_a_primary,Tier_A_full_context,c08_exclude_weak_session_bucket,cash_open_0_30,-0.09635811836115327,-1
2026.02.04 17:00:00,2026-02-04T17:00:00Z,oos,4802,-1,Tier A,tier_a_primary,Tier_A_full_context,c08_exclude_weak_session_bucket,cash_open_0_30,-0.09635811836115327,-1
2026.02.04 17:05:00,2026-02-04T17:05:00Z,oos,4803,0,Tier A,tier_a_primary,Tier_A_full_context,c08_exclude_weak_session_bucket,early_cash_30_60,-0.12775735294117646,0
2026.02.04 17:10:00,2026-02-04T17:10:00Z,oos,4804,1,Tier A,tier_a_primary,Tier_A_full_context,c08_exclude_weak_session_bucket,early_cash_30_60,-0.12775735294117646,1
2026.02.04 17:15:00,2026-02-04T17:15:00Z,oos,4805,0,Tier A,tier_a_primary,Tier_A_full_context,c08_exclude_weak_session_bucket,early_cash_30_60,-0.12775735294117646,0
2026.02.04 17:20:00,2026-02-04T17:20:00Z,oos,4806,0,Tier A,tier_a_primary,Tier_A_full_context,c08_exclude_weak_session_bucket,early_cash_30_60,-0.12775735294117646,0
2026.02.04 17:25:00,2026-02-04T17:25:00Z,oos,4807,1,Tier A,tier_a_primary,Tier_A_full_context,c08_exclude_weak_session_bucket,early_cash_30_60,-0.12775735294117646,1
2026.02.04 17:30:00,2026-02-04T17:30:00Z,oos,4808,0,Tier A,tier_a_primary,Tier_A_full_context,c08_exclude_weak_session_bucket,early_cash_30_60,-0.12775735294117646,0
2026.02.04 17:35:00,2026-02-04T17:35:00Z,oos,4809,-1,Tier A,tier_a_primary,Tier_A_full_context,c08_exclude_weak_session_bucket,morning_60_120,-0.1698966408268734,-1
2026.02.04 17:40:00,2026-02-04T17:40:00Z,oos,4810,0,Tier A,tier_a_primary,Tier_A_full_context,c08_exclude_weak_session_bucket,morning_60_120,-0.1698966408268734,0
2026.02.04 17:45:00,2026-02-04T17:45:00Z,oos,4811,0,Tier A,tier_a_primary,Tier_A_full_context,c08_exclude_weak_session_bucket,morning_60_120,-0.1698966408268734,0
2026.02.04 17:50:00,2026-02-04T17:50:00Z,oos,4812,0,Tier A,tier_a_primary,Tier_A_full_context,c08_exclude_weak_session_bucket,morning_60_120,-0.1698966408268734,0
2026.02.04 17:55:00,2026-02-04T17:55:00Z,oos,4813,0,Tier A,tier_a_primary,Tier_A_full_context,c08_exclude_weak_session_bucket,morning_60_120,-0.1698966408268734,0
2026.02.04 18:00:00,2026-02-04T18:00:00Z,oos,4814,0,Tier A,tier_a_primary,Tier_A_full_context,c08_exclude_weak_session_bucket,morning_60_120,-0.1698966408268734,0
2026.02.04 18:05:00,2026-02-04T18:05:00Z,oos,4815,-1,Tier A,tier_a_primary,Tier_A_full_context,c08_exclude_weak_session_bucket,morning_60_120,-0.1698966408268734,-1
2026.02.04 18:10:00,2026-02-04T18:10:00Z,oos,4816,0,Tier A,tier_a_primary,Tier_A_full_context,c08_exclude_weak_session_bucket,morning_60_120,-0.1698966408268734,0
2026.02.04 18:15:00,2026-02-04T18:15:00Z,oos,4817,1,Tier A,tier_a_primary,Tier_A_full_context,c08_exclude_weak_session_bucket,morning_60_120,-0.1698966408268734,1
2026.02.04 18:20:00,2026-02-04T18:20:00Z,oos,4818,-1,Tier A,tier_a_primary,Tier_A_full_context,c08_exclude_weak_session_bucket,morning_60_120,-0.1698966408268734,-1
2026.02.04 18:25:00,2026-02-04T18:25:00Z,oos,4819,1,Tier A,tier_a_primary,Tier_A_full_context,c08_exclude_weak_session_bucket,morning_60_120,-0.1698966408268734,1
2026.02.04 18:30:00,2026-02-04T18:30:00Z,oos,4820,0,Tier A,tier_a_primary,Tier_A_full_context,c08_exclude_weak_session_bucket,morning_60_120,-0.1698966408268734,0
2026.02.04 18:35:00,2026-02-04T18:35:00Z,oos,4821,0,Tier A,tier_a_primary,Tier_A_full_context,c08_exclude_weak_session_bucket,midday_lull_120_240,-0.1762380357885976,0
2026.02.04 18:40:00,2026-02-04T18:40:00Z,oos,4822,0,Tier A,tier_a_primary,Tier_A_full_context,c08_exclude_weak_session_bucket,midday_lull_120_240,-0.1762380357885976,0
2026.02.04 18:45:00,2026-02-04T18:45:00Z,oos,4823,0,Tier A,tier_a_primary,Tier_A_full_context,c08_exclude_weak_session_bucket,midday_lull_120_240,-0.1762380357885976,0
2026.02.04 18:50:00,2026-02-04T18:50:00Z,oos,4824,0,Tier A,tier_a_primary,Tier_A_full_context,c08_exclude_weak_session_bucket,midday_lull_120_240,-0.1762380357885976,0
2026.02.04 18:55:00,2026-02-04T18:55:00Z,oos,4825,0,Tier A,tier_a_primary,Tier_A_full_context,c08_exclude_weak_session_bucket,midday_lull_120_240,-0.1762380357885976,0
2026.02.04 19:00:00,2026-02-04T19:00:00Z,oos,4826,0,Tier A,tier_a_primary,Tier_A_full_context,c08_exclude_weak_session_bucket,midday_lull_120_240,-0.1762380357885976,0
2026.02.04 19:05:00,2026-02-04T19:05:00Z,oos,4827,0,Tier A,tier_a_primary,Tier_A_full_context,c08_exclude_weak_session_bucket,midday_lull_120_240,-0.1762380357885976,0
2026.02.04 19:10:00,2026-02-04T19:10:00Z,oos,4828,0,Tier A,tier_a_primary,Tier_A_full_context,c08_exclude_weak_session_bucket,midday_lull_120_240,-0.1762380357885976,0
2026.02.04 19:15:00,2026-02-04T19:15:00Z,oos,4829,0,Tier A,tier_a_primary,Tier_A_full_context,c08_exclude_weak_session_bucket,midday_lull_120_240,-0.1762380357885976,0
2026.02.04 19:20:00,2026-02-04T19:20:00Z,oos,4830,0,Tier A,tier_a_primary,Tier_A_full_context,c08_exclude_weak_session_bucket,midday_lull_120_240,-0.1762380357885976,0
2026.02.04 19:25:00,2026-02-04T19:25:00Z,oos,4831,0,Tier A,tier_a_primary,Tier_A_full_context,c08_exclude_weak_session_bucket,midday_lull_120_240,-0.1762380357885976,0
2026.02.04 19:30:00,2026-02-04T19:30:00Z,oos,4832,0,Tier A,tier_a_primary,Tier_A_full_context,c08_exclude_weak_session_bucket,midday_lull_120_240,-0.1762380357885976,0
2026.02.04 19:35:00,2026-02-04T19:35:00Z,oos,4833,0,Tier A,tier_a_primary,Tier_A_full_context,c08_exclude_weak_session_bucket,midday_lull_120_240,-0.1762380357885976,0
2026.02.04 19:40:00,2026-02-04T19:40:00Z,oos,4834,0,Tier A,tier_a_primary,Tier_A_full_context,c08_exclude_weak_session_bucket,midday_lull_120_240,-0.1762380357885976,0
2026.02.04 19:45:00,2026-02-04T19:45:00Z,oos,4835,0,Tier A,tier_a_primary,Tier_A_full_context,c08_exclude_weak_session_bucket,midday_lull_120_240,-0.1762380357885976,0
2026.02.04 19:50:00,2026-02-04T19:50:00Z,oos,4836,0,Tier A,tier_a_primary,Tier_A_full_context,c08_exclude_weak_session_bucket,midday_lull_120_240,-0.1762380357885976,0
2026.02.04 19:55:00,2026-02-04T19:55:00Z,oos,4837,0,Tier A,tier_a_primary,Tier_A_full_context,c08_exclude_weak_session_bucket,midday_lull_120_240,-0.1762380357885976,0
2026.02.04 20:00:00,2026-02-04T20:00:00Z,oos,4838,0,Tier A,tier_a_primary,Tier_A_full_context,c08_exclude_weak_session_bucket,midday_lull_120_240,-0.1762380357885976,0
2026.02.04 20:05:00,2026-02-04T20:05:00Z,oos,4839,0,Tier A,tier_a_primary,Tier_A_full_context,c08_exclude_weak_session_bucket,midday_lull_120_240,-0.1762380357885976,0
2026.02.04 20:10:00,2026-02-04T20:10:00Z,oos,4840,0,Tier A,tier_a_primary,Tier_A_full_context,c08_exclude_weak_session_bucket,midday_lull_120_240,-0.1762380357885976,0
2026.02.04 20:15:00,2026-02-04T20:15:00Z,oos,4841,0,Tier A,tier_a_primary,Tier_A_full_context,c08_exclude_weak_session_bucket,midday_lull_120_240,-0.1762380357885976,0
2026.02.04 20:20:00,2026-02-04T20:20:00Z,oos,4842,0,Tier A,tier_a_primary,Tier_A_full_context,c08_exclude_weak_session_bucket,midday_lull_120_240,-0.1762380357885976,0
2026.02.04 20:25:00,2026-02-04T20:25:00Z,oos,4843,0,Tier A,tier_a_primary,Tier_A_full_context,c08_exclude_weak_session_bucket,midday_lull_120_240,-0.1762380357885976,0
2026.02.04 20:30:00,2026-02-04T20:30:00Z,oos,4844,0,Tier A,tier_a_primary,Tier_A_full_context,c08_exclude_weak_session_bucket,midday_lull_120_240,-0.1762380357885976,0
2026.02.04 20:35:00,2026-02-04T20:35:00Z,oos,4845,-1,Tier A,tier_a_primary,Tier_A_full_context,c08_exclude_weak_session_bucket,late_cash_240_330,-0.17209668943772988,-1
2026.02.04 20:40:00,2026-02-04T20:40:00Z,oos,4846,0,Tier A,tier_a_primary,Tier_A_full_context,c08_exclude_weak_session_bucket,late_cash_240_330,-0.17209668943772988,0
2026.02.04 20:45:00,2026-02-04T20:45:00Z,oos,4847,0,Tier A,tier_a_primary,Tier_A_full_context,c08_exclude_weak_session_bucket,late_cash_240_330,-0.17209668943772988,0
2026.02.04 20:50:00,2026-02-04T20:50:00Z,oos,4848,0,Tier A,tier_a_primary,Tier_A_full_context,c08_exclude_weak_session_bucket,late_cash_240_330,-0.17209668943772988,0
2026.02.04 20:55:00,2026-02-04T20:55:00Z,oos,4849,1,Tier A,tier_a_primary,Tier_A_full_context,c08_exclude_weak_session_bucket,late_cash_240_330,-0.17209668943772988,1
2026.02.04 21:00:00,2026-02-04T21:00:00Z,oos,4850,0,Tier A,tier_a_primary,Tier_A_full_context,c08_exclude_weak_session_bucket,late_cash_240_330,-0.17209668943772988,0
2026.02.04 21:05:00,2026-02-04T21:05:00Z,oos,4851,0,Tier A,tier_a_primary,Tier_A_full_context,c08_exclude_weak_session_bucket,late_cash_240_330,-0.17209668943772988,0
2026.02.04 21:10:00,2026-02-04T21:10:00Z,oos,4852,0,Tier A,tier_a_primary,Tier_A_full_context,c08_exclude_weak_session_bucket,late_cash_240_330,-0.17209668943772988,0
2026.02.04 21:15:00,2026-02-04T21:15:00Z,oos,4853,0,Tier A,tier_a_primary,Tier_A_full_context,c08_exclude_weak_session_bucket,late_cash_240_330,-0.17209668943772988,0
2026.02.04 21:20:00,2026-02-04T21:20:00Z,oos,4854,0,Tier A,tier_a_primary,Tier_A_full_context,c08_exclude_weak_session_bucket,late_cash_240_330,-0.17209668943772988,0
2026.02.04 21:25:00,2026-02-04T21:25:00Z,oos,4855,0,Tier A,tier_a_primary,Tier_A_full_context,c08_exclude_weak_session_bucket,late_cash_240_330,-0.17209668943772988,0
2026.02.04 21:35:00,2026-02-04T21:35:00Z,oos,4856,0,Tier A,tier_a_primary,Tier_A_full_context,c08_exclude_weak_session_bucket,late_cash_240_330,-0.17209668943772988,0
2026.02.04 21:45:00,2026-02-04T21:45:00Z,oos,4857,0,Tier A,tier_a_primary,Tier_A_full_context,c08_exclude_weak_session_bucket,late_cash_240_330,-0.17209668943772988,0
2026.02.04 21:50:00,2026-02-04T21:50:00Z,oos,4858,0,Tier A,tier_a_primary,Tier_A_full_context,c08_exclude_weak_session_bucket,late_cash_240_330,-0.17209668943772988,0
2026.02.04 21:55:00,2026-02-04T21:55:00Z,oos,4859,0,Tier A,tier_a_primary,Tier_A_full_context,c08_exclude_weak_session_bucket,late_cash_240_330,-0.17209668943772988,0
2026.02.04 22:00:00,2026-02-04T22:00:00Z,oos,4860,0,Tier A,tier_a_primary,Tier_A_full_context,c08_exclude_weak_session_bucket,late_cash_240_330,-0.17209668943772988,0
2026.02.05 16:35:00,2026-02-05T16:35:00Z,oos,4861,1,Tier A,tier_a_primary,Tier_A_full_context,c08_exclude_weak_session_bucket,cash_open_0_30,-0.09635811836115327,1
2026.02.05 16:40:00,2026-02-05T16:40:00Z,oos,4862,1,Tier A,tier_a_primary,Tier_A_full_context,c08_exclude_weak_session_bucket,cash_open_0_30,-0.09635811836115327,1
2026.02.05 16:45:00,2026-02-05T16:45:00Z,oos,4863,0,Tier A,tier_a_primary,Tier_A_full_context,c08_exclude_weak_session_bucket,cash_open_0_30,-0.09635811836115327,0
2026.02.05 16:50:00,2026-02-05T16:50:00Z,oos,4864,0,Tier A,tier_a_primary,Tier_A_full_context,c08_exclude_weak_session_bucket,cash_open_0_30,-0.09635811836115327,0
2026.02.05 16:55:00,2026-02-05T16:55:00Z,oos,4865,-1,Tier A,tier_a_primary,Tier_A_full_context,c08_exclude_weak_session_bucket,cash_open_0_30,-0.09635811836115327,-1
2026.02.05 17:00:00,2026-02-05T17:00:00Z,oos,4866,-1,Tier A,tier_a_primary,Tier_A_full_context,c08_exclude_weak_session_bucket,cash_open_0_30,-0.09635811836115327,-1
2026.02.05 17:05:00,2026-02-05T17:05:00Z,oos,4867,-1,Tier A,tier_a_primary,Tier_A_full_context,c08_exclude_weak_session_bucket,early_cash_30_60,-0.12775735294117646,-1
2026.02.05 17:10:00,2026-02-05T17:10:00Z,oos,4868,0,Tier A,tier_a_primary,Tier_A_full_context,c08_exclude_weak_session_bucket,early_cash_30_60,-0.12775735294117646,0
2026.02.05 17:15:00,2026-02-05T17:15:00Z,oos,4869,-1,Tier A,tier_a_primary,Tier_A_full_context,c08_exclude_weak_session_bucket,early_cash_30_60,-0.12775735294117646,-1
2026.02.05 17:20:00,2026-02-05T17:20:00Z,oos,4870,1,Tier A,tier_a_primary,Tier_A_full_context,c08_exclude_weak_session_bucket,early_cash_30_60,-0.12775735294117646,1
2026.02.05 17:25:00,2026-02-05T17:25:00Z,oos,4871,0,Tier A,tier_a_primary,Tier_A_full_context,c08_exclude_weak_session_bucket,early_cash_30_60,-0.12775735294117646,0
2026.02.05 17:30:00,2026-02-05T17:30:00Z,oos,4872,0,Tier A,tier_a_primary,Tier_A_full_context,c08_exclude_weak_session_bucket,early_cash_30_60,-0.12775735294117646,0
2026.02.05 17:35:00,2026-02-05T17:35:00Z,oos,4873,0,Tier A,tier_a_primary,Tier_A_full_context,c08_exclude_weak_session_bucket,morning_60_120,-0.1698966408268734,0
2026.02.05 17:40:00,2026-02-05T17:40:00Z,oos,4874,1,Tier A,tier_a_primary,Tier_A_full_context,c08_exclude_weak_session_bucket,morning_60_120,-0.1698966408268734,1
2026.02.05 17:45:00,2026-02-05T17:45:00Z,oos,4875,0,Tier A,tier_a_primary,Tier_A_full_context,c08_exclude_weak_session_bucket,morning_60_120,-0.1698966408268734,0
2026.02.05 17:50:00,2026-02-05T17:50:00Z,oos,4876,-1,Tier A,tier_a_primary,Tier_A_full_context,c08_exclude_weak_session_bucket,morning_60_120,-0.1698966408268734,-1
2026.02.05 17:55:00,2026-02-05T17:55:00Z,oos,4877,0,Tier A,tier_a_primary,Tier_A_full_context,c08_exclude_weak_session_bucket,morning_60_120,-0.1698966408268734,0
2026.02.05 18:00:00,2026-02-05T18:00:00Z,oos,4878,0,Tier A,tier_a_primary,Tier_A_full_context,c08_exclude_weak_session_bucket,morning_60_120,-0.1698966408268734,0
2026.02.05 18:05:00,2026-02-05T18:05:00Z,oos,4879,0,Tier A,tier_a_primary,Tier_A_full_context,c08_exclude_weak_session_bucket,morning_60_120,-0.1698966408268734,0
2026.02.05 18:10:00,2026-02-05T18:10:00Z,oos,4880,0,Tier A,tier_a_primary,Tier_A_full_context,c08_exclude_weak_session_bucket,morning_60_120,-0.1698966408268734,0
2026.02.05 18:15:00,2026-02-05T18:15:00Z,oos,4881,0,Tier A,tier_a_primary,Tier_A_full_context,c08_exclude_weak_session_bucket,morning_60_120,-0.1698966408268734,0
2026.02.05 18:20:00,2026-02-05T18:20:00Z,oos,4882,1,Tier A,tier_a_primary,Tier_A_full_context,c08_exclude_weak_session_bucket,morning_60_120,-0.1698966408268734,1
2026.02.05 18:25:00,2026-02-05T18:25:00Z,oos,4883,1,Tier A,tier_a_primary,Tier_A_full_context,c08_exclude_weak_session_bucket,morning_60_120,-0.1698966408268734,1
2026.02.05 18:30:00,2026-02-05T18:30:00Z,oos,4884,1,Tier A,tier_a_primary,Tier_A_full_context,c08_exclude_weak_session_bucket,morning_60_120,-0.1698966408268734,1
2026.02.05 18:35:00,2026-02-05T18:35:00Z,oos,4885,0,Tier A,tier_a_primary,Tier_A_full_context,c08_exclude_weak_session_bucket,midday_lull_120_240,-0.1762380357885976,0
2026.02.05 18:40:00,2026-02-05T18:40:00Z,oos,4886,0,Tier A,tier_a_primary,Tier_A_full_context,c08_exclude_weak_session_bucket,midday_lull_120_240,-0.1762380357885976,0
2026.02.05 18:45:00,2026-02-05T18:45:00Z,oos,4887,0,Tier A,tier_a_primary,Tier_A_full_context,c08_exclude_weak_session_bucket,midday_lull_120_240,-0.1762380357885976,0
2026.02.05 18:50:00,2026-02-05T18:50:00Z,oos,4888,0,Tier A,tier_a_primary,Tier_A_full_context,c08_exclude_weak_session_bucket,midday_lull_120_240,-0.1762380357885976,0
2026.02.05 18:55:00,2026-02-05T18:55:00Z,oos,4889,0,Tier A,tier_a_primary,Tier_A_full_context,c08_exclude_weak_session_bucket,midday_lull_120_240,-0.1762380357885976,0
2026.02.05 19:00:00,2026-02-05T19:00:00Z,oos,4890,0,Tier A,tier_a_primary,Tier_A_full_context,c08_exclude_weak_session_bucket,midday_lull_120_240,-0.1762380357885976,0
2026.02.05 19:05:00,2026-02-05T19:05:00Z,oos,4891,0,Tier A,tier_a_primary,Tier_A_full_context,c08_exclude_weak_session_bucket,midday_lull_120_240,-0.1762380357885976,0
2026.02.05 19:10:00,2026-02-05T19:10:00Z,oos,4892,0,Tier A,tier_a_primary,Tier_A_full_context,c08_exclude_weak_session_bucket,midday_lull_120_240,-0.1762380357885976,0
2026.02.05 19:15:00,2026-02-05T19:15:00Z,oos,4893,0,Tier A,tier_a_primary,Tier_A_full_context,c08_exclude_weak_session_bucket,midday_lull_120_240,-0.1762380357885976,0
2026.02.05 19:20:00,2026-02-05T19:20:00Z,oos,4894,0,Tier A,tier_a_primary,Tier_A_full_context,c08_exclude_weak_session_bucket,midday_lull_120_240,-0.1762380357885976,0
2026.02.05 19:25:00,2026-02-05T19:25:00Z,oos,4895,0,Tier A,tier_a_primary,Tier_A_full_context,c08_exclude_weak_session_bucket,midday_lull_120_240,-0.1762380357885976,0
2026.02.05 19:30:00,2026-02-05T19:30:00Z,oos,4896,0,Tier A,tier_a_primary,Tier_A_full_context,c08_exclude_weak_session_bucket,midday_lull_120_240,-0.1762380357885976,0
2026.02.05 19:35:00,2026-02-05T19:35:00Z,oos,4897,0,Tier A,tier_a_primary,Tier_A_full_context,c08_exclude_weak_session_bucket,midday_lull_120_240,-0.1762380357885976,0
2026.02.05 19:40:00,2026-02-05T19:40:00Z,oos,4898,0,Tier A,tier_a_primary,Tier_A_full_context,c08_exclude_weak_session_bucket,midday_lull_120_240,-0.1762380357885976,0
2026.02.05 19:45:00,2026-02-05T19:45:00Z,oos,4899,0,Tier A,tier_a_primary,Tier_A_full_context,c08_exclude_weak_session_bucket,midday_lull_120_240,-0.1762380357885976,0
2026.02.05 19:50:00,2026-02-05T19:50:00Z,oos,4900,0,Tier A,tier_a_primary,Tier_A_full_context,c08_exclude_weak_session_bucket,midday_lull_120_240,-0.1762380357885976,0
2026.02.05 19:55:00,2026-02-05T19:55:00Z,oos,4901,0,Tier A,tier_a_primary,Tier_A_full_context,c08_exclude_weak_session_bucket,midday_lull_120_240,-0.1762380357885976,0
2026.02.05 20:00:00,2026-02-05T20:00:00Z,oos,4902,0,Tier A,tier_a_primary,Tier_A_full_context,c08_exclude_weak_session_bucket,midday_lull_120_240,-0.1762380357885976,0
2026.02.05 20:05:00,2026-02-05T20:05:00Z,oos,4903,0,Tier A,tier_a_primary,Tier_A_full_context,c08_exclude_weak_session_bucket,midday_lull_120_240,-0.1762380357885976,0
2026.02.05 20:15:00,2026-02-05T20:15:00Z,oos,4904,0,Tier A,tier_a_primary,Tier_A_full_context,c08_exclude_weak_session_bucket,midday_lull_120_240,-0.1762380357885976,0
2026.02.05 20:25:00,2026-02-05T20:25:00Z,oos,4905,0,Tier A,tier_a_primary,Tier_A_full_context,c08_exclude_weak_session_bucket,midday_lull_120_240,-0.1762380357885976,0
2026.02.05 20:30:00,2026-02-05T20:30:00Z,oos,4906,0,Tier A,tier_a_primary,Tier_A_full_context,c08_exclude_weak_session_bucket,midday_lull_120_240,-0.1762380357885976,0
2026.02.05 20:35:00,2026-02-05T20:35:00Z,oos,4907,0,Tier A,tier_a_primary,Tier_A_full_context,c08_exclude_weak_session_bucket,late_cash_240_330,-0.17209668943772988,0
2026.02.05 20:40:00,2026-02-05T20:40:00Z,oos,4908,0,Tier A,tier_a_primary,Tier_A_full_context,c08_exclude_weak_session_bucket,late_cash_240_330,-0.17209668943772988,0
2026.02.05 20:45:00,2026-02-05T20:45:00Z,oos,4909,0,Tier A,tier_a_primary,Tier_A_full_context,c08_exclude_weak_session_bucket,late_cash_240_330,-0.17209668943772988,0
2026.02.05 20:50:00,2026-02-05T20:50:00Z,oos,4910,0,Tier A,tier_a_primary,Tier_A_full_context,c08_exclude_weak_session_bucket,late_cash_240_330,-0.17209668943772988,0
2026.02.05 20:55:00,2026-02-05T20:55:00Z,oos,4911,0,Tier A,tier_a_primary,Tier_A_full_context,c08_exclude_weak_session_bucket,late_cash_240_330,-0.17209668943772988,0
2026.02.05 21:05:00,2026-02-05T21:05:00Z,oos,4912,0,Tier A,tier_a_primary,Tier_A_full_context,c08_exclude_weak_session_bucket,late_cash_240_330,-0.17209668943772988,0
2026.02.05 21:10:00,2026-02-05T21:10:00Z,oos,4913,0,Tier A,tier_a_primary,Tier_A_full_context,c08_exclude_weak_session_bucket,late_cash_240_330,-0.17209668943772988,0
2026.02.05 21:15:00,2026-02-05T21:15:00Z,oos,4914,0,Tier A,tier_a_primary,Tier_A_full_context,c08_exclude_weak_session_bucket,late_cash_240_330,-0.17209668943772988,0
2026.02.05 21:25:00,2026-02-05T21:25:00Z,oos,4915,0,Tier A,tier_a_primary,Tier_A_full_context,c08_exclude_weak_session_bucket,late_cash_240_330,-0.17209668943772988,0
2026.02.05 21:30:00,2026-02-05T21:30:00Z,oos,4916,0,Tier A,tier_a_primary,Tier_A_full_context,c08_exclude_weak_session_bucket,late_cash_240_330,-0.17209668943772988,0
2026.02.05 21:35:00,2026-02-05T21:35:00Z,oos,4917,0,Tier A,tier_a_primary,Tier_A_full_context,c08_exclude_weak_session_bucket,late_cash_240_330,-0.17209668943772988,0
2026.02.05 21:45:00,2026-02-05T21:45:00Z,oos,4918,0,Tier A,tier_a_primary,Tier_A_full_context,c08_exclude_weak_session_bucket,late_cash_240_330,-0.17209668943772988,0
2026.02.05 21:55:00,2026-02-05T21:55:00Z,oos,4919,0,Tier A,tier_a_primary,Tier_A_full_context,c08_exclude_weak_session_bucket,late_cash_240_330,-0.17209668943772988,0
2026.02.05 22:00:00,2026-02-05T22:00:00Z,oos,4920,0,Tier A,tier_a_primary,Tier_A_full_context,c08_exclude_weak_session_bucket,late_cash_240_330,-0.17209668943772988,0
2026.02.06 16:35:00,2026-02-06T16:35:00Z,oos,4921,0,Tier A,tier_a_primary,Tier_A_full_context,c08_exclude_weak_session_bucket,cash_open_0_30,-0.09635811836115327,0
2026.02.06 16:40:00,2026-02-06T16:40:00Z,oos,4922,0,Tier A,tier_a_primary,Tier_A_full_context,c08_exclude_weak_session_bucket,cash_open_0_30,-0.09635811836115327,0
2026.02.06 16:45:00,2026-02-06T16:45:00Z,oos,4923,0,Tier A,tier_a_primary,Tier_A_full_context,c08_exclude_weak_session_bucket,cash_open_0_30,-0.09635811836115327,0
2026.02.06 16:50:00,2026-02-06T16:50:00Z,oos,4924,0,Tier A,tier_a_primary,Tier_A_full_context,c08_exclude_weak_session_bucket,cash_open_0_30,-0.09635811836115327,0
2026.02.06 16:55:00,2026-02-06T16:55:00Z,oos,4925,0,Tier A,tier_a_primary,Tier_A_full_context,c08_exclude_weak_session_bucket,cash_open_0_30,-0.09635811836115327,0
2026.02.06 17:00:00,2026-02-06T17:00:00Z,oos,4926,0,Tier A,tier_a_primary,Tier_A_full_context,c08_exclude_weak_session_bucket,cash_open_0_30,-0.09635811836115327,0
2026.02.06 17:05:00,2026-02-06T17:05:00Z,oos,4927,0,Tier A,tier_a_primary,Tier_A_full_context,c08_exclude_weak_session_bucket,early_cash_30_60,-0.12775735294117646,0
2026.02.06 17:10:00,2026-02-06T17:10:00Z,oos,4928,0,Tier A,tier_a_primary,Tier_A_full_context,c08_exclude_weak_session_bucket,early_cash_30_60,-0.12775735294117646,0
2026.02.06 17:15:00,2026-02-06T17:15:00Z,oos,4929,0,Tier A,tier_a_primary,Tier_A_full_context,c08_exclude_weak_session_bucket,early_cash_30_60,-0.12775735294117646,0
2026.02.06 17:20:00,2026-02-06T17:20:00Z,oos,4930,0,Tier A,tier_a_primary,Tier_A_full_context,c08_exclude_weak_session_bucket,early_cash_30_60,-0.12775735294117646,0
2026.02.06 17:25:00,2026-02-06T17:25:00Z,oos,4931,0,Tier A,tier_a_primary,Tier_A_full_context,c08_exclude_weak_session_bucket,early_cash_30_60,-0.12775735294117646,0
2026.02.06 17:30:00,2026-02-06T17:30:00Z,oos,4932,0,Tier A,tier_a_primary,Tier_A_full_context,c08_exclude_weak_session_bucket,early_cash_30_60,-0.12775735294117646,0
2026.02.06 17:35:00,2026-02-06T17:35:00Z,oos,4933,0,Tier A,tier_a_primary,Tier_A_full_context,c08_exclude_weak_session_bucket,morning_60_120,-0.1698966408268734,0
2026.02.06 17:40:00,2026-02-06T17:40:00Z,oos,4934,0,Tier A,tier_a_primary,Tier_A_full_context,c08_exclude_weak_session_bucket,morning_60_120,-0.1698966408268734,0
2026.02.06 17:45:00,2026-02-06T17:45:00Z,oos,4935,0,Tier A,tier_a_primary,Tier_A_full_context,c08_exclude_weak_session_bucket,morning_60_120,-0.1698966408268734,0
2026.02.06 17:50:00,2026-02-06T17:50:00Z,oos,4936,0,Tier A,tier_a_primary,Tier_A_full_context,c08_exclude_weak_session_bucket,morning_60_120,-0.1698966408268734,0
2026.02.06 17:55:00,2026-02-06T17:55:00Z,oos,4937,0,Tier A,tier_a_primary,Tier_A_full_context,c08_exclude_weak_session_bucket,morning_60_120,-0.1698966408268734,0
2026.02.06 18:00:00,2026-02-06T18:00:00Z,oos,4938,0,Tier A,tier_a_primary,Tier_A_full_context,c08_exclude_weak_session_bucket,morning_60_120,-0.1698966408268734,0
2026.02.06 18:05:00,2026-02-06T18:05:00Z,oos,4939,0,Tier A,tier_a_primary,Tier_A_full_context,c08_exclude_weak_session_bucket,morning_60_120,-0.1698966408268734,0
2026.02.06 18:10:00,2026-02-06T18:10:00Z,oos,4940,0,Tier A,tier_a_primary,Tier_A_full_context,c08_exclude_weak_session_bucket,morning_60_120,-0.1698966408268734,0
2026.02.06 18:15:00,2026-02-06T18:15:00Z,oos,4941,0,Tier A,tier_a_primary,Tier_A_full_context,c08_exclude_weak_session_bucket,morning_60_120,-0.1698966408268734,0
2026.02.06 18:20:00,2026-02-06T18:20:00Z,oos,4942,0,Tier A,tier_a_primary,Tier_A_full_context,c08_exclude_weak_session_bucket,morning_60_120,-0.1698966408268734,0
2026.02.06 18:25:00,2026-02-06T18:25:00Z,oos,4943,0,Tier A,tier_a_primary,Tier_A_full_context,c08_exclude_weak_session_bucket,morning_60_120,-0.1698966408268734,0
2026.02.06 18:30:00,2026-02-06T18:30:00Z,oos,4944,0,Tier A,tier_a_primary,Tier_A_full_context,c08_exclude_weak_session_bucket,morning_60_120,-0.1698966408268734,0
2026.02.06 18:35:00,2026-02-06T18:35:00Z,oos,4945,0,Tier A,tier_a_primary,Tier_A_full_context,c08_exclude_weak_session_bucket,midday_lull_120_240,-0.1762380357885976,0
2026.02.06 18:50:00,2026-02-06T18:50:00Z,oos,4946,0,Tier A,tier_a_primary,Tier_A_full_context,c08_exclude_weak_session_bucket,midday_lull_120_240,-0.1762380357885976,0
2026.02.06 18:55:00,2026-02-06T18:55:00Z,oos,4947,0,Tier A,tier_a_primary,Tier_A_full_context,c08_exclude_weak_session_bucket,midday_lull_120_240,-0.1762380357885976,0
2026.02.06 19:00:00,2026-02-06T19:00:00Z,oos,4948,0,Tier A,tier_a_primary,Tier_A_full_context,c08_exclude_weak_session_bucket,midday_lull_120_240,-0.1762380357885976,0
2026.02.06 19:05:00,2026-02-06T19:05:00Z,oos,4949,0,Tier A,tier_a_primary,Tier_A_full_context,c08_exclude_weak_session_bucket,midday_lull_120_240,-0.1762380357885976,0
2026.02.06 19:15:00,2026-02-06T19:15:00Z,oos,4950,0,Tier A,tier_a_primary,Tier_A_full_context,c08_exclude_weak_session_bucket,midday_lull_120_240,-0.1762380357885976,0
2026.02.06 19:20:00,2026-02-06T19:20:00Z,oos,4951,0,Tier A,tier_a_primary,Tier_A_full_context,c08_exclude_weak_session_bucket,midday_lull_120_240,-0.1762380357885976,0
2026.02.06 19:25:00,2026-02-06T19:25:00Z,oos,4952,0,Tier A,tier_a_primary,Tier_A_full_context,c08_exclude_weak_session_bucket,midday_lull_120_240,-0.1762380357885976,0
2026.02.06 19:30:00,2026-02-06T19:30:00Z,oos,4953,0,Tier A,tier_a_primary,Tier_A_full_context,c08_exclude_weak_session_bucket,midday_lull_120_240,-0.1762380357885976,0
2026.02.06 19:40:00,2026-02-06T19:40:00Z,oos,4954,0,Tier A,tier_a_primary,Tier_A_full_context,c08_exclude_weak_session_bucket,midday_lull_120_240,-0.1762380357885976,0
2026.02.06 19:45:00,2026-02-06T19:45:00Z,oos,4955,0,Tier A,tier_a_primary,Tier_A_full_context,c08_exclude_weak_session_bucket,midday_lull_120_240,-0.1762380357885976,0
2026.02.06 20:00:00,2026-02-06T20:00:00Z,oos,4956,0,Tier A,tier_a_primary,Tier_A_full_context,c08_exclude_weak_session_bucket,midday_lull_120_240,-0.1762380357885976,0
2026.02.06 20:05:00,2026-02-06T20:05:00Z,oos,4957,0,Tier A,tier_a_primary,Tier_A_full_context,c08_exclude_weak_session_bucket,midday_lull_120_240,-0.1762380357885976,0
2026.02.06 20:10:00,2026-02-06T20:10:00Z,oos,4958,0,Tier A,tier_a_primary,Tier_A_full_context,c08_exclude_weak_session_bucket,midday_lull_120_240,-0.1762380357885976,0
2026.02.06 20:15:00,2026-02-06T20:15:00Z,oos,4959,0,Tier A,tier_a_primary,Tier_A_full_context,c08_exclude_weak_session_bucket,midday_lull_120_240,-0.1762380357885976,0
2026.02.06 20:20:00,2026-02-06T20:20:00Z,oos,4960,0,Tier A,tier_a_primary,Tier_A_full_context,c08_exclude_weak_session_bucket,midday_lull_120_240,-0.1762380357885976,0
2026.02.06 20:25:00,2026-02-06T20:25:00Z,oos,4961,0,Tier A,tier_a_primary,Tier_A_full_context,c08_exclude_weak_session_bucket,midday_lull_120_240,-0.1762380357885976,0
2026.02.06 20:30:00,2026-02-06T20:30:00Z,oos,4962,0,Tier A,tier_a_primary,Tier_A_full_context,c08_exclude_weak_session_bucket,midday_lull_120_240,-0.1762380357885976,0
2026.02.06 20:35:00,2026-02-06T20:35:00Z,oos,4963,0,Tier A,tier_a_primary,Tier_A_full_context,c08_exclude_weak_session_bucket,late_cash_240_330,-0.17209668943772988,0
2026.02.06 20:40:00,2026-02-06T20:40:00Z,oos,4964,0,Tier A,tier_a_primary,Tier_A_full_context,c08_exclude_weak_session_bucket,late_cash_240_330,-0.17209668943772988,0
2026.02.06 21:10:00,2026-02-06T21:10:00Z,oos,4965,0,Tier A,tier_a_primary,Tier_A_full_context,c08_exclude_weak_session_bucket,late_cash_240_330,-0.17209668943772988,0
2026.02.06 21:25:00,2026-02-06T21:25:00Z,oos,4966,0,Tier A,tier_a_primary,Tier_A_full_context,c08_exclude_weak_session_bucket,late_cash_240_330,-0.17209668943772988,0
2026.02.06 21:30:00,2026-02-06T21:30:00Z,oos,4967,0,Tier A,tier_a_primary,Tier_A_full_context,c08_exclude_weak_session_bucket,late_cash_240_330,-0.17209668943772988,0
2026.02.06 21:55:00,2026-02-06T21:55:00Z,oos,4968,0,Tier A,tier_a_primary,Tier_A_full_context,c08_exclude_weak_session_bucket,late_cash_240_330,-0.17209668943772988,0
2026.02.06 22:00:00,2026-02-06T22:00:00Z,oos,4969,0,Tier A,tier_a_primary,Tier_A_full_context,c08_exclude_weak_session_bucket,late_cash_240_330,-0.17209668943772988,0
2026.02.09 16:35:00,2026-02-09T16:35:00Z,oos,4970,0,Tier A,tier_a_primary,Tier_A_full_context,c08_exclude_weak_session_bucket,cash_open_0_30,-0.09635811836115327,0
2026.02.09 16:40:00,2026-02-09T16:40:00Z,oos,4971,0,Tier A,tier_a_primary,Tier_A_full_context,c08_exclude_weak_session_bucket,cash_open_0_30,-0.09635811836115327,0
2026.02.09 16:45:00,2026-02-09T16:45:00Z,oos,4972,0,Tier A,tier_a_primary,Tier_A_full_context,c08_exclude_weak_session_bucket,cash_open_0_30,-0.09635811836115327,0
2026.02.09 16:50:00,2026-02-09T16:50:00Z,oos,4973,0,Tier A,tier_a_primary,Tier_A_full_context,c08_exclude_weak_session_bucket,cash_open_0_30,-0.09635811836115327,0
2026.02.09 16:55:00,2026-02-09T16:55:00Z,oos,4974,0,Tier A,tier_a_primary,Tier_A_full_context,c08_exclude_weak_session_bucket,cash_open_0_30,-0.09635811836115327,0
2026.02.09 17:00:00,2026-02-09T17:00:00Z,oos,4975,0,Tier A,tier_a_primary,Tier_A_full_context,c08_exclude_weak_session_bucket,cash_open_0_30,-0.09635811836115327,0
2026.02.09 17:05:00,2026-02-09T17:05:00Z,oos,4976,0,Tier A,tier_a_primary,Tier_A_full_context,c08_exclude_weak_session_bucket,early_cash_30_60,-0.12775735294117646,0
2026.02.09 17:10:00,2026-02-09T17:10:00Z,oos,4977,0,Tier A,tier_a_primary,Tier_A_full_context,c08_exclude_weak_session_bucket,early_cash_30_60,-0.12775735294117646,0
2026.02.09 17:15:00,2026-02-09T17:15:00Z,oos,4978,0,Tier A,tier_a_primary,Tier_A_full_context,c08_exclude_weak_session_bucket,early_cash_30_60,-0.12775735294117646,0
2026.02.09 17:20:00,2026-02-09T17:20:00Z,oos,4979,0,Tier A,tier_a_primary,Tier_A_full_context,c08_exclude_weak_session_bucket,early_cash_30_60,-0.12775735294117646,0
2026.02.09 17:25:00,2026-02-09T17:25:00Z,oos,4980,0,Tier A,tier_a_primary,Tier_A_full_context,c08_exclude_weak_session_bucket,early_cash_30_60,-0.12775735294117646,0
2026.02.09 17:30:00,2026-02-09T17:30:00Z,oos,4981,0,Tier A,tier_a_primary,Tier_A_full_context,c08_exclude_weak_session_bucket,early_cash_30_60,-0.12775735294117646,0
2026.02.09 17:35:00,2026-02-09T17:35:00Z,oos,4982,0,Tier A,tier_a_primary,Tier_A_full_context,c08_exclude_weak_session_bucket,morning_60_120,-0.1698966408268734,0
2026.02.09 17:40:00,2026-02-09T17:40:00Z,oos,4983,0,Tier A,tier_a_primary,Tier_A_full_context,c08_exclude_weak_session_bucket,morning_60_120,-0.1698966408268734,0
2026.02.09 17:45:00,2026-02-09T17:45:00Z,oos,4984,0,Tier A,tier_a_primary,Tier_A_full_context,c08_exclude_weak_session_bucket,morning_60_120,-0.1698966408268734,0
2026.02.09 17:50:00,2026-02-09T17:50:00Z,oos,4985,0,Tier A,tier_a_primary,Tier_A_full_context,c08_exclude_weak_session_bucket,morning_60_120,-0.1698966408268734,0
2026.02.09 17:55:00,2026-02-09T17:55:00Z,oos,4986,0,Tier A,tier_a_primary,Tier_A_full_context,c08_exclude_weak_session_bucket,morning_60_120,-0.1698966408268734,0
2026.02.09 18:00:00,2026-02-09T18:00:00Z,oos,4987,0,Tier A,tier_a_primary,Tier_A_full_context,c08_exclude_weak_session_bucket,morning_60_120,-0.1698966408268734,0
2026.02.09 18:05:00,2026-02-09T18:05:00Z,oos,4988,0,Tier A,tier_a_primary,Tier_A_full_context,c08_exclude_weak_session_bucket,morning_60_120,-0.1698966408268734,0
2026.02.09 18:10:00,2026-02-09T18:10:00Z,oos,4989,0,Tier A,tier_a_primary,Tier_A_full_context,c08_exclude_weak_session_bucket,morning_60_120,-0.1698966408268734,0
2026.02.09 18:15:00,2026-02-09T18:15:00Z,oos,4990,0,Tier A,tier_a_primary,Tier_A_full_context,c08_exclude_weak_session_bucket,morning_60_120,-0.1698966408268734,0
2026.02.09 18:20:00,2026-02-09T18:20:00Z,oos,4991,-1,Tier A,tier_a_primary,Tier_A_full_context,c08_exclude_weak_session_bucket,morning_60_120,-0.1698966408268734,-1
2026.02.09 18:25:00,2026-02-09T18:25:00Z,oos,4992,0,Tier A,tier_a_primary,Tier_A_full_context,c08_exclude_weak_session_bucket,morning_60_120,-0.1698966408268734,0
2026.02.09 18:35:00,2026-02-09T18:35:00Z,oos,4993,0,Tier A,tier_a_primary,Tier_A_full_context,c08_exclude_weak_session_bucket,midday_lull_120_240,-0.1762380357885976,0
2026.02.09 18:40:00,2026-02-09T18:40:00Z,oos,4994,0,Tier A,tier_a_primary,Tier_A_full_context,c08_exclude_weak_session_bucket,midday_lull_120_240,-0.1762380357885976,0
2026.02.09 18:45:00,2026-02-09T18:45:00Z,oos,4995,0,Tier A,tier_a_primary,Tier_A_full_context,c08_exclude_weak_session_bucket,midday_lull_120_240,-0.1762380357885976,0
2026.02.09 18:50:00,2026-02-09T18:50:00Z,oos,4996,0,Tier A,tier_a_primary,Tier_A_full_context,c08_exclude_weak_session_bucket,midday_lull_120_240,-0.1762380357885976,0
2026.02.09 18:55:00,2026-02-09T18:55:00Z,oos,4997,0,Tier A,tier_a_primary,Tier_A_full_context,c08_exclude_weak_session_bucket,midday_lull_120_240,-0.1762380357885976,0
2026.02.09 19:00:00,2026-02-09T19:00:00Z,oos,4998,0,Tier A,tier_a_primary,Tier_A_full_context,c08_exclude_weak_session_bucket,midday_lull_120_240,-0.1762380357885976,0
2026.02.09 19:05:00,2026-02-09T19:05:00Z,oos,4999,0,Tier A,tier_a_primary,Tier_A_full_context,c08_exclude_weak_session_bucket,midday_lull_120_240,-0.1762380357885976,0
2026.02.09 19:10:00,2026-02-09T19:10:00Z,oos,5000,0,Tier A,tier_a_primary,Tier_A_full_context,c08_exclude_weak_session_bucket,midday_lull_120_240,-0.1762380357885976,0
2026.02.09 19:15:00,2026-02-09T19:15:00Z,oos,5001,0,Tier A,tier_a_primary,Tier_A_full_context,c08_exclude_weak_session_bucket,midday_lull_120_240,-0.1762380357885976,0
2026.02.09 19:25:00,2026-02-09T19:25:00Z,oos,5002,0,Tier A,tier_a_primary,Tier_A_full_context,c08_exclude_weak_session_bucket,midday_lull_120_240,-0.1762380357885976,0
2026.02.09 19:30:00,2026-02-09T19:30:00Z,oos,5003,0,Tier A,tier_a_primary,Tier_A_full_context,c08_exclude_weak_session_bucket,midday_lull_120_240,-0.1762380357885976,0
2026.02.09 19:35:00,2026-02-09T19:35:00Z,oos,5004,0,Tier A,tier_a_primary,Tier_A_full_context,c08_exclude_weak_session_bucket,midday_lull_120_240,-0.1762380357885976,0
2026.02.09 19:40:00,2026-02-09T19:40:00Z,oos,5005,0,Tier A,tier_a_primary,Tier_A_full_context,c08_exclude_weak_session_bucket,midday_lull_120_240,-0.1762380357885976,0
2026.02.09 19:45:00,2026-02-09T19:45:00Z,oos,5006,0,Tier A,tier_a_primary,Tier_A_full_context,c08_exclude_weak_session_bucket,midday_lull_120_240,-0.1762380357885976,0
2026.02.09 19:50:00,2026-02-09T19:50:00Z,oos,5007,0,Tier A,tier_a_primary,Tier_A_full_context,c08_exclude_weak_session_bucket,midday_lull_120_240,-0.1762380357885976,0
2026.02.09 19:55:00,2026-02-09T19:55:00Z,oos,5008,0,Tier A,tier_a_primary,Tier_A_full_context,c08_exclude_weak_session_bucket,midday_lull_120_240,-0.1762380357885976,0
2026.02.09 20:05:00,2026-02-09T20:05:00Z,oos,5009,0,Tier A,tier_a_primary,Tier_A_full_context,c08_exclude_weak_session_bucket,midday_lull_120_240,-0.1762380357885976,0
2026.02.09 20:10:00,2026-02-09T20:10:00Z,oos,5010,0,Tier A,tier_a_primary,Tier_A_full_context,c08_exclude_weak_session_bucket,midday_lull_120_240,-0.1762380357885976,0
2026.02.09 20:20:00,2026-02-09T20:20:00Z,oos,5011,0,Tier A,tier_a_primary,Tier_A_full_context,c08_exclude_weak_session_bucket,midday_lull_120_240,-0.1762380357885976,0
2026.02.09 20:25:00,2026-02-09T20:25:00Z,oos,5012,0,Tier A,tier_a_primary,Tier_A_full_context,c08_exclude_weak_session_bucket,midday_lull_120_240,-0.1762380357885976,0
2026.02.09 20:30:00,2026-02-09T20:30:00Z,oos,5013,0,Tier A,tier_a_primary,Tier_A_full_context,c08_exclude_weak_session_bucket,midday_lull_120_240,-0.1762380357885976,0
2026.02.09 20:35:00,2026-02-09T20:35:00Z,oos,5014,1,Tier A,tier_a_primary,Tier_A_full_context,c08_exclude_weak_session_bucket,late_cash_240_330,-0.17209668943772988,1
2026.02.09 20:40:00,2026-02-09T20:40:00Z,oos,5015,0,Tier A,tier_a_primary,Tier_A_full_context,c08_exclude_weak_session_bucket,late_cash_240_330,-0.17209668943772988,0
2026.02.09 20:50:00,2026-02-09T20:50:00Z,oos,5016,0,Tier A,tier_a_primary,Tier_A_full_context,c08_exclude_weak_session_bucket,late_cash_240_330,-0.17209668943772988,0
2026.02.09 21:00:00,2026-02-09T21:00:00Z,oos,5017,0,Tier A,tier_a_primary,Tier_A_full_context,c08_exclude_weak_session_bucket,late_cash_240_330,-0.17209668943772988,0
2026.02.09 21:05:00,2026-02-09T21:05:00Z,oos,5018,0,Tier A,tier_a_primary,Tier_A_full_context,c08_exclude_weak_session_bucket,late_cash_240_330,-0.17209668943772988,0
2026.02.09 21:10:00,2026-02-09T21:10:00Z,oos,5019,0,Tier A,tier_a_primary,Tier_A_full_context,c08_exclude_weak_session_bucket,late_cash_240_330,-0.17209668943772988,0
2026.02.09 21:20:00,2026-02-09T21:20:00Z,oos,5020,0,Tier A,tier_a_primary,Tier_A_full_context,c08_exclude_weak_session_bucket,late_cash_240_330,-0.17209668943772988,0
2026.02.09 21:25:00,2026-02-09T21:25:00Z,oos,5021,0,Tier A,tier_a_primary,Tier_A_full_context,c08_exclude_weak_session_bucket,late_cash_240_330,-0.17209668943772988,0
2026.02.09 21:35:00,2026-02-09T21:35:00Z,oos,5022,0,Tier A,tier_a_primary,Tier_A_full_context,c08_exclude_weak_session_bucket,late_cash_240_330,-0.17209668943772988,0
2026.02.09 21:45:00,2026-02-09T21:45:00Z,oos,5023,0,Tier A,tier_a_primary,Tier_A_full_context,c08_exclude_weak_session_bucket,late_cash_240_330,-0.17209668943772988,0
2026.02.09 21:50:00,2026-02-09T21:50:00Z,oos,5024,0,Tier A,tier_a_primary,Tier_A_full_context,c08_exclude_weak_session_bucket,late_cash_240_330,-0.17209668943772988,0
2026.02.09 21:55:00,2026-02-09T21:55:00Z,oos,5025,0,Tier A,tier_a_primary,Tier_A_full_context,c08_exclude_weak_session_bucket,late_cash_240_330,-0.17209668943772988,0
2026.02.10 16:35:00,2026-02-10T16:35:00Z,oos,5026,0,Tier A,tier_a_primary,Tier_A_full_context,c08_exclude_weak_session_bucket,cash_open_0_30,-0.09635811836115327,0
2026.02.10 16:40:00,2026-02-10T16:40:00Z,oos,5027,0,Tier A,tier_a_primary,Tier_A_full_context,c08_exclude_weak_session_bucket,cash_open_0_30,-0.09635811836115327,0
2026.02.10 16:45:00,2026-02-10T16:45:00Z,oos,5028,-1,Tier A,tier_a_primary,Tier_A_full_context,c08_exclude_weak_session_bucket,cash_open_0_30,-0.09635811836115327,-1
2026.02.10 16:50:00,2026-02-10T16:50:00Z,oos,5029,-1,Tier A,tier_a_primary,Tier_A_full_context,c08_exclude_weak_session_bucket,cash_open_0_30,-0.09635811836115327,-1
2026.02.10 16:55:00,2026-02-10T16:55:00Z,oos,5030,1,Tier A,tier_a_primary,Tier_A_full_context,c08_exclude_weak_session_bucket,cash_open_0_30,-0.09635811836115327,1
2026.02.10 17:00:00,2026-02-10T17:00:00Z,oos,5031,1,Tier A,tier_a_primary,Tier_A_full_context,c08_exclude_weak_session_bucket,cash_open_0_30,-0.09635811836115327,1
2026.02.10 17:05:00,2026-02-10T17:05:00Z,oos,5032,0,Tier A,tier_a_primary,Tier_A_full_context,c08_exclude_weak_session_bucket,early_cash_30_60,-0.12775735294117646,0
2026.02.10 17:10:00,2026-02-10T17:10:00Z,oos,5033,0,Tier A,tier_a_primary,Tier_A_full_context,c08_exclude_weak_session_bucket,early_cash_30_60,-0.12775735294117646,0
2026.02.10 17:15:00,2026-02-10T17:15:00Z,oos,5034,0,Tier A,tier_a_primary,Tier_A_full_context,c08_exclude_weak_session_bucket,early_cash_30_60,-0.12775735294117646,0
2026.02.10 17:20:00,2026-02-10T17:20:00Z,oos,5035,0,Tier A,tier_a_primary,Tier_A_full_context,c08_exclude_weak_session_bucket,early_cash_30_60,-0.12775735294117646,0
2026.02.10 17:25:00,2026-02-10T17:25:00Z,oos,5036,0,Tier A,tier_a_primary,Tier_A_full_context,c08_exclude_weak_session_bucket,early_cash_30_60,-0.12775735294117646,0
2026.02.10 17:30:00,2026-02-10T17:30:00Z,oos,5037,0,Tier A,tier_a_primary,Tier_A_full_context,c08_exclude_weak_session_bucket,early_cash_30_60,-0.12775735294117646,0
2026.02.10 17:35:00,2026-02-10T17:35:00Z,oos,5038,0,Tier A,tier_a_primary,Tier_A_full_context,c08_exclude_weak_session_bucket,morning_60_120,-0.1698966408268734,0
2026.02.10 17:40:00,2026-02-10T17:40:00Z,oos,5039,0,Tier A,tier_a_primary,Tier_A_full_context,c08_exclude_weak_session_bucket,morning_60_120,-0.1698966408268734,0
2026.02.10 17:45:00,2026-02-10T17:45:00Z,oos,5040,0,Tier A,tier_a_primary,Tier_A_full_context,c08_exclude_weak_session_bucket,morning_60_120,-0.1698966408268734,0
2026.02.10 17:50:00,2026-02-10T17:50:00Z,oos,5041,0,Tier A,tier_a_primary,Tier_A_full_context,c08_exclude_weak_session_bucket,morning_60_120,-0.1698966408268734,0
2026.02.10 17:55:00,2026-02-10T17:55:00Z,oos,5042,0,Tier A,tier_a_primary,Tier_A_full_context,c08_exclude_weak_session_bucket,morning_60_120,-0.1698966408268734,0
2026.02.10 18:00:00,2026-02-10T18:00:00Z,oos,5043,0,Tier A,tier_a_primary,Tier_A_full_context,c08_exclude_weak_session_bucket,morning_60_120,-0.1698966408268734,0
2026.02.10 18:05:00,2026-02-10T18:05:00Z,oos,5044,0,Tier A,tier_a_primary,Tier_A_full_context,c08_exclude_weak_session_bucket,morning_60_120,-0.1698966408268734,0
2026.02.10 18:10:00,2026-02-10T18:10:00Z,oos,5045,0,Tier A,tier_a_primary,Tier_A_full_context,c08_exclude_weak_session_bucket,morning_60_120,-0.1698966408268734,0
2026.02.10 18:15:00,2026-02-10T18:15:00Z,oos,5046,0,Tier A,tier_a_primary,Tier_A_full_context,c08_exclude_weak_session_bucket,morning_60_120,-0.1698966408268734,0
2026.02.10 18:20:00,2026-02-10T18:20:00Z,oos,5047,0,Tier A,tier_a_primary,Tier_A_full_context,c08_exclude_weak_session_bucket,morning_60_120,-0.1698966408268734,0
2026.02.10 18:25:00,2026-02-10T18:25:00Z,oos,5048,0,Tier A,tier_a_primary,Tier_A_full_context,c08_exclude_weak_session_bucket,morning_60_120,-0.1698966408268734,0
2026.02.10 18:30:00,2026-02-10T18:30:00Z,oos,5049,0,Tier A,tier_a_primary,Tier_A_full_context,c08_exclude_weak_session_bucket,morning_60_120,-0.1698966408268734,0
2026.02.10 18:35:00,2026-02-10T18:35:00Z,oos,5050,0,Tier A,tier_a_primary,Tier_A_full_context,c08_exclude_weak_session_bucket,midday_lull_120_240,-0.1762380357885976,0
2026.02.10 18:40:00,2026-02-10T18:40:00Z,oos,5051,0,Tier A,tier_a_primary,Tier_A_full_context,c08_exclude_weak_session_bucket,midday_lull_120_240,-0.1762380357885976,0
2026.02.10 18:45:00,2026-02-10T18:45:00Z,oos,5052,0,Tier A,tier_a_primary,Tier_A_full_context,c08_exclude_weak_session_bucket,midday_lull_120_240,-0.1762380357885976,0
2026.02.10 18:50:00,2026-02-10T18:50:00Z,oos,5053,0,Tier A,tier_a_primary,Tier_A_full_context,c08_exclude_weak_session_bucket,midday_lull_120_240,-0.1762380357885976,0
2026.02.10 18:55:00,2026-02-10T18:55:00Z,oos,5054,0,Tier A,tier_a_primary,Tier_A_full_context,c08_exclude_weak_session_bucket,midday_lull_120_240,-0.1762380357885976,0
2026.02.10 19:00:00,2026-02-10T19:00:00Z,oos,5055,0,Tier A,tier_a_primary,Tier_A_full_context,c08_exclude_weak_session_bucket,midday_lull_120_240,-0.1762380357885976,0
2026.02.10 19:05:00,2026-02-10T19:05:00Z,oos,5056,0,Tier A,tier_a_primary,Tier_A_full_context,c08_exclude_weak_session_bucket,midday_lull_120_240,-0.1762380357885976,0
2026.02.10 19:10:00,2026-02-10T19:10:00Z,oos,5057,0,Tier A,tier_a_primary,Tier_A_full_context,c08_exclude_weak_session_bucket,midday_lull_120_240,-0.1762380357885976,0
2026.02.10 19:15:00,2026-02-10T19:15:00Z,oos,5058,0,Tier A,tier_a_primary,Tier_A_full_context,c08_exclude_weak_session_bucket,midday_lull_120_240,-0.1762380357885976,0
2026.02.10 19:25:00,2026-02-10T19:25:00Z,oos,5059,0,Tier A,tier_a_primary,Tier_A_full_context,c08_exclude_weak_session_bucket,midday_lull_120_240,-0.1762380357885976,0
2026.02.10 19:30:00,2026-02-10T19:30:00Z,oos,5060,0,Tier A,tier_a_primary,Tier_A_full_context,c08_exclude_weak_session_bucket,midday_lull_120_240,-0.1762380357885976,0
2026.02.10 19:35:00,2026-02-10T19:35:00Z,oos,5061,0,Tier A,tier_a_primary,Tier_A_full_context,c08_exclude_weak_session_bucket,midday_lull_120_240,-0.1762380357885976,0
2026.02.10 19:40:00,2026-02-10T19:40:00Z,oos,5062,0,Tier A,tier_a_primary,Tier_A_full_context,c08_exclude_weak_session_bucket,midday_lull_120_240,-0.1762380357885976,0
2026.02.10 19:50:00,2026-02-10T19:50:00Z,oos,5063,0,Tier A,tier_a_primary,Tier_A_full_context,c08_exclude_weak_session_bucket,midday_lull_120_240,-0.1762380357885976,0
2026.02.10 19:55:00,2026-02-10T19:55:00Z,oos,5064,0,Tier A,tier_a_primary,Tier_A_full_context,c08_exclude_weak_session_bucket,midday_lull_120_240,-0.1762380357885976,0
2026.02.10 20:00:00,2026-02-10T20:00:00Z,oos,5065,0,Tier A,tier_a_primary,Tier_A_full_context,c08_exclude_weak_session_bucket,midday_lull_120_240,-0.1762380357885976,0
2026.02.10 20:05:00,2026-02-10T20:05:00Z,oos,5066,0,Tier A,tier_a_primary,Tier_A_full_context,c08_exclude_weak_session_bucket,midday_lull_120_240,-0.1762380357885976,0
2026.02.10 20:10:00,2026-02-10T20:10:00Z,oos,5067,0,Tier A,tier_a_primary,Tier_A_full_context,c08_exclude_weak_session_bucket,midday_lull_120_240,-0.1762380357885976,0
2026.02.10 20:15:00,2026-02-10T20:15:00Z,oos,5068,0,Tier A,tier_a_primary,Tier_A_full_context,c08_exclude_weak_session_bucket,midday_lull_120_240,-0.1762380357885976,0
2026.02.10 20:25:00,2026-02-10T20:25:00Z,oos,5069,0,Tier A,tier_a_primary,Tier_A_full_context,c08_exclude_weak_session_bucket,midday_lull_120_240,-0.1762380357885976,0
2026.02.10 20:30:00,2026-02-10T20:30:00Z,oos,5070,0,Tier A,tier_a_primary,Tier_A_full_context,c08_exclude_weak_session_bucket,midday_lull_120_240,-0.1762380357885976,0
2026.02.10 20:40:00,2026-02-10T20:40:00Z,oos,5071,0,Tier A,tier_a_primary,Tier_A_full_context,c08_exclude_weak_session_bucket,late_cash_240_330,-0.17209668943772988,0
2026.02.10 20:45:00,2026-02-10T20:45:00Z,oos,5072,0,Tier A,tier_a_primary,Tier_A_full_context,c08_exclude_weak_session_bucket,late_cash_240_330,-0.17209668943772988,0
2026.02.10 20:50:00,2026-02-10T20:50:00Z,oos,5073,0,Tier A,tier_a_primary,Tier_A_full_context,c08_exclude_weak_session_bucket,late_cash_240_330,-0.17209668943772988,0
2026.02.10 20:55:00,2026-02-10T20:55:00Z,oos,5074,0,Tier A,tier_a_primary,Tier_A_full_context,c08_exclude_weak_session_bucket,late_cash_240_330,-0.17209668943772988,0
2026.02.10 21:00:00,2026-02-10T21:00:00Z,oos,5075,1,Tier A,tier_a_primary,Tier_A_full_context,c08_exclude_weak_session_bucket,late_cash_240_330,-0.17209668943772988,1
2026.02.10 21:05:00,2026-02-10T21:05:00Z,oos,5076,0,Tier A,tier_a_primary,Tier_A_full_context,c08_exclude_weak_session_bucket,late_cash_240_330,-0.17209668943772988,0
2026.02.10 21:15:00,2026-02-10T21:15:00Z,oos,5077,0,Tier A,tier_a_primary,Tier_A_full_context,c08_exclude_weak_session_bucket,late_cash_240_330,-0.17209668943772988,0
2026.02.10 21:20:00,2026-02-10T21:20:00Z,oos,5078,-1,Tier A,tier_a_primary,Tier_A_full_context,c08_exclude_weak_session_bucket,late_cash_240_330,-0.17209668943772988,-1
2026.02.10 21:25:00,2026-02-10T21:25:00Z,oos,5079,1,Tier A,tier_a_primary,Tier_A_full_context,c08_exclude_weak_session_bucket,late_cash_240_330,-0.17209668943772988,1
2026.02.10 21:40:00,2026-02-10T21:40:00Z,oos,5080,0,Tier A,tier_a_primary,Tier_A_full_context,c08_exclude_weak_session_bucket,late_cash_240_330,-0.17209668943772988,0
2026.02.10 21:45:00,2026-02-10T21:45:00Z,oos,5081,0,Tier A,tier_a_primary,Tier_A_full_context,c08_exclude_weak_session_bucket,late_cash_240_330,-0.17209668943772988,0
2026.02.10 21:50:00,2026-02-10T21:50:00Z,oos,5082,0,Tier A,tier_a_primary,Tier_A_full_context,c08_exclude_weak_session_bucket,late_cash_240_330,-0.17209668943772988,0
2026.02.10 21:55:00,2026-02-10T21:55:00Z,oos,5083,0,Tier A,tier_a_primary,Tier_A_full_context,c08_exclude_weak_session_bucket,late_cash_240_330,-0.17209668943772988,0
2026.02.10 22:00:00,2026-02-10T22:00:00Z,oos,5084,1,Tier A,tier_a_primary,Tier_A_full_context,c08_exclude_weak_session_bucket,late_cash_240_330,-0.17209668943772988,1
2026.02.11 16:35:00,2026-02-11T16:35:00Z,oos,5085,-1,Tier A,tier_a_primary,Tier_A_full_context,c08_exclude_weak_session_bucket,cash_open_0_30,-0.09635811836115327,-1
2026.02.11 16:40:00,2026-02-11T16:40:00Z,oos,5086,-1,Tier A,tier_a_primary,Tier_A_full_context,c08_exclude_weak_session_bucket,cash_open_0_30,-0.09635811836115327,-1
2026.02.11 16:45:00,2026-02-11T16:45:00Z,oos,5087,1,Tier A,tier_a_primary,Tier_A_full_context,c08_exclude_weak_session_bucket,cash_open_0_30,-0.09635811836115327,1
2026.02.11 16:50:00,2026-02-11T16:50:00Z,oos,5088,0,Tier A,tier_a_primary,Tier_A_full_context,c08_exclude_weak_session_bucket,cash_open_0_30,-0.09635811836115327,0
2026.02.11 16:55:00,2026-02-11T16:55:00Z,oos,5089,-1,Tier A,tier_a_primary,Tier_A_full_context,c08_exclude_weak_session_bucket,cash_open_0_30,-0.09635811836115327,-1
2026.02.11 17:00:00,2026-02-11T17:00:00Z,oos,5090,-1,Tier A,tier_a_primary,Tier_A_full_context,c08_exclude_weak_session_bucket,cash_open_0_30,-0.09635811836115327,-1
2026.02.11 17:05:00,2026-02-11T17:05:00Z,oos,5091,0,Tier A,tier_a_primary,Tier_A_full_context,c08_exclude_weak_session_bucket,early_cash_30_60,-0.12775735294117646,0
2026.02.11 17:10:00,2026-02-11T17:10:00Z,oos,5092,-1,Tier A,tier_a_primary,Tier_A_full_context,c08_exclude_weak_session_bucket,early_cash_30_60,-0.12775735294117646,-1
2026.02.11 17:15:00,2026-02-11T17:15:00Z,oos,5093,-1,Tier A,tier_a_primary,Tier_A_full_context,c08_exclude_weak_session_bucket,early_cash_30_60,-0.12775735294117646,-1
2026.02.11 17:20:00,2026-02-11T17:20:00Z,oos,5094,-1,Tier A,tier_a_primary,Tier_A_full_context,c08_exclude_weak_session_bucket,early_cash_30_60,-0.12775735294117646,-1
2026.02.11 17:25:00,2026-02-11T17:25:00Z,oos,5095,-1,Tier A,tier_a_primary,Tier_A_full_context,c08_exclude_weak_session_bucket,early_cash_30_60,-0.12775735294117646,-1
2026.02.11 17:30:00,2026-02-11T17:30:00Z,oos,5096,0,Tier A,tier_a_primary,Tier_A_full_context,c08_exclude_weak_session_bucket,early_cash_30_60,-0.12775735294117646,0
2026.02.11 17:35:00,2026-02-11T17:35:00Z,oos,5097,1,Tier A,tier_a_primary,Tier_A_full_context,c08_exclude_weak_session_bucket,morning_60_120,-0.1698966408268734,1
2026.02.11 17:40:00,2026-02-11T17:40:00Z,oos,5098,1,Tier A,tier_a_primary,Tier_A_full_context,c08_exclude_weak_session_bucket,morning_60_120,-0.1698966408268734,1
2026.02.11 17:45:00,2026-02-11T17:45:00Z,oos,5099,0,Tier A,tier_a_primary,Tier_A_full_context,c08_exclude_weak_session_bucket,morning_60_120,-0.1698966408268734,0
2026.02.11 17:50:00,2026-02-11T17:50:00Z,oos,5100,0,Tier A,tier_a_primary,Tier_A_full_context,c08_exclude_weak_session_bucket,morning_60_120,-0.1698966408268734,0
2026.02.11 17:55:00,2026-02-11T17:55:00Z,oos,5101,1,Tier A,tier_a_primary,Tier_A_full_context,c08_exclude_weak_session_bucket,morning_60_120,-0.1698966408268734,1
2026.02.11 18:00:00,2026-02-11T18:00:00Z,oos,5102,0,Tier A,tier_a_primary,Tier_A_full_context,c08_exclude_weak_session_bucket,morning_60_120,-0.1698966408268734,0
2026.02.11 18:05:00,2026-02-11T18:05:00Z,oos,5103,0,Tier A,tier_a_primary,Tier_A_full_context,c08_exclude_weak_session_bucket,morning_60_120,-0.1698966408268734,0
2026.02.11 18:10:00,2026-02-11T18:10:00Z,oos,5104,0,Tier A,tier_a_primary,Tier_A_full_context,c08_exclude_weak_session_bucket,morning_60_120,-0.1698966408268734,0
2026.02.11 18:15:00,2026-02-11T18:15:00Z,oos,5105,1,Tier A,tier_a_primary,Tier_A_full_context,c08_exclude_weak_session_bucket,morning_60_120,-0.1698966408268734,1
2026.02.11 18:20:00,2026-02-11T18:20:00Z,oos,5106,0,Tier A,tier_a_primary,Tier_A_full_context,c08_exclude_weak_session_bucket,morning_60_120,-0.1698966408268734,0
2026.02.11 18:25:00,2026-02-11T18:25:00Z,oos,5107,0,Tier A,tier_a_primary,Tier_A_full_context,c08_exclude_weak_session_bucket,morning_60_120,-0.1698966408268734,0
2026.02.11 18:30:00,2026-02-11T18:30:00Z,oos,5108,-1,Tier A,tier_a_primary,Tier_A_full_context,c08_exclude_weak_session_bucket,morning_60_120,-0.1698966408268734,-1
2026.02.11 18:35:00,2026-02-11T18:35:00Z,oos,5109,0,Tier A,tier_a_primary,Tier_A_full_context,c08_exclude_weak_session_bucket,midday_lull_120_240,-0.1762380357885976,0
2026.02.11 18:40:00,2026-02-11T18:40:00Z,oos,5110,0,Tier A,tier_a_primary,Tier_A_full_context,c08_exclude_weak_session_bucket,midday_lull_120_240,-0.1762380357885976,0
2026.02.11 18:45:00,2026-02-11T18:45:00Z,oos,5111,0,Tier A,tier_a_primary,Tier_A_full_context,c08_exclude_weak_session_bucket,midday_lull_120_240,-0.1762380357885976,0
2026.02.11 18:50:00,2026-02-11T18:50:00Z,oos,5112,0,Tier A,tier_a_primary,Tier_A_full_context,c08_exclude_weak_session_bucket,midday_lull_120_240,-0.1762380357885976,0
2026.02.11 18:55:00,2026-02-11T18:55:00Z,oos,5113,0,Tier A,tier_a_primary,Tier_A_full_context,c08_exclude_weak_session_bucket,midday_lull_120_240,-0.1762380357885976,0
2026.02.11 19:00:00,2026-02-11T19:00:00Z,oos,5114,0,Tier A,tier_a_primary,Tier_A_full_context,c08_exclude_weak_session_bucket,midday_lull_120_240,-0.1762380357885976,0
2026.02.11 19:05:00,2026-02-11T19:05:00Z,oos,5115,0,Tier A,tier_a_primary,Tier_A_full_context,c08_exclude_weak_session_bucket,midday_lull_120_240,-0.1762380357885976,0
2026.02.11 19:10:00,2026-02-11T19:10:00Z,oos,5116,0,Tier A,tier_a_primary,Tier_A_full_context,c08_exclude_weak_session_bucket,midday_lull_120_240,-0.1762380357885976,0
2026.02.11 19:15:00,2026-02-11T19:15:00Z,oos,5117,0,Tier A,tier_a_primary,Tier_A_full_context,c08_exclude_weak_session_bucket,midday_lull_120_240,-0.1762380357885976,0
2026.02.11 19:20:00,2026-02-11T19:20:00Z,oos,5118,0,Tier A,tier_a_primary,Tier_A_full_context,c08_exclude_weak_session_bucket,midday_lull_120_240,-0.1762380357885976,0
2026.02.11 19:25:00,2026-02-11T19:25:00Z,oos,5119,0,Tier A,tier_a_primary,Tier_A_full_context,c08_exclude_weak_session_bucket,midday_lull_120_240,-0.1762380357885976,0
2026.02.11 19:30:00,2026-02-11T19:30:00Z,oos,5120,0,Tier A,tier_a_primary,Tier_A_full_context,c08_exclude_weak_session_bucket,midday_lull_120_240,-0.1762380357885976,0
2026.02.11 19:35:00,2026-02-11T19:35:00Z,oos,5121,0,Tier A,tier_a_primary,Tier_A_full_context,c08_exclude_weak_session_bucket,midday_lull_120_240,-0.1762380357885976,0
2026.02.11 19:40:00,2026-02-11T19:40:00Z,oos,5122,0,Tier A,tier_a_primary,Tier_A_full_context,c08_exclude_weak_session_bucket,midday_lull_120_240,-0.1762380357885976,0
2026.02.11 19:45:00,2026-02-11T19:45:00Z,oos,5123,0,Tier A,tier_a_primary,Tier_A_full_context,c08_exclude_weak_session_bucket,midday_lull_120_240,-0.1762380357885976,0
2026.02.11 19:50:00,2026-02-11T19:50:00Z,oos,5124,0,Tier A,tier_a_primary,Tier_A_full_context,c08_exclude_weak_session_bucket,midday_lull_120_240,-0.1762380357885976,0
2026.02.11 19:55:00,2026-02-11T19:55:00Z,oos,5125,0,Tier A,tier_a_primary,Tier_A_full_context,c08_exclude_weak_session_bucket,midday_lull_120_240,-0.1762380357885976,0
2026.02.11 20:05:00,2026-02-11T20:05:00Z,oos,5126,0,Tier A,tier_a_primary,Tier_A_full_context,c08_exclude_weak_session_bucket,midday_lull_120_240,-0.1762380357885976,0
2026.02.11 20:10:00,2026-02-11T20:10:00Z,oos,5127,0,Tier A,tier_a_primary,Tier_A_full_context,c08_exclude_weak_session_bucket,midday_lull_120_240,-0.1762380357885976,0
2026.02.11 20:15:00,2026-02-11T20:15:00Z,oos,5128,0,Tier A,tier_a_primary,Tier_A_full_context,c08_exclude_weak_session_bucket,midday_lull_120_240,-0.1762380357885976,0
2026.02.11 20:20:00,2026-02-11T20:20:00Z,oos,5129,0,Tier A,tier_a_primary,Tier_A_full_context,c08_exclude_weak_session_bucket,midday_lull_120_240,-0.1762380357885976,0
2026.02.11 20:25:00,2026-02-11T20:25:00Z,oos,5130,0,Tier A,tier_a_primary,Tier_A_full_context,c08_exclude_weak_session_bucket,midday_lull_120_240,-0.1762380357885976,0
2026.02.11 20:30:00,2026-02-11T20:30:00Z,oos,5131,0,Tier A,tier_a_primary,Tier_A_full_context,c08_exclude_weak_session_bucket,midday_lull_120_240,-0.1762380357885976,0
2026.02.11 20:35:00,2026-02-11T20:35:00Z,oos,5132,0,Tier A,tier_a_primary,Tier_A_full_context,c08_exclude_weak_session_bucket,late_cash_240_330,-0.17209668943772988,0
2026.02.11 20:40:00,2026-02-11T20:40:00Z,oos,5133,0,Tier A,tier_a_primary,Tier_A_full_context,c08_exclude_weak_session_bucket,late_cash_240_330,-0.17209668943772988,0
2026.02.11 20:45:00,2026-02-11T20:45:00Z,oos,5134,0,Tier A,tier_a_primary,Tier_A_full_context,c08_exclude_weak_session_bucket,late_cash_240_330,-0.17209668943772988,0
2026.02.11 20:50:00,2026-02-11T20:50:00Z,oos,5135,0,Tier A,tier_a_primary,Tier_A_full_context,c08_exclude_weak_session_bucket,late_cash_240_330,-0.17209668943772988,0
2026.02.11 20:55:00,2026-02-11T20:55:00Z,oos,5136,0,Tier A,tier_a_primary,Tier_A_full_context,c08_exclude_weak_session_bucket,late_cash_240_330,-0.17209668943772988,0
2026.02.11 21:00:00,2026-02-11T21:00:00Z,oos,5137,0,Tier A,tier_a_primary,Tier_A_full_context,c08_exclude_weak_session_bucket,late_cash_240_330,-0.17209668943772988,0
2026.02.11 21:05:00,2026-02-11T21:05:00Z,oos,5138,0,Tier A,tier_a_primary,Tier_A_full_context,c08_exclude_weak_session_bucket,late_cash_240_330,-0.17209668943772988,0
2026.02.11 21:10:00,2026-02-11T21:10:00Z,oos,5139,0,Tier A,tier_a_primary,Tier_A_full_context,c08_exclude_weak_session_bucket,late_cash_240_330,-0.17209668943772988,0
2026.02.11 21:15:00,2026-02-11T21:15:00Z,oos,5140,0,Tier A,tier_a_primary,Tier_A_full_context,c08_exclude_weak_session_bucket,late_cash_240_330,-0.17209668943772988,0
2026.02.11 21:20:00,2026-02-11T21:20:00Z,oos,5141,0,Tier A,tier_a_primary,Tier_A_full_context,c08_exclude_weak_session_bucket,late_cash_240_330,-0.17209668943772988,0
2026.02.11 21:25:00,2026-02-11T21:25:00Z,oos,5142,0,Tier A,tier_a_primary,Tier_A_full_context,c08_exclude_weak_session_bucket,late_cash_240_330,-0.17209668943772988,0
2026.02.11 21:30:00,2026-02-11T21:30:00Z,oos,5143,0,Tier A,tier_a_primary,Tier_A_full_context,c08_exclude_weak_session_bucket,late_cash_240_330,-0.17209668943772988,0
2026.02.11 21:35:00,2026-02-11T21:35:00Z,oos,5144,0,Tier A,tier_a_primary,Tier_A_full_context,c08_exclude_weak_session_bucket,late_cash_240_330,-0.17209668943772988,0
2026.02.11 21:40:00,2026-02-11T21:40:00Z,oos,5145,0,Tier A,tier_a_primary,Tier_A_full_context,c08_exclude_weak_session_bucket,late_cash_240_330,-0.17209668943772988,0
2026.02.11 21:45:00,2026-02-11T21:45:00Z,oos,5146,0,Tier A,tier_a_primary,Tier_A_full_context,c08_exclude_weak_session_bucket,late_cash_240_330,-0.17209668943772988,0
2026.02.11 22:00:00,2026-02-11T22:00:00Z,oos,5147,0,Tier A,tier_a_primary,Tier_A_full_context,c08_exclude_weak_session_bucket,late_cash_240_330,-0.17209668943772988,0
2026.02.12 16:35:00,2026-02-12T16:35:00Z,oos,5148,0,Tier A,tier_a_primary,Tier_A_full_context,c08_exclude_weak_session_bucket,cash_open_0_30,-0.09635811836115327,0
2026.02.12 16:40:00,2026-02-12T16:40:00Z,oos,5149,0,Tier A,tier_a_primary,Tier_A_full_context,c08_exclude_weak_session_bucket,cash_open_0_30,-0.09635811836115327,0
2026.02.12 16:45:00,2026-02-12T16:45:00Z,oos,5150,0,Tier A,tier_a_primary,Tier_A_full_context,c08_exclude_weak_session_bucket,cash_open_0_30,-0.09635811836115327,0
2026.02.12 16:50:00,2026-02-12T16:50:00Z,oos,5151,0,Tier A,tier_a_primary,Tier_A_full_context,c08_exclude_weak_session_bucket,cash_open_0_30,-0.09635811836115327,0
2026.02.12 16:55:00,2026-02-12T16:55:00Z,oos,5152,1,Tier A,tier_a_primary,Tier_A_full_context,c08_exclude_weak_session_bucket,cash_open_0_30,-0.09635811836115327,1
2026.02.12 17:00:00,2026-02-12T17:00:00Z,oos,5153,-1,Tier A,tier_a_primary,Tier_A_full_context,c08_exclude_weak_session_bucket,cash_open_0_30,-0.09635811836115327,-1
2026.02.12 17:05:00,2026-02-12T17:05:00Z,oos,5154,0,Tier A,tier_a_primary,Tier_A_full_context,c08_exclude_weak_session_bucket,early_cash_30_60,-0.12775735294117646,0
2026.02.12 17:10:00,2026-02-12T17:10:00Z,oos,5155,0,Tier A,tier_a_primary,Tier_A_full_context,c08_exclude_weak_session_bucket,early_cash_30_60,-0.12775735294117646,0
2026.02.12 17:15:00,2026-02-12T17:15:00Z,oos,5156,1,Tier A,tier_a_primary,Tier_A_full_context,c08_exclude_weak_session_bucket,early_cash_30_60,-0.12775735294117646,1
2026.02.12 17:20:00,2026-02-12T17:20:00Z,oos,5157,0,Tier A,tier_a_primary,Tier_A_full_context,c08_exclude_weak_session_bucket,early_cash_30_60,-0.12775735294117646,0
2026.02.12 17:25:00,2026-02-12T17:25:00Z,oos,5158,1,Tier A,tier_a_primary,Tier_A_full_context,c08_exclude_weak_session_bucket,early_cash_30_60,-0.12775735294117646,1
2026.02.12 17:30:00,2026-02-12T17:30:00Z,oos,5159,0,Tier A,tier_a_primary,Tier_A_full_context,c08_exclude_weak_session_bucket,early_cash_30_60,-0.12775735294117646,0
2026.02.12 17:35:00,2026-02-12T17:35:00Z,oos,5160,-1,Tier A,tier_a_primary,Tier_A_full_context,c08_exclude_weak_session_bucket,morning_60_120,-0.1698966408268734,-1
2026.02.12 17:40:00,2026-02-12T17:40:00Z,oos,5161,-1,Tier A,tier_a_primary,Tier_A_full_context,c08_exclude_weak_session_bucket,morning_60_120,-0.1698966408268734,-1
2026.02.12 17:45:00,2026-02-12T17:45:00Z,oos,5162,-1,Tier A,tier_a_primary,Tier_A_full_context,c08_exclude_weak_session_bucket,morning_60_120,-0.1698966408268734,-1
2026.02.12 17:50:00,2026-02-12T17:50:00Z,oos,5163,0,Tier A,tier_a_primary,Tier_A_full_context,c08_exclude_weak_session_bucket,morning_60_120,-0.1698966408268734,0
2026.02.12 17:55:00,2026-02-12T17:55:00Z,oos,5164,-1,Tier A,tier_a_primary,Tier_A_full_context,c08_exclude_weak_session_bucket,morning_60_120,-0.1698966408268734,-1
2026.02.12 18:00:00,2026-02-12T18:00:00Z,oos,5165,0,Tier A,tier_a_primary,Tier_A_full_context,c08_exclude_weak_session_bucket,morning_60_120,-0.1698966408268734,0
2026.02.12 18:05:00,2026-02-12T18:05:00Z,oos,5166,0,Tier A,tier_a_primary,Tier_A_full_context,c08_exclude_weak_session_bucket,morning_60_120,-0.1698966408268734,0
2026.02.12 18:10:00,2026-02-12T18:10:00Z,oos,5167,0,Tier A,tier_a_primary,Tier_A_full_context,c08_exclude_weak_session_bucket,morning_60_120,-0.1698966408268734,0
2026.02.12 18:15:00,2026-02-12T18:15:00Z,oos,5168,0,Tier A,tier_a_primary,Tier_A_full_context,c08_exclude_weak_session_bucket,morning_60_120,-0.1698966408268734,0
2026.02.12 18:20:00,2026-02-12T18:20:00Z,oos,5169,0,Tier A,tier_a_primary,Tier_A_full_context,c08_exclude_weak_session_bucket,morning_60_120,-0.1698966408268734,0
2026.02.12 18:25:00,2026-02-12T18:25:00Z,oos,5170,0,Tier A,tier_a_primary,Tier_A_full_context,c08_exclude_weak_session_bucket,morning_60_120,-0.1698966408268734,0
2026.02.12 18:30:00,2026-02-12T18:30:00Z,oos,5171,-1,Tier A,tier_a_primary,Tier_A_full_context,c08_exclude_weak_session_bucket,morning_60_120,-0.1698966408268734,-1
2026.02.12 18:35:00,2026-02-12T18:35:00Z,oos,5172,0,Tier A,tier_a_primary,Tier_A_full_context,c08_exclude_weak_session_bucket,midday_lull_120_240,-0.1762380357885976,0
2026.02.12 18:40:00,2026-02-12T18:40:00Z,oos,5173,0,Tier A,tier_a_primary,Tier_A_full_context,c08_exclude_weak_session_bucket,midday_lull_120_240,-0.1762380357885976,0
2026.02.12 18:45:00,2026-02-12T18:45:00Z,oos,5174,0,Tier A,tier_a_primary,Tier_A_full_context,c08_exclude_weak_session_bucket,midday_lull_120_240,-0.1762380357885976,0
2026.02.12 18:50:00,2026-02-12T18:50:00Z,oos,5175,0,Tier A,tier_a_primary,Tier_A_full_context,c08_exclude_weak_session_bucket,midday_lull_120_240,-0.1762380357885976,0
2026.02.12 18:55:00,2026-02-12T18:55:00Z,oos,5176,0,Tier A,tier_a_primary,Tier_A_full_context,c08_exclude_weak_session_bucket,midday_lull_120_240,-0.1762380357885976,0
2026.02.12 19:00:00,2026-02-12T19:00:00Z,oos,5177,0,Tier A,tier_a_primary,Tier_A_full_context,c08_exclude_weak_session_bucket,midday_lull_120_240,-0.1762380357885976,0
2026.02.12 19:05:00,2026-02-12T19:05:00Z,oos,5178,0,Tier A,tier_a_primary,Tier_A_full_context,c08_exclude_weak_session_bucket,midday_lull_120_240,-0.1762380357885976,0
2026.02.12 19:10:00,2026-02-12T19:10:00Z,oos,5179,0,Tier A,tier_a_primary,Tier_A_full_context,c08_exclude_weak_session_bucket,midday_lull_120_240,-0.1762380357885976,0
2026.02.12 19:15:00,2026-02-12T19:15:00Z,oos,5180,0,Tier A,tier_a_primary,Tier_A_full_context,c08_exclude_weak_session_bucket,midday_lull_120_240,-0.1762380357885976,0
2026.02.12 19:20:00,2026-02-12T19:20:00Z,oos,5181,0,Tier A,tier_a_primary,Tier_A_full_context,c08_exclude_weak_session_bucket,midday_lull_120_240,-0.1762380357885976,0
2026.02.12 19:25:00,2026-02-12T19:25:00Z,oos,5182,0,Tier A,tier_a_primary,Tier_A_full_context,c08_exclude_weak_session_bucket,midday_lull_120_240,-0.1762380357885976,0
2026.02.12 19:30:00,2026-02-12T19:30:00Z,oos,5183,0,Tier A,tier_a_primary,Tier_A_full_context,c08_exclude_weak_session_bucket,midday_lull_120_240,-0.1762380357885976,0
2026.02.12 19:35:00,2026-02-12T19:35:00Z,oos,5184,0,Tier A,tier_a_primary,Tier_A_full_context,c08_exclude_weak_session_bucket,midday_lull_120_240,-0.1762380357885976,0
2026.02.12 19:40:00,2026-02-12T19:40:00Z,oos,5185,0,Tier A,tier_a_primary,Tier_A_full_context,c08_exclude_weak_session_bucket,midday_lull_120_240,-0.1762380357885976,0
2026.02.12 19:45:00,2026-02-12T19:45:00Z,oos,5186,0,Tier A,tier_a_primary,Tier_A_full_context,c08_exclude_weak_session_bucket,midday_lull_120_240,-0.1762380357885976,0
2026.02.12 19:50:00,2026-02-12T19:50:00Z,oos,5187,0,Tier A,tier_a_primary,Tier_A_full_context,c08_exclude_weak_session_bucket,midday_lull_120_240,-0.1762380357885976,0
2026.02.12 19:55:00,2026-02-12T19:55:00Z,oos,5188,0,Tier A,tier_a_primary,Tier_A_full_context,c08_exclude_weak_session_bucket,midday_lull_120_240,-0.1762380357885976,0
2026.02.12 20:00:00,2026-02-12T20:00:00Z,oos,5189,0,Tier A,tier_a_primary,Tier_A_full_context,c08_exclude_weak_session_bucket,midday_lull_120_240,-0.1762380357885976,0
2026.02.12 20:05:00,2026-02-12T20:05:00Z,oos,5190,0,Tier A,tier_a_primary,Tier_A_full_context,c08_exclude_weak_session_bucket,midday_lull_120_240,-0.1762380357885976,0
2026.02.12 20:10:00,2026-02-12T20:10:00Z,oos,5191,0,Tier A,tier_a_primary,Tier_A_full_context,c08_exclude_weak_session_bucket,midday_lull_120_240,-0.1762380357885976,0
2026.02.12 20:15:00,2026-02-12T20:15:00Z,oos,5192,0,Tier A,tier_a_primary,Tier_A_full_context,c08_exclude_weak_session_bucket,midday_lull_120_240,-0.1762380357885976,0
2026.02.12 20:20:00,2026-02-12T20:20:00Z,oos,5193,0,Tier A,tier_a_primary,Tier_A_full_context,c08_exclude_weak_session_bucket,midday_lull_120_240,-0.1762380357885976,0
2026.02.12 20:25:00,2026-02-12T20:25:00Z,oos,5194,0,Tier A,tier_a_primary,Tier_A_full_context,c08_exclude_weak_session_bucket,midday_lull_120_240,-0.1762380357885976,0
2026.02.12 20:30:00,2026-02-12T20:30:00Z,oos,5195,0,Tier A,tier_a_primary,Tier_A_full_context,c08_exclude_weak_session_bucket,midday_lull_120_240,-0.1762380357885976,0
2026.02.12 20:35:00,2026-02-12T20:35:00Z,oos,5196,0,Tier A,tier_a_primary,Tier_A_full_context,c08_exclude_weak_session_bucket,late_cash_240_330,-0.17209668943772988,0
2026.02.12 20:40:00,2026-02-12T20:40:00Z,oos,5197,1,Tier A,tier_a_primary,Tier_A_full_context,c08_exclude_weak_session_bucket,late_cash_240_330,-0.17209668943772988,1
2026.02.12 20:45:00,2026-02-12T20:45:00Z,oos,5198,1,Tier A,tier_a_primary,Tier_A_full_context,c08_exclude_weak_session_bucket,late_cash_240_330,-0.17209668943772988,1
2026.02.12 20:50:00,2026-02-12T20:50:00Z,oos,5199,0,Tier A,tier_a_primary,Tier_A_full_context,c08_exclude_weak_session_bucket,late_cash_240_330,-0.17209668943772988,0
2026.02.12 20:55:00,2026-02-12T20:55:00Z,oos,5200,1,Tier A,tier_a_primary,Tier_A_full_context,c08_exclude_weak_session_bucket,late_cash_240_330,-0.17209668943772988,1
2026.02.12 21:00:00,2026-02-12T21:00:00Z,oos,5201,0,Tier A,tier_a_primary,Tier_A_full_context,c08_exclude_weak_session_bucket,late_cash_240_330,-0.17209668943772988,0
2026.02.12 21:05:00,2026-02-12T21:05:00Z,oos,5202,0,Tier A,tier_a_primary,Tier_A_full_context,c08_exclude_weak_session_bucket,late_cash_240_330,-0.17209668943772988,0
2026.02.12 21:10:00,2026-02-12T21:10:00Z,oos,5203,0,Tier A,tier_a_primary,Tier_A_full_context,c08_exclude_weak_session_bucket,late_cash_240_330,-0.17209668943772988,0
2026.02.12 21:15:00,2026-02-12T21:15:00Z,oos,5204,0,Tier A,tier_a_primary,Tier_A_full_context,c08_exclude_weak_session_bucket,late_cash_240_330,-0.17209668943772988,0
2026.02.12 21:20:00,2026-02-12T21:20:00Z,oos,5205,1,Tier A,tier_a_primary,Tier_A_full_context,c08_exclude_weak_session_bucket,late_cash_240_330,-0.17209668943772988,1
2026.02.12 21:25:00,2026-02-12T21:25:00Z,oos,5206,0,Tier A,tier_a_primary,Tier_A_full_context,c08_exclude_weak_session_bucket,late_cash_240_330,-0.17209668943772988,0
2026.02.12 21:30:00,2026-02-12T21:30:00Z,oos,5207,0,Tier A,tier_a_primary,Tier_A_full_context,c08_exclude_weak_session_bucket,late_cash_240_330,-0.17209668943772988,0
2026.02.12 21:35:00,2026-02-12T21:35:00Z,oos,5208,0,Tier A,tier_a_primary,Tier_A_full_context,c08_exclude_weak_session_bucket,late_cash_240_330,-0.17209668943772988,0
2026.02.12 21:40:00,2026-02-12T21:40:00Z,oos,5209,0,Tier A,tier_a_primary,Tier_A_full_context,c08_exclude_weak_session_bucket,late_cash_240_330,-0.17209668943772988,0
2026.02.12 21:45:00,2026-02-12T21:45:00Z,oos,5210,0,Tier A,tier_a_primary,Tier_A_full_context,c08_exclude_weak_session_bucket,late_cash_240_330,-0.17209668943772988,0
2026.02.12 21:50:00,2026-02-12T21:50:00Z,oos,5211,0,Tier A,tier_a_primary,Tier_A_full_context,c08_exclude_weak_session_bucket,late_cash_240_330,-0.17209668943772988,0
2026.02.12 21:55:00,2026-02-12T21:55:00Z,oos,5212,0,Tier A,tier_a_primary,Tier_A_full_context,c08_exclude_weak_session_bucket,late_cash_240_330,-0.17209668943772988,0
2026.02.12 22:00:00,2026-02-12T22:00:00Z,oos,5213,0,Tier A,tier_a_primary,Tier_A_full_context,c08_exclude_weak_session_bucket,late_cash_240_330,-0.17209668943772988,0
2026.02.13 16:35:00,2026-02-13T16:35:00Z,oos,5214,0,Tier A,tier_a_primary,Tier_A_full_context,c08_exclude_weak_session_bucket,cash_open_0_30,-0.09635811836115327,0
2026.02.13 16:40:00,2026-02-13T16:40:00Z,oos,5215,0,Tier A,tier_a_primary,Tier_A_full_context,c08_exclude_weak_session_bucket,cash_open_0_30,-0.09635811836115327,0
2026.02.13 16:45:00,2026-02-13T16:45:00Z,oos,5216,0,Tier A,tier_a_primary,Tier_A_full_context,c08_exclude_weak_session_bucket,cash_open_0_30,-0.09635811836115327,0
2026.02.13 16:50:00,2026-02-13T16:50:00Z,oos,5217,0,Tier A,tier_a_primary,Tier_A_full_context,c08_exclude_weak_session_bucket,cash_open_0_30,-0.09635811836115327,0
2026.02.13 16:55:00,2026-02-13T16:55:00Z,oos,5218,0,Tier A,tier_a_primary,Tier_A_full_context,c08_exclude_weak_session_bucket,cash_open_0_30,-0.09635811836115327,0
2026.02.13 17:00:00,2026-02-13T17:00:00Z,oos,5219,0,Tier A,tier_a_primary,Tier_A_full_context,c08_exclude_weak_session_bucket,cash_open_0_30,-0.09635811836115327,0
2026.02.13 17:05:00,2026-02-13T17:05:00Z,oos,5220,0,Tier A,tier_a_primary,Tier_A_full_context,c08_exclude_weak_session_bucket,early_cash_30_60,-0.12775735294117646,0
2026.02.13 17:10:00,2026-02-13T17:10:00Z,oos,5221,0,Tier A,tier_a_primary,Tier_A_full_context,c08_exclude_weak_session_bucket,early_cash_30_60,-0.12775735294117646,0
2026.02.13 17:15:00,2026-02-13T17:15:00Z,oos,5222,0,Tier A,tier_a_primary,Tier_A_full_context,c08_exclude_weak_session_bucket,early_cash_30_60,-0.12775735294117646,0
2026.02.13 17:20:00,2026-02-13T17:20:00Z,oos,5223,0,Tier A,tier_a_primary,Tier_A_full_context,c08_exclude_weak_session_bucket,early_cash_30_60,-0.12775735294117646,0
2026.02.13 17:25:00,2026-02-13T17:25:00Z,oos,5224,0,Tier A,tier_a_primary,Tier_A_full_context,c08_exclude_weak_session_bucket,early_cash_30_60,-0.12775735294117646,0
2026.02.13 17:30:00,2026-02-13T17:30:00Z,oos,5225,0,Tier A,tier_a_primary,Tier_A_full_context,c08_exclude_weak_session_bucket,early_cash_30_60,-0.12775735294117646,0
2026.02.13 17:35:00,2026-02-13T17:35:00Z,oos,5226,0,Tier A,tier_a_primary,Tier_A_full_context,c08_exclude_weak_session_bucket,morning_60_120,-0.1698966408268734,0
2026.02.13 17:40:00,2026-02-13T17:40:00Z,oos,5227,0,Tier A,tier_a_primary,Tier_A_full_context,c08_exclude_weak_session_bucket,morning_60_120,-0.1698966408268734,0
2026.02.13 17:45:00,2026-02-13T17:45:00Z,oos,5228,0,Tier A,tier_a_primary,Tier_A_full_context,c08_exclude_weak_session_bucket,morning_60_120,-0.1698966408268734,0
2026.02.13 17:50:00,2026-02-13T17:50:00Z,oos,5229,0,Tier A,tier_a_primary,Tier_A_full_context,c08_exclude_weak_session_bucket,morning_60_120,-0.1698966408268734,0
2026.02.13 17:55:00,2026-02-13T17:55:00Z,oos,5230,0,Tier A,tier_a_primary,Tier_A_full_context,c08_exclude_weak_session_bucket,morning_60_120,-0.1698966408268734,0
2026.02.13 18:00:00,2026-02-13T18:00:00Z,oos,5231,0,Tier A,tier_a_primary,Tier_A_full_context,c08_exclude_weak_session_bucket,morning_60_120,-0.1698966408268734,0
2026.02.13 18:05:00,2026-02-13T18:05:00Z,oos,5232,0,Tier A,tier_a_primary,Tier_A_full_context,c08_exclude_weak_session_bucket,morning_60_120,-0.1698966408268734,0
2026.02.13 18:10:00,2026-02-13T18:10:00Z,oos,5233,0,Tier A,tier_a_primary,Tier_A_full_context,c08_exclude_weak_session_bucket,morning_60_120,-0.1698966408268734,0
2026.02.13 18:15:00,2026-02-13T18:15:00Z,oos,5234,0,Tier A,tier_a_primary,Tier_A_full_context,c08_exclude_weak_session_bucket,morning_60_120,-0.1698966408268734,0
2026.02.13 18:20:00,2026-02-13T18:20:00Z,oos,5235,0,Tier A,tier_a_primary,Tier_A_full_context,c08_exclude_weak_session_bucket,morning_60_120,-0.1698966408268734,0
2026.02.13 18:25:00,2026-02-13T18:25:00Z,oos,5236,0,Tier A,tier_a_primary,Tier_A_full_context,c08_exclude_weak_session_bucket,morning_60_120,-0.1698966408268734,0
2026.02.13 18:30:00,2026-02-13T18:30:00Z,oos,5237,0,Tier A,tier_a_primary,Tier_A_full_context,c08_exclude_weak_session_bucket,morning_60_120,-0.1698966408268734,0
2026.02.13 18:35:00,2026-02-13T18:35:00Z,oos,5238,0,Tier A,tier_a_primary,Tier_A_full_context,c08_exclude_weak_session_bucket,midday_lull_120_240,-0.1762380357885976,0
2026.02.13 18:40:00,2026-02-13T18:40:00Z,oos,5239,0,Tier A,tier_a_primary,Tier_A_full_context,c08_exclude_weak_session_bucket,midday_lull_120_240,-0.1762380357885976,0
2026.02.13 18:45:00,2026-02-13T18:45:00Z,oos,5240,0,Tier A,tier_a_primary,Tier_A_full_context,c08_exclude_weak_session_bucket,midday_lull_120_240,-0.1762380357885976,0
2026.02.13 18:50:00,2026-02-13T18:50:00Z,oos,5241,0,Tier A,tier_a_primary,Tier_A_full_context,c08_exclude_weak_session_bucket,midday_lull_120_240,-0.1762380357885976,0
2026.02.13 18:55:00,2026-02-13T18:55:00Z,oos,5242,0,Tier A,tier_a_primary,Tier_A_full_context,c08_exclude_weak_session_bucket,midday_lull_120_240,-0.1762380357885976,0
2026.02.13 19:00:00,2026-02-13T19:00:00Z,oos,5243,0,Tier A,tier_a_primary,Tier_A_full_context,c08_exclude_weak_session_bucket,midday_lull_120_240,-0.1762380357885976,0
2026.02.13 19:05:00,2026-02-13T19:05:00Z,oos,5244,0,Tier A,tier_a_primary,Tier_A_full_context,c08_exclude_weak_session_bucket,midday_lull_120_240,-0.1762380357885976,0
2026.02.13 19:10:00,2026-02-13T19:10:00Z,oos,5245,0,Tier A,tier_a_primary,Tier_A_full_context,c08_exclude_weak_session_bucket,midday_lull_120_240,-0.1762380357885976,0
2026.02.13 19:15:00,2026-02-13T19:15:00Z,oos,5246,0,Tier A,tier_a_primary,Tier_A_full_context,c08_exclude_weak_session_bucket,midday_lull_120_240,-0.1762380357885976,0
2026.02.13 19:20:00,2026-02-13T19:20:00Z,oos,5247,0,Tier A,tier_a_primary,Tier_A_full_context,c08_exclude_weak_session_bucket,midday_lull_120_240,-0.1762380357885976,0
2026.02.13 19:25:00,2026-02-13T19:25:00Z,oos,5248,0,Tier A,tier_a_primary,Tier_A_full_context,c08_exclude_weak_session_bucket,midday_lull_120_240,-0.1762380357885976,0
2026.02.13 19:30:00,2026-02-13T19:30:00Z,oos,5249,0,Tier A,tier_a_primary,Tier_A_full_context,c08_exclude_weak_session_bucket,midday_lull_120_240,-0.1762380357885976,0
2026.02.13 19:35:00,2026-02-13T19:35:00Z,oos,5250,0,Tier A,tier_a_primary,Tier_A_full_context,c08_exclude_weak_session_bucket,midday_lull_120_240,-0.1762380357885976,0
2026.02.13 19:40:00,2026-02-13T19:40:00Z,oos,5251,0,Tier A,tier_a_primary,Tier_A_full_context,c08_exclude_weak_session_bucket,midday_lull_120_240,-0.1762380357885976,0
2026.02.13 19:45:00,2026-02-13T19:45:00Z,oos,5252,0,Tier A,tier_a_primary,Tier_A_full_context,c08_exclude_weak_session_bucket,midday_lull_120_240,-0.1762380357885976,0
2026.02.13 19:50:00,2026-02-13T19:50:00Z,oos,5253,0,Tier A,tier_a_primary,Tier_A_full_context,c08_exclude_weak_session_bucket,midday_lull_120_240,-0.1762380357885976,0
2026.02.13 19:55:00,2026-02-13T19:55:00Z,oos,5254,0,Tier A,tier_a_primary,Tier_A_full_context,c08_exclude_weak_session_bucket,midday_lull_120_240,-0.1762380357885976,0
2026.02.13 20:00:00,2026-02-13T20:00:00Z,oos,5255,0,Tier A,tier_a_primary,Tier_A_full_context,c08_exclude_weak_session_bucket,midday_lull_120_240,-0.1762380357885976,0
2026.02.13 20:05:00,2026-02-13T20:05:00Z,oos,5256,0,Tier A,tier_a_primary,Tier_A_full_context,c08_exclude_weak_session_bucket,midday_lull_120_240,-0.1762380357885976,0
2026.02.13 20:10:00,2026-02-13T20:10:00Z,oos,5257,0,Tier A,tier_a_primary,Tier_A_full_context,c08_exclude_weak_session_bucket,midday_lull_120_240,-0.1762380357885976,0
2026.02.13 20:15:00,2026-02-13T20:15:00Z,oos,5258,0,Tier A,tier_a_primary,Tier_A_full_context,c08_exclude_weak_session_bucket,midday_lull_120_240,-0.1762380357885976,0
2026.02.13 20:25:00,2026-02-13T20:25:00Z,oos,5259,0,Tier A,tier_a_primary,Tier_A_full_context,c08_exclude_weak_session_bucket,midday_lull_120_240,-0.1762380357885976,0
2026.02.13 20:30:00,2026-02-13T20:30:00Z,oos,5260,0,Tier A,tier_a_primary,Tier_A_full_context,c08_exclude_weak_session_bucket,midday_lull_120_240,-0.1762380357885976,0
2026.02.13 20:35:00,2026-02-13T20:35:00Z,oos,5261,0,Tier A,tier_a_primary,Tier_A_full_context,c08_exclude_weak_session_bucket,late_cash_240_330,-0.17209668943772988,0
2026.02.13 20:40:00,2026-02-13T20:40:00Z,oos,5262,0,Tier A,tier_a_primary,Tier_A_full_context,c08_exclude_weak_session_bucket,late_cash_240_330,-0.17209668943772988,0
2026.02.13 20:55:00,2026-02-13T20:55:00Z,oos,5263,0,Tier A,tier_a_primary,Tier_A_full_context,c08_exclude_weak_session_bucket,late_cash_240_330,-0.17209668943772988,0
2026.02.13 21:00:00,2026-02-13T21:00:00Z,oos,5264,0,Tier A,tier_a_primary,Tier_A_full_context,c08_exclude_weak_session_bucket,late_cash_240_330,-0.17209668943772988,0
2026.02.13 21:05:00,2026-02-13T21:05:00Z,oos,5265,0,Tier A,tier_a_primary,Tier_A_full_context,c08_exclude_weak_session_bucket,late_cash_240_330,-0.17209668943772988,0
2026.02.13 21:10:00,2026-02-13T21:10:00Z,oos,5266,0,Tier A,tier_a_primary,Tier_A_full_context,c08_exclude_weak_session_bucket,late_cash_240_330,-0.17209668943772988,0
2026.02.13 21:15:00,2026-02-13T21:15:00Z,oos,5267,0,Tier A,tier_a_primary,Tier_A_full_context,c08_exclude_weak_session_bucket,late_cash_240_330,-0.17209668943772988,0
2026.02.13 21:20:00,2026-02-13T21:20:00Z,oos,5268,0,Tier A,tier_a_primary,Tier_A_full_context,c08_exclude_weak_session_bucket,late_cash_240_330,-0.17209668943772988,0
2026.02.13 21:25:00,2026-02-13T21:25:00Z,oos,5269,0,Tier A,tier_a_primary,Tier_A_full_context,c08_exclude_weak_session_bucket,late_cash_240_330,-0.17209668943772988,0
2026.02.13 21:30:00,2026-02-13T21:30:00Z,oos,5270,0,Tier A,tier_a_primary,Tier_A_full_context,c08_exclude_weak_session_bucket,late_cash_240_330,-0.17209668943772988,0
2026.02.13 21:35:00,2026-02-13T21:35:00Z,oos,5271,0,Tier A,tier_a_primary,Tier_A_full_context,c08_exclude_weak_session_bucket,late_cash_240_330,-0.17209668943772988,0
2026.02.13 21:40:00,2026-02-13T21:40:00Z,oos,5272,0,Tier A,tier_a_primary,Tier_A_full_context,c08_exclude_weak_session_bucket,late_cash_240_330,-0.17209668943772988,0
2026.02.13 21:45:00,2026-02-13T21:45:00Z,oos,5273,0,Tier A,tier_a_primary,Tier_A_full_context,c08_exclude_weak_session_bucket,late_cash_240_330,-0.17209668943772988,0
2026.02.13 21:55:00,2026-02-13T21:55:00Z,oos,5274,0,Tier A,tier_a_primary,Tier_A_full_context,c08_exclude_weak_session_bucket,late_cash_240_330,-0.17209668943772988,0
2026.02.13 22:00:00,2026-02-13T22:00:00Z,oos,5275,0,Tier A,tier_a_primary,Tier_A_full_context,c08_exclude_weak_session_bucket,late_cash_240_330,-0.17209668943772988,0
2026.02.17 16:35:00,2026-02-17T16:35:00Z,oos,5276,1,Tier A,tier_a_primary,Tier_A_full_context,c08_exclude_weak_session_bucket,cash_open_0_30,-0.09635811836115327,1
2026.02.17 16:40:00,2026-02-17T16:40:00Z,oos,5277,0,Tier A,tier_a_primary,Tier_A_full_context,c08_exclude_weak_session_bucket,cash_open_0_30,-0.09635811836115327,0
2026.02.17 16:45:00,2026-02-17T16:45:00Z,oos,5278,-1,Tier A,tier_a_primary,Tier_A_full_context,c08_exclude_weak_session_bucket,cash_open_0_30,-0.09635811836115327,-1
2026.02.17 16:50:00,2026-02-17T16:50:00Z,oos,5279,-1,Tier A,tier_a_primary,Tier_A_full_context,c08_exclude_weak_session_bucket,cash_open_0_30,-0.09635811836115327,-1
2026.02.17 16:55:00,2026-02-17T16:55:00Z,oos,5280,-1,Tier A,tier_a_primary,Tier_A_full_context,c08_exclude_weak_session_bucket,cash_open_0_30,-0.09635811836115327,-1
2026.02.17 17:00:00,2026-02-17T17:00:00Z,oos,5281,0,Tier A,tier_a_primary,Tier_A_full_context,c08_exclude_weak_session_bucket,cash_open_0_30,-0.09635811836115327,0
2026.02.17 17:05:00,2026-02-17T17:05:00Z,oos,5282,1,Tier A,tier_a_primary,Tier_A_full_context,c08_exclude_weak_session_bucket,early_cash_30_60,-0.12775735294117646,1
2026.02.17 17:10:00,2026-02-17T17:10:00Z,oos,5283,0,Tier A,tier_a_primary,Tier_A_full_context,c08_exclude_weak_session_bucket,early_cash_30_60,-0.12775735294117646,0
2026.02.17 17:15:00,2026-02-17T17:15:00Z,oos,5284,0,Tier A,tier_a_primary,Tier_A_full_context,c08_exclude_weak_session_bucket,early_cash_30_60,-0.12775735294117646,0
2026.02.17 17:20:00,2026-02-17T17:20:00Z,oos,5285,1,Tier A,tier_a_primary,Tier_A_full_context,c08_exclude_weak_session_bucket,early_cash_30_60,-0.12775735294117646,1
2026.02.17 17:25:00,2026-02-17T17:25:00Z,oos,5286,0,Tier A,tier_a_primary,Tier_A_full_context,c08_exclude_weak_session_bucket,early_cash_30_60,-0.12775735294117646,0
2026.02.17 17:30:00,2026-02-17T17:30:00Z,oos,5287,0,Tier A,tier_a_primary,Tier_A_full_context,c08_exclude_weak_session_bucket,early_cash_30_60,-0.12775735294117646,0
2026.02.17 17:35:00,2026-02-17T17:35:00Z,oos,5288,0,Tier A,tier_a_primary,Tier_A_full_context,c08_exclude_weak_session_bucket,morning_60_120,-0.1698966408268734,0
2026.02.17 17:40:00,2026-02-17T17:40:00Z,oos,5289,0,Tier A,tier_a_primary,Tier_A_full_context,c08_exclude_weak_session_bucket,morning_60_120,-0.1698966408268734,0
2026.02.17 17:45:00,2026-02-17T17:45:00Z,oos,5290,0,Tier A,tier_a_primary,Tier_A_full_context,c08_exclude_weak_session_bucket,morning_60_120,-0.1698966408268734,0
2026.02.17 17:50:00,2026-02-17T17:50:00Z,oos,5291,0,Tier A,tier_a_primary,Tier_A_full_context,c08_exclude_weak_session_bucket,morning_60_120,-0.1698966408268734,0
2026.02.17 17:55:00,2026-02-17T17:55:00Z,oos,5292,0,Tier A,tier_a_primary,Tier_A_full_context,c08_exclude_weak_session_bucket,morning_60_120,-0.1698966408268734,0
2026.02.17 18:00:00,2026-02-17T18:00:00Z,oos,5293,0,Tier A,tier_a_primary,Tier_A_full_context,c08_exclude_weak_session_bucket,morning_60_120,-0.1698966408268734,0
2026.02.17 18:05:00,2026-02-17T18:05:00Z,oos,5294,0,Tier A,tier_a_primary,Tier_A_full_context,c08_exclude_weak_session_bucket,morning_60_120,-0.1698966408268734,0
2026.02.17 18:10:00,2026-02-17T18:10:00Z,oos,5295,0,Tier A,tier_a_primary,Tier_A_full_context,c08_exclude_weak_session_bucket,morning_60_120,-0.1698966408268734,0
2026.02.17 18:15:00,2026-02-17T18:15:00Z,oos,5296,0,Tier A,tier_a_primary,Tier_A_full_context,c08_exclude_weak_session_bucket,morning_60_120,-0.1698966408268734,0
2026.02.17 18:20:00,2026-02-17T18:20:00Z,oos,5297,0,Tier A,tier_a_primary,Tier_A_full_context,c08_exclude_weak_session_bucket,morning_60_120,-0.1698966408268734,0
2026.02.17 18:25:00,2026-02-17T18:25:00Z,oos,5298,0,Tier A,tier_a_primary,Tier_A_full_context,c08_exclude_weak_session_bucket,morning_60_120,-0.1698966408268734,0
2026.02.17 18:30:00,2026-02-17T18:30:00Z,oos,5299,0,Tier A,tier_a_primary,Tier_A_full_context,c08_exclude_weak_session_bucket,morning_60_120,-0.1698966408268734,0
2026.02.17 18:35:00,2026-02-17T18:35:00Z,oos,5300,0,Tier A,tier_a_primary,Tier_A_full_context,c08_exclude_weak_session_bucket,midday_lull_120_240,-0.1762380357885976,0
2026.02.17 18:40:00,2026-02-17T18:40:00Z,oos,5301,0,Tier A,tier_a_primary,Tier_A_full_context,c08_exclude_weak_session_bucket,midday_lull_120_240,-0.1762380357885976,0
2026.02.17 18:45:00,2026-02-17T18:45:00Z,oos,5302,0,Tier A,tier_a_primary,Tier_A_full_context,c08_exclude_weak_session_bucket,midday_lull_120_240,-0.1762380357885976,0
2026.02.17 18:50:00,2026-02-17T18:50:00Z,oos,5303,0,Tier A,tier_a_primary,Tier_A_full_context,c08_exclude_weak_session_bucket,midday_lull_120_240,-0.1762380357885976,0
2026.02.17 18:55:00,2026-02-17T18:55:00Z,oos,5304,0,Tier A,tier_a_primary,Tier_A_full_context,c08_exclude_weak_session_bucket,midday_lull_120_240,-0.1762380357885976,0
2026.02.17 19:00:00,2026-02-17T19:00:00Z,oos,5305,0,Tier A,tier_a_primary,Tier_A_full_context,c08_exclude_weak_session_bucket,midday_lull_120_240,-0.1762380357885976,0
2026.02.17 19:05:00,2026-02-17T19:05:00Z,oos,5306,0,Tier A,tier_a_primary,Tier_A_full_context,c08_exclude_weak_session_bucket,midday_lull_120_240,-0.1762380357885976,0
2026.02.17 19:10:00,2026-02-17T19:10:00Z,oos,5307,0,Tier A,tier_a_primary,Tier_A_full_context,c08_exclude_weak_session_bucket,midday_lull_120_240,-0.1762380357885976,0
2026.02.17 19:15:00,2026-02-17T19:15:00Z,oos,5308,0,Tier A,tier_a_primary,Tier_A_full_context,c08_exclude_weak_session_bucket,midday_lull_120_240,-0.1762380357885976,0
2026.02.17 19:20:00,2026-02-17T19:20:00Z,oos,5309,0,Tier A,tier_a_primary,Tier_A_full_context,c08_exclude_weak_session_bucket,midday_lull_120_240,-0.1762380357885976,0
2026.02.17 19:25:00,2026-02-17T19:25:00Z,oos,5310,0,Tier A,tier_a_primary,Tier_A_full_context,c08_exclude_weak_session_bucket,midday_lull_120_240,-0.1762380357885976,0
2026.02.17 19:30:00,2026-02-17T19:30:00Z,oos,5311,0,Tier A,tier_a_primary,Tier_A_full_context,c08_exclude_weak_session_bucket,midday_lull_120_240,-0.1762380357885976,0
2026.02.17 19:35:00,2026-02-17T19:35:00Z,oos,5312,0,Tier A,tier_a_primary,Tier_A_full_context,c08_exclude_weak_session_bucket,midday_lull_120_240,-0.1762380357885976,0
2026.02.17 19:45:00,2026-02-17T19:45:00Z,oos,5313,0,Tier A,tier_a_primary,Tier_A_full_context,c08_exclude_weak_session_bucket,midday_lull_120_240,-0.1762380357885976,0
2026.02.17 19:50:00,2026-02-17T19:50:00Z,oos,5314,0,Tier A,tier_a_primary,Tier_A_full_context,c08_exclude_weak_session_bucket,midday_lull_120_240,-0.1762380357885976,0
2026.02.17 19:55:00,2026-02-17T19:55:00Z,oos,5315,0,Tier A,tier_a_primary,Tier_A_full_context,c08_exclude_weak_session_bucket,midday_lull_120_240,-0.1762380357885976,0
2026.02.17 20:00:00,2026-02-17T20:00:00Z,oos,5316,0,Tier A,tier_a_primary,Tier_A_full_context,c08_exclude_weak_session_bucket,midday_lull_120_240,-0.1762380357885976,0
2026.02.17 20:05:00,2026-02-17T20:05:00Z,oos,5317,0,Tier A,tier_a_primary,Tier_A_full_context,c08_exclude_weak_session_bucket,midday_lull_120_240,-0.1762380357885976,0
2026.02.17 20:10:00,2026-02-17T20:10:00Z,oos,5318,0,Tier A,tier_a_primary,Tier_A_full_context,c08_exclude_weak_session_bucket,midday_lull_120_240,-0.1762380357885976,0
2026.02.17 20:15:00,2026-02-17T20:15:00Z,oos,5319,0,Tier A,tier_a_primary,Tier_A_full_context,c08_exclude_weak_session_bucket,midday_lull_120_240,-0.1762380357885976,0
2026.02.17 20:20:00,2026-02-17T20:20:00Z,oos,5320,0,Tier A,tier_a_primary,Tier_A_full_context,c08_exclude_weak_session_bucket,midday_lull_120_240,-0.1762380357885976,0
2026.02.17 20:25:00,2026-02-17T20:25:00Z,oos,5321,0,Tier A,tier_a_primary,Tier_A_full_context,c08_exclude_weak_session_bucket,midday_lull_120_240,-0.1762380357885976,0
2026.02.17 20:30:00,2026-02-17T20:30:00Z,oos,5322,0,Tier A,tier_a_primary,Tier_A_full_context,c08_exclude_weak_session_bucket,midday_lull_120_240,-0.1762380357885976,0
2026.02.17 20:35:00,2026-02-17T20:35:00Z,oos,5323,0,Tier A,tier_a_primary,Tier_A_full_context,c08_exclude_weak_session_bucket,late_cash_240_330,-0.17209668943772988,0
2026.02.17 20:40:00,2026-02-17T20:40:00Z,oos,5324,0,Tier A,tier_a_primary,Tier_A_full_context,c08_exclude_weak_session_bucket,late_cash_240_330,-0.17209668943772988,0
2026.02.17 20:45:00,2026-02-17T20:45:00Z,oos,5325,0,Tier A,tier_a_primary,Tier_A_full_context,c08_exclude_weak_session_bucket,late_cash_240_330,-0.17209668943772988,0
2026.02.17 20:50:00,2026-02-17T20:50:00Z,oos,5326,0,Tier A,tier_a_primary,Tier_A_full_context,c08_exclude_weak_session_bucket,late_cash_240_330,-0.17209668943772988,0
2026.02.17 20:55:00,2026-02-17T20:55:00Z,oos,5327,0,Tier A,tier_a_primary,Tier_A_full_context,c08_exclude_weak_session_bucket,late_cash_240_330,-0.17209668943772988,0
2026.02.17 21:00:00,2026-02-17T21:00:00Z,oos,5328,0,Tier A,tier_a_primary,Tier_A_full_context,c08_exclude_weak_session_bucket,late_cash_240_330,-0.17209668943772988,0
2026.02.17 21:10:00,2026-02-17T21:10:00Z,oos,5329,0,Tier A,tier_a_primary,Tier_A_full_context,c08_exclude_weak_session_bucket,late_cash_240_330,-0.17209668943772988,0
2026.02.17 21:15:00,2026-02-17T21:15:00Z,oos,5330,0,Tier A,tier_a_primary,Tier_A_full_context,c08_exclude_weak_session_bucket,late_cash_240_330,-0.17209668943772988,0
2026.02.17 21:20:00,2026-02-17T21:20:00Z,oos,5331,0,Tier A,tier_a_primary,Tier_A_full_context,c08_exclude_weak_session_bucket,late_cash_240_330,-0.17209668943772988,0
2026.02.17 21:25:00,2026-02-17T21:25:00Z,oos,5332,0,Tier A,tier_a_primary,Tier_A_full_context,c08_exclude_weak_session_bucket,late_cash_240_330,-0.17209668943772988,0
2026.02.17 21:30:00,2026-02-17T21:30:00Z,oos,5333,-1,Tier A,tier_a_primary,Tier_A_full_context,c08_exclude_weak_session_bucket,late_cash_240_330,-0.17209668943772988,-1
2026.02.17 21:35:00,2026-02-17T21:35:00Z,oos,5334,0,Tier A,tier_a_primary,Tier_A_full_context,c08_exclude_weak_session_bucket,late_cash_240_330,-0.17209668943772988,0
2026.02.17 21:40:00,2026-02-17T21:40:00Z,oos,5335,0,Tier A,tier_a_primary,Tier_A_full_context,c08_exclude_weak_session_bucket,late_cash_240_330,-0.17209668943772988,0
2026.02.17 21:50:00,2026-02-17T21:50:00Z,oos,5336,-1,Tier A,tier_a_primary,Tier_A_full_context,c08_exclude_weak_session_bucket,late_cash_240_330,-0.17209668943772988,-1
2026.02.17 22:00:00,2026-02-17T22:00:00Z,oos,5337,-1,Tier A,tier_a_primary,Tier_A_full_context,c08_exclude_weak_session_bucket,late_cash_240_330,-0.17209668943772988,-1
2026.02.18 16:35:00,2026-02-18T16:35:00Z,oos,5338,-1,Tier A,tier_a_primary,Tier_A_full_context,c08_exclude_weak_session_bucket,cash_open_0_30,-0.09635811836115327,-1
2026.02.18 16:40:00,2026-02-18T16:40:00Z,oos,5339,1,Tier A,tier_a_primary,Tier_A_full_context,c08_exclude_weak_session_bucket,cash_open_0_30,-0.09635811836115327,1
2026.02.18 16:45:00,2026-02-18T16:45:00Z,oos,5340,1,Tier A,tier_a_primary,Tier_A_full_context,c08_exclude_weak_session_bucket,cash_open_0_30,-0.09635811836115327,1
2026.02.18 16:50:00,2026-02-18T16:50:00Z,oos,5341,-1,Tier A,tier_a_primary,Tier_A_full_context,c08_exclude_weak_session_bucket,cash_open_0_30,-0.09635811836115327,-1
2026.02.18 16:55:00,2026-02-18T16:55:00Z,oos,5342,1,Tier A,tier_a_primary,Tier_A_full_context,c08_exclude_weak_session_bucket,cash_open_0_30,-0.09635811836115327,1
2026.02.18 17:00:00,2026-02-18T17:00:00Z,oos,5343,1,Tier A,tier_a_primary,Tier_A_full_context,c08_exclude_weak_session_bucket,cash_open_0_30,-0.09635811836115327,1
2026.02.18 17:05:00,2026-02-18T17:05:00Z,oos,5344,1,Tier A,tier_a_primary,Tier_A_full_context,c08_exclude_weak_session_bucket,early_cash_30_60,-0.12775735294117646,1
2026.02.18 17:10:00,2026-02-18T17:10:00Z,oos,5345,0,Tier A,tier_a_primary,Tier_A_full_context,c08_exclude_weak_session_bucket,early_cash_30_60,-0.12775735294117646,0
2026.02.18 17:15:00,2026-02-18T17:15:00Z,oos,5346,0,Tier A,tier_a_primary,Tier_A_full_context,c08_exclude_weak_session_bucket,early_cash_30_60,-0.12775735294117646,0
2026.02.18 17:20:00,2026-02-18T17:20:00Z,oos,5347,0,Tier A,tier_a_primary,Tier_A_full_context,c08_exclude_weak_session_bucket,early_cash_30_60,-0.12775735294117646,0
2026.02.18 17:25:00,2026-02-18T17:25:00Z,oos,5348,0,Tier A,tier_a_primary,Tier_A_full_context,c08_exclude_weak_session_bucket,early_cash_30_60,-0.12775735294117646,0
2026.02.18 17:30:00,2026-02-18T17:30:00Z,oos,5349,0,Tier A,tier_a_primary,Tier_A_full_context,c08_exclude_weak_session_bucket,early_cash_30_60,-0.12775735294117646,0
2026.02.18 17:35:00,2026-02-18T17:35:00Z,oos,5350,-1,Tier A,tier_a_primary,Tier_A_full_context,c08_exclude_weak_session_bucket,morning_60_120,-0.1698966408268734,-1
2026.02.18 17:40:00,2026-02-18T17:40:00Z,oos,5351,0,Tier A,tier_a_primary,Tier_A_full_context,c08_exclude_weak_session_bucket,morning_60_120,-0.1698966408268734,0
2026.02.18 17:55:00,2026-02-18T17:55:00Z,oos,5352,0,Tier A,tier_a_primary,Tier_A_full_context,c08_exclude_weak_session_bucket,morning_60_120,-0.1698966408268734,0
2026.02.18 18:00:00,2026-02-18T18:00:00Z,oos,5353,0,Tier A,tier_a_primary,Tier_A_full_context,c08_exclude_weak_session_bucket,morning_60_120,-0.1698966408268734,0
2026.02.18 18:05:00,2026-02-18T18:05:00Z,oos,5354,0,Tier A,tier_a_primary,Tier_A_full_context,c08_exclude_weak_session_bucket,morning_60_120,-0.1698966408268734,0
2026.02.18 18:10:00,2026-02-18T18:10:00Z,oos,5355,0,Tier A,tier_a_primary,Tier_A_full_context,c08_exclude_weak_session_bucket,morning_60_120,-0.1698966408268734,0
2026.02.18 18:15:00,2026-02-18T18:15:00Z,oos,5356,0,Tier A,tier_a_primary,Tier_A_full_context,c08_exclude_weak_session_bucket,morning_60_120,-0.1698966408268734,0
2026.02.18 18:20:00,2026-02-18T18:20:00Z,oos,5357,0,Tier A,tier_a_primary,Tier_A_full_context,c08_exclude_weak_session_bucket,morning_60_120,-0.1698966408268734,0
2026.02.18 18:25:00,2026-02-18T18:25:00Z,oos,5358,0,Tier A,tier_a_primary,Tier_A_full_context,c08_exclude_weak_session_bucket,morning_60_120,-0.1698966408268734,0
2026.02.18 18:40:00,2026-02-18T18:40:00Z,oos,5359,0,Tier A,tier_a_primary,Tier_A_full_context,c08_exclude_weak_session_bucket,midday_lull_120_240,-0.1762380357885976,0
2026.02.18 18:45:00,2026-02-18T18:45:00Z,oos,5360,0,Tier A,tier_a_primary,Tier_A_full_context,c08_exclude_weak_session_bucket,midday_lull_120_240,-0.1762380357885976,0
2026.02.18 18:50:00,2026-02-18T18:50:00Z,oos,5361,0,Tier A,tier_a_primary,Tier_A_full_context,c08_exclude_weak_session_bucket,midday_lull_120_240,-0.1762380357885976,0
2026.02.18 18:55:00,2026-02-18T18:55:00Z,oos,5362,0,Tier A,tier_a_primary,Tier_A_full_context,c08_exclude_weak_session_bucket,midday_lull_120_240,-0.1762380357885976,0
2026.02.18 19:05:00,2026-02-18T19:05:00Z,oos,5363,0,Tier A,tier_a_primary,Tier_A_full_context,c08_exclude_weak_session_bucket,midday_lull_120_240,-0.1762380357885976,0
2026.02.18 19:10:00,2026-02-18T19:10:00Z,oos,5364,0,Tier A,tier_a_primary,Tier_A_full_context,c08_exclude_weak_session_bucket,midday_lull_120_240,-0.1762380357885976,0
2026.02.18 19:20:00,2026-02-18T19:20:00Z,oos,5365,0,Tier A,tier_a_primary,Tier_A_full_context,c08_exclude_weak_session_bucket,midday_lull_120_240,-0.1762380357885976,0
2026.02.18 19:25:00,2026-02-18T19:25:00Z,oos,5366,0,Tier A,tier_a_primary,Tier_A_full_context,c08_exclude_weak_session_bucket,midday_lull_120_240,-0.1762380357885976,0
2026.02.18 19:35:00,2026-02-18T19:35:00Z,oos,5367,0,Tier A,tier_a_primary,Tier_A_full_context,c08_exclude_weak_session_bucket,midday_lull_120_240,-0.1762380357885976,0
2026.02.18 19:40:00,2026-02-18T19:40:00Z,oos,5368,0,Tier A,tier_a_primary,Tier_A_full_context,c08_exclude_weak_session_bucket,midday_lull_120_240,-0.1762380357885976,0
2026.02.18 19:45:00,2026-02-18T19:45:00Z,oos,5369,0,Tier A,tier_a_primary,Tier_A_full_context,c08_exclude_weak_session_bucket,midday_lull_120_240,-0.1762380357885976,0
2026.02.18 20:00:00,2026-02-18T20:00:00Z,oos,5370,0,Tier A,tier_a_primary,Tier_A_full_context,c08_exclude_weak_session_bucket,midday_lull_120_240,-0.1762380357885976,0
2026.02.18 20:05:00,2026-02-18T20:05:00Z,oos,5371,0,Tier A,tier_a_primary,Tier_A_full_context,c08_exclude_weak_session_bucket,midday_lull_120_240,-0.1762380357885976,0
2026.02.18 20:10:00,2026-02-18T20:10:00Z,oos,5372,0,Tier A,tier_a_primary,Tier_A_full_context,c08_exclude_weak_session_bucket,midday_lull_120_240,-0.1762380357885976,0
2026.02.18 20:15:00,2026-02-18T20:15:00Z,oos,5373,0,Tier A,tier_a_primary,Tier_A_full_context,c08_exclude_weak_session_bucket,midday_lull_120_240,-0.1762380357885976,0
2026.02.18 20:25:00,2026-02-18T20:25:00Z,oos,5374,0,Tier A,tier_a_primary,Tier_A_full_context,c08_exclude_weak_session_bucket,midday_lull_120_240,-0.1762380357885976,0
2026.02.18 20:30:00,2026-02-18T20:30:00Z,oos,5375,0,Tier A,tier_a_primary,Tier_A_full_context,c08_exclude_weak_session_bucket,midday_lull_120_240,-0.1762380357885976,0
2026.02.18 20:35:00,2026-02-18T20:35:00Z,oos,5376,0,Tier A,tier_a_primary,Tier_A_full_context,c08_exclude_weak_session_bucket,late_cash_240_330,-0.17209668943772988,0
2026.02.18 20:45:00,2026-02-18T20:45:00Z,oos,5377,0,Tier A,tier_a_primary,Tier_A_full_context,c08_exclude_weak_session_bucket,late_cash_240_330,-0.17209668943772988,0
2026.02.18 20:50:00,2026-02-18T20:50:00Z,oos,5378,0,Tier A,tier_a_primary,Tier_A_full_context,c08_exclude_weak_session_bucket,late_cash_240_330,-0.17209668943772988,0
2026.02.18 21:00:00,2026-02-18T21:00:00Z,oos,5379,0,Tier A,tier_a_primary,Tier_A_full_context,c08_exclude_weak_session_bucket,late_cash_240_330,-0.17209668943772988,0
2026.02.18 21:05:00,2026-02-18T21:05:00Z,oos,5380,1,Tier A,tier_a_primary,Tier_A_full_context,c08_exclude_weak_session_bucket,late_cash_240_330,-0.17209668943772988,1
2026.02.18 21:10:00,2026-02-18T21:10:00Z,oos,5381,-1,Tier A,tier_a_primary,Tier_A_full_context,c08_exclude_weak_session_bucket,late_cash_240_330,-0.17209668943772988,-1
2026.02.18 21:15:00,2026-02-18T21:15:00Z,oos,5382,0,Tier A,tier_a_primary,Tier_A_full_context,c08_exclude_weak_session_bucket,late_cash_240_330,-0.17209668943772988,0
2026.02.18 21:20:00,2026-02-18T21:20:00Z,oos,5383,0,Tier A,tier_a_primary,Tier_A_full_context,c08_exclude_weak_session_bucket,late_cash_240_330,-0.17209668943772988,0
2026.02.18 21:25:00,2026-02-18T21:25:00Z,oos,5384,1,Tier A,tier_a_primary,Tier_A_full_context,c08_exclude_weak_session_bucket,late_cash_240_330,-0.17209668943772988,1
2026.02.18 21:35:00,2026-02-18T21:35:00Z,oos,5385,-1,Tier A,tier_a_primary,Tier_A_full_context,c08_exclude_weak_session_bucket,late_cash_240_330,-0.17209668943772988,-1
2026.02.18 21:40:00,2026-02-18T21:40:00Z,oos,5386,-1,Tier A,tier_a_primary,Tier_A_full_context,c08_exclude_weak_session_bucket,late_cash_240_330,-0.17209668943772988,-1
2026.02.18 21:45:00,2026-02-18T21:45:00Z,oos,5387,0,Tier A,tier_a_primary,Tier_A_full_context,c08_exclude_weak_session_bucket,late_cash_240_330,-0.17209668943772988,0
2026.02.18 21:50:00,2026-02-18T21:50:00Z,oos,5388,0,Tier A,tier_a_primary,Tier_A_full_context,c08_exclude_weak_session_bucket,late_cash_240_330,-0.17209668943772988,0
2026.02.18 22:00:00,2026-02-18T22:00:00Z,oos,5389,-1,Tier A,tier_a_primary,Tier_A_full_context,c08_exclude_weak_session_bucket,late_cash_240_330,-0.17209668943772988,-1
2026.02.19 16:35:00,2026-02-19T16:35:00Z,oos,5390,0,Tier A,tier_a_primary,Tier_A_full_context,c08_exclude_weak_session_bucket,cash_open_0_30,-0.09635811836115327,0
2026.02.19 16:40:00,2026-02-19T16:40:00Z,oos,5391,0,Tier A,tier_a_primary,Tier_A_full_context,c08_exclude_weak_session_bucket,cash_open_0_30,-0.09635811836115327,0
2026.02.19 16:45:00,2026-02-19T16:45:00Z,oos,5392,0,Tier A,tier_a_primary,Tier_A_full_context,c08_exclude_weak_session_bucket,cash_open_0_30,-0.09635811836115327,0
2026.02.19 16:50:00,2026-02-19T16:50:00Z,oos,5393,-1,Tier A,tier_a_primary,Tier_A_full_context,c08_exclude_weak_session_bucket,cash_open_0_30,-0.09635811836115327,-1
2026.02.19 16:55:00,2026-02-19T16:55:00Z,oos,5394,0,Tier A,tier_a_primary,Tier_A_full_context,c08_exclude_weak_session_bucket,cash_open_0_30,-0.09635811836115327,0
2026.02.19 17:00:00,2026-02-19T17:00:00Z,oos,5395,0,Tier A,tier_a_primary,Tier_A_full_context,c08_exclude_weak_session_bucket,cash_open_0_30,-0.09635811836115327,0
2026.02.19 17:05:00,2026-02-19T17:05:00Z,oos,5396,0,Tier A,tier_a_primary,Tier_A_full_context,c08_exclude_weak_session_bucket,early_cash_30_60,-0.12775735294117646,0
2026.02.19 17:10:00,2026-02-19T17:10:00Z,oos,5397,0,Tier A,tier_a_primary,Tier_A_full_context,c08_exclude_weak_session_bucket,early_cash_30_60,-0.12775735294117646,0
2026.02.19 17:15:00,2026-02-19T17:15:00Z,oos,5398,0,Tier A,tier_a_primary,Tier_A_full_context,c08_exclude_weak_session_bucket,early_cash_30_60,-0.12775735294117646,0
2026.02.19 17:20:00,2026-02-19T17:20:00Z,oos,5399,0,Tier A,tier_a_primary,Tier_A_full_context,c08_exclude_weak_session_bucket,early_cash_30_60,-0.12775735294117646,0
2026.02.19 17:25:00,2026-02-19T17:25:00Z,oos,5400,0,Tier A,tier_a_primary,Tier_A_full_context,c08_exclude_weak_session_bucket,early_cash_30_60,-0.12775735294117646,0
2026.02.19 17:30:00,2026-02-19T17:30:00Z,oos,5401,0,Tier A,tier_a_primary,Tier_A_full_context,c08_exclude_weak_session_bucket,early_cash_30_60,-0.12775735294117646,0
2026.02.19 17:35:00,2026-02-19T17:35:00Z,oos,5402,0,Tier A,tier_a_primary,Tier_A_full_context,c08_exclude_weak_session_bucket,morning_60_120,-0.1698966408268734,0
2026.02.19 17:40:00,2026-02-19T17:40:00Z,oos,5403,0,Tier A,tier_a_primary,Tier_A_full_context,c08_exclude_weak_session_bucket,morning_60_120,-0.1698966408268734,0
2026.02.19 17:45:00,2026-02-19T17:45:00Z,oos,5404,0,Tier A,tier_a_primary,Tier_A_full_context,c08_exclude_weak_session_bucket,morning_60_120,-0.1698966408268734,0
2026.02.19 17:50:00,2026-02-19T17:50:00Z,oos,5405,0,Tier A,tier_a_primary,Tier_A_full_context,c08_exclude_weak_session_bucket,morning_60_120,-0.1698966408268734,0
2026.02.19 17:55:00,2026-02-19T17:55:00Z,oos,5406,0,Tier A,tier_a_primary,Tier_A_full_context,c08_exclude_weak_session_bucket,morning_60_120,-0.1698966408268734,0
2026.02.19 18:00:00,2026-02-19T18:00:00Z,oos,5407,0,Tier A,tier_a_primary,Tier_A_full_context,c08_exclude_weak_session_bucket,morning_60_120,-0.1698966408268734,0
2026.02.19 18:05:00,2026-02-19T18:05:00Z,oos,5408,0,Tier A,tier_a_primary,Tier_A_full_context,c08_exclude_weak_session_bucket,morning_60_120,-0.1698966408268734,0
2026.02.19 18:10:00,2026-02-19T18:10:00Z,oos,5409,0,Tier A,tier_a_primary,Tier_A_full_context,c08_exclude_weak_session_bucket,morning_60_120,-0.1698966408268734,0
2026.02.19 18:15:00,2026-02-19T18:15:00Z,oos,5410,0,Tier A,tier_a_primary,Tier_A_full_context,c08_exclude_weak_session_bucket,morning_60_120,-0.1698966408268734,0
2026.02.19 18:20:00,2026-02-19T18:20:00Z,oos,5411,0,Tier A,tier_a_primary,Tier_A_full_context,c08_exclude_weak_session_bucket,morning_60_120,-0.1698966408268734,0
2026.02.19 18:25:00,2026-02-19T18:25:00Z,oos,5412,0,Tier A,tier_a_primary,Tier_A_full_context,c08_exclude_weak_session_bucket,morning_60_120,-0.1698966408268734,0
2026.02.19 18:30:00,2026-02-19T18:30:00Z,oos,5413,0,Tier A,tier_a_primary,Tier_A_full_context,c08_exclude_weak_session_bucket,morning_60_120,-0.1698966408268734,0
2026.02.19 18:35:00,2026-02-19T18:35:00Z,oos,5414,0,Tier A,tier_a_primary,Tier_A_full_context,c08_exclude_weak_session_bucket,midday_lull_120_240,-0.1762380357885976,0
2026.02.19 18:40:00,2026-02-19T18:40:00Z,oos,5415,0,Tier A,tier_a_primary,Tier_A_full_context,c08_exclude_weak_session_bucket,midday_lull_120_240,-0.1762380357885976,0
2026.02.19 18:45:00,2026-02-19T18:45:00Z,oos,5416,0,Tier A,tier_a_primary,Tier_A_full_context,c08_exclude_weak_session_bucket,midday_lull_120_240,-0.1762380357885976,0
2026.02.19 18:55:00,2026-02-19T18:55:00Z,oos,5417,0,Tier A,tier_a_primary,Tier_A_full_context,c08_exclude_weak_session_bucket,midday_lull_120_240,-0.1762380357885976,0
2026.02.19 19:00:00,2026-02-19T19:00:00Z,oos,5418,0,Tier A,tier_a_primary,Tier_A_full_context,c08_exclude_weak_session_bucket,midday_lull_120_240,-0.1762380357885976,0
2026.02.19 19:05:00,2026-02-19T19:05:00Z,oos,5419,0,Tier A,tier_a_primary,Tier_A_full_context,c08_exclude_weak_session_bucket,midday_lull_120_240,-0.1762380357885976,0
2026.02.19 19:10:00,2026-02-19T19:10:00Z,oos,5420,0,Tier A,tier_a_primary,Tier_A_full_context,c08_exclude_weak_session_bucket,midday_lull_120_240,-0.1762380357885976,0
2026.02.19 19:15:00,2026-02-19T19:15:00Z,oos,5421,0,Tier A,tier_a_primary,Tier_A_full_context,c08_exclude_weak_session_bucket,midday_lull_120_240,-0.1762380357885976,0
2026.02.19 19:20:00,2026-02-19T19:20:00Z,oos,5422,0,Tier A,tier_a_primary,Tier_A_full_context,c08_exclude_weak_session_bucket,midday_lull_120_240,-0.1762380357885976,0
2026.02.19 19:30:00,2026-02-19T19:30:00Z,oos,5423,0,Tier A,tier_a_primary,Tier_A_full_context,c08_exclude_weak_session_bucket,midday_lull_120_240,-0.1762380357885976,0
2026.02.19 19:35:00,2026-02-19T19:35:00Z,oos,5424,0,Tier A,tier_a_primary,Tier_A_full_context,c08_exclude_weak_session_bucket,midday_lull_120_240,-0.1762380357885976,0
2026.02.19 19:40:00,2026-02-19T19:40:00Z,oos,5425,0,Tier A,tier_a_primary,Tier_A_full_context,c08_exclude_weak_session_bucket,midday_lull_120_240,-0.1762380357885976,0
2026.02.19 19:50:00,2026-02-19T19:50:00Z,oos,5426,0,Tier A,tier_a_primary,Tier_A_full_context,c08_exclude_weak_session_bucket,midday_lull_120_240,-0.1762380357885976,0
2026.02.19 19:55:00,2026-02-19T19:55:00Z,oos,5427,0,Tier A,tier_a_primary,Tier_A_full_context,c08_exclude_weak_session_bucket,midday_lull_120_240,-0.1762380357885976,0
2026.02.19 20:00:00,2026-02-19T20:00:00Z,oos,5428,0,Tier A,tier_a_primary,Tier_A_full_context,c08_exclude_weak_session_bucket,midday_lull_120_240,-0.1762380357885976,0
2026.02.19 20:05:00,2026-02-19T20:05:00Z,oos,5429,0,Tier A,tier_a_primary,Tier_A_full_context,c08_exclude_weak_session_bucket,midday_lull_120_240,-0.1762380357885976,0
2026.02.19 20:10:00,2026-02-19T20:10:00Z,oos,5430,0,Tier A,tier_a_primary,Tier_A_full_context,c08_exclude_weak_session_bucket,midday_lull_120_240,-0.1762380357885976,0
2026.02.19 20:15:00,2026-02-19T20:15:00Z,oos,5431,0,Tier A,tier_a_primary,Tier_A_full_context,c08_exclude_weak_session_bucket,midday_lull_120_240,-0.1762380357885976,0
2026.02.19 20:20:00,2026-02-19T20:20:00Z,oos,5432,0,Tier A,tier_a_primary,Tier_A_full_context,c08_exclude_weak_session_bucket,midday_lull_120_240,-0.1762380357885976,0
2026.02.19 20:25:00,2026-02-19T20:25:00Z,oos,5433,0,Tier A,tier_a_primary,Tier_A_full_context,c08_exclude_weak_session_bucket,midday_lull_120_240,-0.1762380357885976,0
2026.02.19 20:30:00,2026-02-19T20:30:00Z,oos,5434,0,Tier A,tier_a_primary,Tier_A_full_context,c08_exclude_weak_session_bucket,midday_lull_120_240,-0.1762380357885976,0
2026.02.19 20:35:00,2026-02-19T20:35:00Z,oos,5435,0,Tier A,tier_a_primary,Tier_A_full_context,c08_exclude_weak_session_bucket,late_cash_240_330,-0.17209668943772988,0
2026.02.19 20:40:00,2026-02-19T20:40:00Z,oos,5436,0,Tier A,tier_a_primary,Tier_A_full_context,c08_exclude_weak_session_bucket,late_cash_240_330,-0.17209668943772988,0
2026.02.19 20:45:00,2026-02-19T20:45:00Z,oos,5437,0,Tier A,tier_a_primary,Tier_A_full_context,c08_exclude_weak_session_bucket,late_cash_240_330,-0.17209668943772988,0
2026.02.19 20:50:00,2026-02-19T20:50:00Z,oos,5438,1,Tier A,tier_a_primary,Tier_A_full_context,c08_exclude_weak_session_bucket,late_cash_240_330,-0.17209668943772988,1
2026.02.19 20:55:00,2026-02-19T20:55:00Z,oos,5439,0,Tier A,tier_a_primary,Tier_A_full_context,c08_exclude_weak_session_bucket,late_cash_240_330,-0.17209668943772988,0
2026.02.19 21:00:00,2026-02-19T21:00:00Z,oos,5440,0,Tier A,tier_a_primary,Tier_A_full_context,c08_exclude_weak_session_bucket,late_cash_240_330,-0.17209668943772988,0
2026.02.19 21:05:00,2026-02-19T21:05:00Z,oos,5441,0,Tier A,tier_a_primary,Tier_A_full_context,c08_exclude_weak_session_bucket,late_cash_240_330,-0.17209668943772988,0
2026.02.19 21:10:00,2026-02-19T21:10:00Z,oos,5442,0,Tier A,tier_a_primary,Tier_A_full_context,c08_exclude_weak_session_bucket,late_cash_240_330,-0.17209668943772988,0
2026.02.19 21:15:00,2026-02-19T21:15:00Z,oos,5443,0,Tier A,tier_a_primary,Tier_A_full_context,c08_exclude_weak_session_bucket,late_cash_240_330,-0.17209668943772988,0
2026.02.19 21:20:00,2026-02-19T21:20:00Z,oos,5444,0,Tier A,tier_a_primary,Tier_A_full_context,c08_exclude_weak_session_bucket,late_cash_240_330,-0.17209668943772988,0
2026.02.19 21:25:00,2026-02-19T21:25:00Z,oos,5445,0,Tier A,tier_a_primary,Tier_A_full_context,c08_exclude_weak_session_bucket,late_cash_240_330,-0.17209668943772988,0
2026.02.19 21:30:00,2026-02-19T21:30:00Z,oos,5446,0,Tier A,tier_a_primary,Tier_A_full_context,c08_exclude_weak_session_bucket,late_cash_240_330,-0.17209668943772988,0
2026.02.19 21:35:00,2026-02-19T21:35:00Z,oos,5447,0,Tier A,tier_a_primary,Tier_A_full_context,c08_exclude_weak_session_bucket,late_cash_240_330,-0.17209668943772988,0
2026.02.19 21:40:00,2026-02-19T21:40:00Z,oos,5448,0,Tier A,tier_a_primary,Tier_A_full_context,c08_exclude_weak_session_bucket,late_cash_240_330,-0.17209668943772988,0
2026.02.19 21:45:00,2026-02-19T21:45:00Z,oos,5449,0,Tier A,tier_a_primary,Tier_A_full_context,c08_exclude_weak_session_bucket,late_cash_240_330,-0.17209668943772988,0
2026.02.19 21:50:00,2026-02-19T21:50:00Z,oos,5450,0,Tier A,tier_a_primary,Tier_A_full_context,c08_exclude_weak_session_bucket,late_cash_240_330,-0.17209668943772988,0
2026.02.19 21:55:00,2026-02-19T21:55:00Z,oos,5451,0,Tier A,tier_a_primary,Tier_A_full_context,c08_exclude_weak_session_bucket,late_cash_240_330,-0.17209668943772988,0
2026.02.19 22:00:00,2026-02-19T22:00:00Z,oos,5452,0,Tier A,tier_a_primary,Tier_A_full_context,c08_exclude_weak_session_bucket,late_cash_240_330,-0.17209668943772988,0
2026.02.20 16:35:00,2026-02-20T16:35:00Z,oos,5453,1,Tier A,tier_a_primary,Tier_A_full_context,c08_exclude_weak_session_bucket,cash_open_0_30,-0.09635811836115327,1
2026.02.20 16:40:00,2026-02-20T16:40:00Z,oos,5454,1,Tier A,tier_a_primary,Tier_A_full_context,c08_exclude_weak_session_bucket,cash_open_0_30,-0.09635811836115327,1
2026.02.20 16:45:00,2026-02-20T16:45:00Z,oos,5455,1,Tier A,tier_a_primary,Tier_A_full_context,c08_exclude_weak_session_bucket,cash_open_0_30,-0.09635811836115327,1
2026.02.20 16:50:00,2026-02-20T16:50:00Z,oos,5456,0,Tier A,tier_a_primary,Tier_A_full_context,c08_exclude_weak_session_bucket,cash_open_0_30,-0.09635811836115327,0
2026.02.20 16:55:00,2026-02-20T16:55:00Z,oos,5457,0,Tier A,tier_a_primary,Tier_A_full_context,c08_exclude_weak_session_bucket,cash_open_0_30,-0.09635811836115327,0
2026.02.20 17:00:00,2026-02-20T17:00:00Z,oos,5458,0,Tier A,tier_a_primary,Tier_A_full_context,c08_exclude_weak_session_bucket,cash_open_0_30,-0.09635811836115327,0
2026.02.20 17:05:00,2026-02-20T17:05:00Z,oos,5459,1,Tier A,tier_a_primary,Tier_A_full_context,c08_exclude_weak_session_bucket,early_cash_30_60,-0.12775735294117646,1
2026.02.20 17:10:00,2026-02-20T17:10:00Z,oos,5460,0,Tier A,tier_a_primary,Tier_A_full_context,c08_exclude_weak_session_bucket,early_cash_30_60,-0.12775735294117646,0
2026.02.20 17:15:00,2026-02-20T17:15:00Z,oos,5461,-1,Tier A,tier_a_primary,Tier_A_full_context,c08_exclude_weak_session_bucket,early_cash_30_60,-0.12775735294117646,-1
2026.02.20 17:20:00,2026-02-20T17:20:00Z,oos,5462,0,Tier A,tier_a_primary,Tier_A_full_context,c08_exclude_weak_session_bucket,early_cash_30_60,-0.12775735294117646,0
2026.02.20 17:25:00,2026-02-20T17:25:00Z,oos,5463,0,Tier A,tier_a_primary,Tier_A_full_context,c08_exclude_weak_session_bucket,early_cash_30_60,-0.12775735294117646,0
2026.02.20 17:30:00,2026-02-20T17:30:00Z,oos,5464,-1,Tier A,tier_a_primary,Tier_A_full_context,c08_exclude_weak_session_bucket,early_cash_30_60,-0.12775735294117646,-1
2026.02.20 17:35:00,2026-02-20T17:35:00Z,oos,5465,-1,Tier A,tier_a_primary,Tier_A_full_context,c08_exclude_weak_session_bucket,morning_60_120,-0.1698966408268734,-1
2026.02.20 17:40:00,2026-02-20T17:40:00Z,oos,5466,1,Tier A,tier_a_primary,Tier_A_full_context,c08_exclude_weak_session_bucket,morning_60_120,-0.1698966408268734,1
2026.02.20 17:45:00,2026-02-20T17:45:00Z,oos,5467,1,Tier A,tier_a_primary,Tier_A_full_context,c08_exclude_weak_session_bucket,morning_60_120,-0.1698966408268734,1
2026.02.20 17:50:00,2026-02-20T17:50:00Z,oos,5468,0,Tier A,tier_a_primary,Tier_A_full_context,c08_exclude_weak_session_bucket,morning_60_120,-0.1698966408268734,0
2026.02.20 17:55:00,2026-02-20T17:55:00Z,oos,5469,0,Tier A,tier_a_primary,Tier_A_full_context,c08_exclude_weak_session_bucket,morning_60_120,-0.1698966408268734,0
2026.02.20 18:00:00,2026-02-20T18:00:00Z,oos,5470,0,Tier A,tier_a_primary,Tier_A_full_context,c08_exclude_weak_session_bucket,morning_60_120,-0.1698966408268734,0
2026.02.20 18:05:00,2026-02-20T18:05:00Z,oos,5471,0,Tier A,tier_a_primary,Tier_A_full_context,c08_exclude_weak_session_bucket,morning_60_120,-0.1698966408268734,0
2026.02.20 18:10:00,2026-02-20T18:10:00Z,oos,5472,-1,Tier A,tier_a_primary,Tier_A_full_context,c08_exclude_weak_session_bucket,morning_60_120,-0.1698966408268734,-1
2026.02.20 18:15:00,2026-02-20T18:15:00Z,oos,5473,-1,Tier A,tier_a_primary,Tier_A_full_context,c08_exclude_weak_session_bucket,morning_60_120,-0.1698966408268734,-1
2026.02.20 18:20:00,2026-02-20T18:20:00Z,oos,5474,-1,Tier A,tier_a_primary,Tier_A_full_context,c08_exclude_weak_session_bucket,morning_60_120,-0.1698966408268734,-1
2026.02.20 18:25:00,2026-02-20T18:25:00Z,oos,5475,-1,Tier A,tier_a_primary,Tier_A_full_context,c08_exclude_weak_session_bucket,morning_60_120,-0.1698966408268734,-1
2026.02.20 18:30:00,2026-02-20T18:30:00Z,oos,5476,-1,Tier A,tier_a_primary,Tier_A_full_context,c08_exclude_weak_session_bucket,morning_60_120,-0.1698966408268734,-1
2026.02.20 18:35:00,2026-02-20T18:35:00Z,oos,5477,0,Tier A,tier_a_primary,Tier_A_full_context,c08_exclude_weak_session_bucket,midday_lull_120_240,-0.1762380357885976,0
2026.02.20 18:40:00,2026-02-20T18:40:00Z,oos,5478,0,Tier A,tier_a_primary,Tier_A_full_context,c08_exclude_weak_session_bucket,midday_lull_120_240,-0.1762380357885976,0
2026.02.20 18:45:00,2026-02-20T18:45:00Z,oos,5479,0,Tier A,tier_a_primary,Tier_A_full_context,c08_exclude_weak_session_bucket,midday_lull_120_240,-0.1762380357885976,0
2026.02.20 18:50:00,2026-02-20T18:50:00Z,oos,5480,0,Tier A,tier_a_primary,Tier_A_full_context,c08_exclude_weak_session_bucket,midday_lull_120_240,-0.1762380357885976,0
2026.02.20 18:55:00,2026-02-20T18:55:00Z,oos,5481,0,Tier A,tier_a_primary,Tier_A_full_context,c08_exclude_weak_session_bucket,midday_lull_120_240,-0.1762380357885976,0
2026.02.20 19:00:00,2026-02-20T19:00:00Z,oos,5482,0,Tier A,tier_a_primary,Tier_A_full_context,c08_exclude_weak_session_bucket,midday_lull_120_240,-0.1762380357885976,0
2026.02.20 19:05:00,2026-02-20T19:05:00Z,oos,5483,0,Tier A,tier_a_primary,Tier_A_full_context,c08_exclude_weak_session_bucket,midday_lull_120_240,-0.1762380357885976,0
2026.02.20 19:10:00,2026-02-20T19:10:00Z,oos,5484,0,Tier A,tier_a_primary,Tier_A_full_context,c08_exclude_weak_session_bucket,midday_lull_120_240,-0.1762380357885976,0
2026.02.20 19:15:00,2026-02-20T19:15:00Z,oos,5485,0,Tier A,tier_a_primary,Tier_A_full_context,c08_exclude_weak_session_bucket,midday_lull_120_240,-0.1762380357885976,0
2026.02.20 19:20:00,2026-02-20T19:20:00Z,oos,5486,0,Tier A,tier_a_primary,Tier_A_full_context,c08_exclude_weak_session_bucket,midday_lull_120_240,-0.1762380357885976,0
2026.02.20 19:25:00,2026-02-20T19:25:00Z,oos,5487,0,Tier A,tier_a_primary,Tier_A_full_context,c08_exclude_weak_session_bucket,midday_lull_120_240,-0.1762380357885976,0
2026.02.20 19:30:00,2026-02-20T19:30:00Z,oos,5488,0,Tier A,tier_a_primary,Tier_A_full_context,c08_exclude_weak_session_bucket,midday_lull_120_240,-0.1762380357885976,0
2026.02.20 19:35:00,2026-02-20T19:35:00Z,oos,5489,0,Tier A,tier_a_primary,Tier_A_full_context,c08_exclude_weak_session_bucket,midday_lull_120_240,-0.1762380357885976,0
2026.02.20 19:40:00,2026-02-20T19:40:00Z,oos,5490,0,Tier A,tier_a_primary,Tier_A_full_context,c08_exclude_weak_session_bucket,midday_lull_120_240,-0.1762380357885976,0
2026.02.20 19:45:00,2026-02-20T19:45:00Z,oos,5491,0,Tier A,tier_a_primary,Tier_A_full_context,c08_exclude_weak_session_bucket,midday_lull_120_240,-0.1762380357885976,0
2026.02.20 19:50:00,2026-02-20T19:50:00Z,oos,5492,0,Tier A,tier_a_primary,Tier_A_full_context,c08_exclude_weak_session_bucket,midday_lull_120_240,-0.1762380357885976,0
2026.02.20 19:55:00,2026-02-20T19:55:00Z,oos,5493,0,Tier A,tier_a_primary,Tier_A_full_context,c08_exclude_weak_session_bucket,midday_lull_120_240,-0.1762380357885976,0
2026.02.20 20:00:00,2026-02-20T20:00:00Z,oos,5494,0,Tier A,tier_a_primary,Tier_A_full_context,c08_exclude_weak_session_bucket,midday_lull_120_240,-0.1762380357885976,0
2026.02.20 20:05:00,2026-02-20T20:05:00Z,oos,5495,0,Tier A,tier_a_primary,Tier_A_full_context,c08_exclude_weak_session_bucket,midday_lull_120_240,-0.1762380357885976,0
2026.02.20 20:10:00,2026-02-20T20:10:00Z,oos,5496,0,Tier A,tier_a_primary,Tier_A_full_context,c08_exclude_weak_session_bucket,midday_lull_120_240,-0.1762380357885976,0
2026.02.20 20:15:00,2026-02-20T20:15:00Z,oos,5497,0,Tier A,tier_a_primary,Tier_A_full_context,c08_exclude_weak_session_bucket,midday_lull_120_240,-0.1762380357885976,0
2026.02.20 20:20:00,2026-02-20T20:20:00Z,oos,5498,0,Tier A,tier_a_primary,Tier_A_full_context,c08_exclude_weak_session_bucket,midday_lull_120_240,-0.1762380357885976,0
2026.02.20 20:25:00,2026-02-20T20:25:00Z,oos,5499,0,Tier A,tier_a_primary,Tier_A_full_context,c08_exclude_weak_session_bucket,midday_lull_120_240,-0.1762380357885976,0
2026.02.20 20:30:00,2026-02-20T20:30:00Z,oos,5500,0,Tier A,tier_a_primary,Tier_A_full_context,c08_exclude_weak_session_bucket,midday_lull_120_240,-0.1762380357885976,0
2026.02.20 20:35:00,2026-02-20T20:35:00Z,oos,5501,0,Tier A,tier_a_primary,Tier_A_full_context,c08_exclude_weak_session_bucket,late_cash_240_330,-0.17209668943772988,0
2026.02.20 20:40:00,2026-02-20T20:40:00Z,oos,5502,0,Tier A,tier_a_primary,Tier_A_full_context,c08_exclude_weak_session_bucket,late_cash_240_330,-0.17209668943772988,0
2026.02.20 20:45:00,2026-02-20T20:45:00Z,oos,5503,0,Tier A,tier_a_primary,Tier_A_full_context,c08_exclude_weak_session_bucket,late_cash_240_330,-0.17209668943772988,0
2026.02.20 20:50:00,2026-02-20T20:50:00Z,oos,5504,0,Tier A,tier_a_primary,Tier_A_full_context,c08_exclude_weak_session_bucket,late_cash_240_330,-0.17209668943772988,0
2026.02.20 20:55:00,2026-02-20T20:55:00Z,oos,5505,0,Tier A,tier_a_primary,Tier_A_full_context,c08_exclude_weak_session_bucket,late_cash_240_330,-0.17209668943772988,0
2026.02.20 21:00:00,2026-02-20T21:00:00Z,oos,5506,0,Tier A,tier_a_primary,Tier_A_full_context,c08_exclude_weak_session_bucket,late_cash_240_330,-0.17209668943772988,0
2026.02.20 21:05:00,2026-02-20T21:05:00Z,oos,5507,0,Tier A,tier_a_primary,Tier_A_full_context,c08_exclude_weak_session_bucket,late_cash_240_330,-0.17209668943772988,0
2026.02.20 21:10:00,2026-02-20T21:10:00Z,oos,5508,0,Tier A,tier_a_primary,Tier_A_full_context,c08_exclude_weak_session_bucket,late_cash_240_330,-0.17209668943772988,0
2026.02.20 21:15:00,2026-02-20T21:15:00Z,oos,5509,0,Tier A,tier_a_primary,Tier_A_full_context,c08_exclude_weak_session_bucket,late_cash_240_330,-0.17209668943772988,0
2026.02.20 21:20:00,2026-02-20T21:20:00Z,oos,5510,0,Tier A,tier_a_primary,Tier_A_full_context,c08_exclude_weak_session_bucket,late_cash_240_330,-0.17209668943772988,0
2026.02.20 21:25:00,2026-02-20T21:25:00Z,oos,5511,0,Tier A,tier_a_primary,Tier_A_full_context,c08_exclude_weak_session_bucket,late_cash_240_330,-0.17209668943772988,0
2026.02.20 21:30:00,2026-02-20T21:30:00Z,oos,5512,0,Tier A,tier_a_primary,Tier_A_full_context,c08_exclude_weak_session_bucket,late_cash_240_330,-0.17209668943772988,0
2026.02.20 21:35:00,2026-02-20T21:35:00Z,oos,5513,0,Tier A,tier_a_primary,Tier_A_full_context,c08_exclude_weak_session_bucket,late_cash_240_330,-0.17209668943772988,0
2026.02.20 21:40:00,2026-02-20T21:40:00Z,oos,5514,0,Tier A,tier_a_primary,Tier_A_full_context,c08_exclude_weak_session_bucket,late_cash_240_330,-0.17209668943772988,0
2026.02.20 21:45:00,2026-02-20T21:45:00Z,oos,5515,0,Tier A,tier_a_primary,Tier_A_full_context,c08_exclude_weak_session_bucket,late_cash_240_330,-0.17209668943772988,0
2026.02.20 21:50:00,2026-02-20T21:50:00Z,oos,5516,0,Tier A,tier_a_primary,Tier_A_full_context,c08_exclude_weak_session_bucket,late_cash_240_330,-0.17209668943772988,0
2026.02.20 21:55:00,2026-02-20T21:55:00Z,oos,5517,0,Tier A,tier_a_primary,Tier_A_full_context,c08_exclude_weak_session_bucket,late_cash_240_330,-0.17209668943772988,0
2026.02.20 22:00:00,2026-02-20T22:00:00Z,oos,5518,0,Tier A,tier_a_primary,Tier_A_full_context,c08_exclude_weak_session_bucket,late_cash_240_330,-0.17209668943772988,0
2026.02.23 16:35:00,2026-02-23T16:35:00Z,oos,5519,0,Tier A,tier_a_primary,Tier_A_full_context,c08_exclude_weak_session_bucket,cash_open_0_30,-0.09635811836115327,0
2026.02.23 16:40:00,2026-02-23T16:40:00Z,oos,5520,0,Tier A,tier_a_primary,Tier_A_full_context,c08_exclude_weak_session_bucket,cash_open_0_30,-0.09635811836115327,0
2026.02.23 16:45:00,2026-02-23T16:45:00Z,oos,5521,0,Tier A,tier_a_primary,Tier_A_full_context,c08_exclude_weak_session_bucket,cash_open_0_30,-0.09635811836115327,0
2026.02.23 16:50:00,2026-02-23T16:50:00Z,oos,5522,0,Tier A,tier_a_primary,Tier_A_full_context,c08_exclude_weak_session_bucket,cash_open_0_30,-0.09635811836115327,0
2026.02.23 16:55:00,2026-02-23T16:55:00Z,oos,5523,0,Tier A,tier_a_primary,Tier_A_full_context,c08_exclude_weak_session_bucket,cash_open_0_30,-0.09635811836115327,0
2026.02.23 17:00:00,2026-02-23T17:00:00Z,oos,5524,0,Tier A,tier_a_primary,Tier_A_full_context,c08_exclude_weak_session_bucket,cash_open_0_30,-0.09635811836115327,0
2026.02.23 17:05:00,2026-02-23T17:05:00Z,oos,5525,0,Tier A,tier_a_primary,Tier_A_full_context,c08_exclude_weak_session_bucket,early_cash_30_60,-0.12775735294117646,0
2026.02.23 17:10:00,2026-02-23T17:10:00Z,oos,5526,0,Tier A,tier_a_primary,Tier_A_full_context,c08_exclude_weak_session_bucket,early_cash_30_60,-0.12775735294117646,0
2026.02.23 17:15:00,2026-02-23T17:15:00Z,oos,5527,0,Tier A,tier_a_primary,Tier_A_full_context,c08_exclude_weak_session_bucket,early_cash_30_60,-0.12775735294117646,0
2026.02.23 17:20:00,2026-02-23T17:20:00Z,oos,5528,0,Tier A,tier_a_primary,Tier_A_full_context,c08_exclude_weak_session_bucket,early_cash_30_60,-0.12775735294117646,0
2026.02.23 17:25:00,2026-02-23T17:25:00Z,oos,5529,0,Tier A,tier_a_primary,Tier_A_full_context,c08_exclude_weak_session_bucket,early_cash_30_60,-0.12775735294117646,0
2026.02.23 17:30:00,2026-02-23T17:30:00Z,oos,5530,0,Tier A,tier_a_primary,Tier_A_full_context,c08_exclude_weak_session_bucket,early_cash_30_60,-0.12775735294117646,0
2026.02.23 17:35:00,2026-02-23T17:35:00Z,oos,5531,0,Tier A,tier_a_primary,Tier_A_full_context,c08_exclude_weak_session_bucket,morning_60_120,-0.1698966408268734,0
2026.02.23 17:45:00,2026-02-23T17:45:00Z,oos,5532,0,Tier A,tier_a_primary,Tier_A_full_context,c08_exclude_weak_session_bucket,morning_60_120,-0.1698966408268734,0
2026.02.23 17:50:00,2026-02-23T17:50:00Z,oos,5533,0,Tier A,tier_a_primary,Tier_A_full_context,c08_exclude_weak_session_bucket,morning_60_120,-0.1698966408268734,0
2026.02.23 17:55:00,2026-02-23T17:55:00Z,oos,5534,0,Tier A,tier_a_primary,Tier_A_full_context,c08_exclude_weak_session_bucket,morning_60_120,-0.1698966408268734,0
2026.02.23 18:00:00,2026-02-23T18:00:00Z,oos,5535,0,Tier A,tier_a_primary,Tier_A_full_context,c08_exclude_weak_session_bucket,morning_60_120,-0.1698966408268734,0
2026.02.23 18:05:00,2026-02-23T18:05:00Z,oos,5536,0,Tier A,tier_a_primary,Tier_A_full_context,c08_exclude_weak_session_bucket,morning_60_120,-0.1698966408268734,0
2026.02.23 18:10:00,2026-02-23T18:10:00Z,oos,5537,0,Tier A,tier_a_primary,Tier_A_full_context,c08_exclude_weak_session_bucket,morning_60_120,-0.1698966408268734,0
2026.02.23 18:15:00,2026-02-23T18:15:00Z,oos,5538,0,Tier A,tier_a_primary,Tier_A_full_context,c08_exclude_weak_session_bucket,morning_60_120,-0.1698966408268734,0
2026.02.23 18:20:00,2026-02-23T18:20:00Z,oos,5539,1,Tier A,tier_a_primary,Tier_A_full_context,c08_exclude_weak_session_bucket,morning_60_120,-0.1698966408268734,1
2026.02.23 18:25:00,2026-02-23T18:25:00Z,oos,5540,0,Tier A,tier_a_primary,Tier_A_full_context,c08_exclude_weak_session_bucket,morning_60_120,-0.1698966408268734,0
2026.02.23 18:30:00,2026-02-23T18:30:00Z,oos,5541,1,Tier A,tier_a_primary,Tier_A_full_context,c08_exclude_weak_session_bucket,morning_60_120,-0.1698966408268734,1
2026.02.23 18:35:00,2026-02-23T18:35:00Z,oos,5542,0,Tier A,tier_a_primary,Tier_A_full_context,c08_exclude_weak_session_bucket,midday_lull_120_240,-0.1762380357885976,0
2026.02.23 18:40:00,2026-02-23T18:40:00Z,oos,5543,0,Tier A,tier_a_primary,Tier_A_full_context,c08_exclude_weak_session_bucket,midday_lull_120_240,-0.1762380357885976,0
2026.02.23 18:45:00,2026-02-23T18:45:00Z,oos,5544,0,Tier A,tier_a_primary,Tier_A_full_context,c08_exclude_weak_session_bucket,midday_lull_120_240,-0.1762380357885976,0
2026.02.23 18:50:00,2026-02-23T18:50:00Z,oos,5545,0,Tier A,tier_a_primary,Tier_A_full_context,c08_exclude_weak_session_bucket,midday_lull_120_240,-0.1762380357885976,0
2026.02.23 18:55:00,2026-02-23T18:55:00Z,oos,5546,0,Tier A,tier_a_primary,Tier_A_full_context,c08_exclude_weak_session_bucket,midday_lull_120_240,-0.1762380357885976,0
2026.02.23 19:00:00,2026-02-23T19:00:00Z,oos,5547,0,Tier A,tier_a_primary,Tier_A_full_context,c08_exclude_weak_session_bucket,midday_lull_120_240,-0.1762380357885976,0
2026.02.23 19:05:00,2026-02-23T19:05:00Z,oos,5548,0,Tier A,tier_a_primary,Tier_A_full_context,c08_exclude_weak_session_bucket,midday_lull_120_240,-0.1762380357885976,0
2026.02.23 19:15:00,2026-02-23T19:15:00Z,oos,5549,0,Tier A,tier_a_primary,Tier_A_full_context,c08_exclude_weak_session_bucket,midday_lull_120_240,-0.1762380357885976,0
2026.02.23 19:20:00,2026-02-23T19:20:00Z,oos,5550,0,Tier A,tier_a_primary,Tier_A_full_context,c08_exclude_weak_session_bucket,midday_lull_120_240,-0.1762380357885976,0
2026.02.23 19:25:00,2026-02-23T19:25:00Z,oos,5551,0,Tier A,tier_a_primary,Tier_A_full_context,c08_exclude_weak_session_bucket,midday_lull_120_240,-0.1762380357885976,0
2026.02.23 19:30:00,2026-02-23T19:30:00Z,oos,5552,0,Tier A,tier_a_primary,Tier_A_full_context,c08_exclude_weak_session_bucket,midday_lull_120_240,-0.1762380357885976,0
2026.02.23 19:35:00,2026-02-23T19:35:00Z,oos,5553,0,Tier A,tier_a_primary,Tier_A_full_context,c08_exclude_weak_session_bucket,midday_lull_120_240,-0.1762380357885976,0
2026.02.23 19:40:00,2026-02-23T19:40:00Z,oos,5554,0,Tier A,tier_a_primary,Tier_A_full_context,c08_exclude_weak_session_bucket,midday_lull_120_240,-0.1762380357885976,0
2026.02.23 19:45:00,2026-02-23T19:45:00Z,oos,5555,0,Tier A,tier_a_primary,Tier_A_full_context,c08_exclude_weak_session_bucket,midday_lull_120_240,-0.1762380357885976,0
2026.02.23 19:50:00,2026-02-23T19:50:00Z,oos,5556,0,Tier A,tier_a_primary,Tier_A_full_context,c08_exclude_weak_session_bucket,midday_lull_120_240,-0.1762380357885976,0
2026.02.23 19:55:00,2026-02-23T19:55:00Z,oos,5557,0,Tier A,tier_a_primary,Tier_A_full_context,c08_exclude_weak_session_bucket,midday_lull_120_240,-0.1762380357885976,0
2026.02.23 20:00:00,2026-02-23T20:00:00Z,oos,5558,0,Tier A,tier_a_primary,Tier_A_full_context,c08_exclude_weak_session_bucket,midday_lull_120_240,-0.1762380357885976,0
2026.02.23 20:05:00,2026-02-23T20:05:00Z,oos,5559,0,Tier A,tier_a_primary,Tier_A_full_context,c08_exclude_weak_session_bucket,midday_lull_120_240,-0.1762380357885976,0
2026.02.23 20:10:00,2026-02-23T20:10:00Z,oos,5560,0,Tier A,tier_a_primary,Tier_A_full_context,c08_exclude_weak_session_bucket,midday_lull_120_240,-0.1762380357885976,0
2026.02.23 20:15:00,2026-02-23T20:15:00Z,oos,5561,0,Tier A,tier_a_primary,Tier_A_full_context,c08_exclude_weak_session_bucket,midday_lull_120_240,-0.1762380357885976,0
2026.02.23 20:25:00,2026-02-23T20:25:00Z,oos,5562,0,Tier A,tier_a_primary,Tier_A_full_context,c08_exclude_weak_session_bucket,midday_lull_120_240,-0.1762380357885976,0
2026.02.23 20:40:00,2026-02-23T20:40:00Z,oos,5563,0,Tier A,tier_a_primary,Tier_A_full_context,c08_exclude_weak_session_bucket,late_cash_240_330,-0.17209668943772988,0
2026.02.23 20:50:00,2026-02-23T20:50:00Z,oos,5564,0,Tier A,tier_a_primary,Tier_A_full_context,c08_exclude_weak_session_bucket,late_cash_240_330,-0.17209668943772988,0
2026.02.23 21:00:00,2026-02-23T21:00:00Z,oos,5565,0,Tier A,tier_a_primary,Tier_A_full_context,c08_exclude_weak_session_bucket,late_cash_240_330,-0.17209668943772988,0
2026.02.23 21:10:00,2026-02-23T21:10:00Z,oos,5566,0,Tier A,tier_a_primary,Tier_A_full_context,c08_exclude_weak_session_bucket,late_cash_240_330,-0.17209668943772988,0
2026.02.23 21:15:00,2026-02-23T21:15:00Z,oos,5567,0,Tier A,tier_a_primary,Tier_A_full_context,c08_exclude_weak_session_bucket,late_cash_240_330,-0.17209668943772988,0
2026.02.23 21:20:00,2026-02-23T21:20:00Z,oos,5568,0,Tier A,tier_a_primary,Tier_A_full_context,c08_exclude_weak_session_bucket,late_cash_240_330,-0.17209668943772988,0
2026.02.23 21:30:00,2026-02-23T21:30:00Z,oos,5569,0,Tier A,tier_a_primary,Tier_A_full_context,c08_exclude_weak_session_bucket,late_cash_240_330,-0.17209668943772988,0
2026.02.23 21:40:00,2026-02-23T21:40:00Z,oos,5570,0,Tier A,tier_a_primary,Tier_A_full_context,c08_exclude_weak_session_bucket,late_cash_240_330,-0.17209668943772988,0
2026.02.23 21:45:00,2026-02-23T21:45:00Z,oos,5571,0,Tier A,tier_a_primary,Tier_A_full_context,c08_exclude_weak_session_bucket,late_cash_240_330,-0.17209668943772988,0
2026.02.23 21:50:00,2026-02-23T21:50:00Z,oos,5572,1,Tier A,tier_a_primary,Tier_A_full_context,c08_exclude_weak_session_bucket,late_cash_240_330,-0.17209668943772988,1
2026.02.23 22:00:00,2026-02-23T22:00:00Z,oos,5573,0,Tier A,tier_a_primary,Tier_A_full_context,c08_exclude_weak_session_bucket,late_cash_240_330,-0.17209668943772988,0
2026.02.24 16:35:00,2026-02-24T16:35:00Z,oos,5574,0,Tier A,tier_a_primary,Tier_A_full_context,c08_exclude_weak_session_bucket,cash_open_0_30,-0.09635811836115327,0
2026.02.24 16:40:00,2026-02-24T16:40:00Z,oos,5575,0,Tier A,tier_a_primary,Tier_A_full_context,c08_exclude_weak_session_bucket,cash_open_0_30,-0.09635811836115327,0
2026.02.24 16:45:00,2026-02-24T16:45:00Z,oos,5576,0,Tier A,tier_a_primary,Tier_A_full_context,c08_exclude_weak_session_bucket,cash_open_0_30,-0.09635811836115327,0
2026.02.24 16:50:00,2026-02-24T16:50:00Z,oos,5577,0,Tier A,tier_a_primary,Tier_A_full_context,c08_exclude_weak_session_bucket,cash_open_0_30,-0.09635811836115327,0
2026.02.24 16:55:00,2026-02-24T16:55:00Z,oos,5578,0,Tier A,tier_a_primary,Tier_A_full_context,c08_exclude_weak_session_bucket,cash_open_0_30,-0.09635811836115327,0
2026.02.24 17:00:00,2026-02-24T17:00:00Z,oos,5579,0,Tier A,tier_a_primary,Tier_A_full_context,c08_exclude_weak_session_bucket,cash_open_0_30,-0.09635811836115327,0
2026.02.24 17:05:00,2026-02-24T17:05:00Z,oos,5580,0,Tier A,tier_a_primary,Tier_A_full_context,c08_exclude_weak_session_bucket,early_cash_30_60,-0.12775735294117646,0
2026.02.24 17:10:00,2026-02-24T17:10:00Z,oos,5581,0,Tier A,tier_a_primary,Tier_A_full_context,c08_exclude_weak_session_bucket,early_cash_30_60,-0.12775735294117646,0
2026.02.24 17:15:00,2026-02-24T17:15:00Z,oos,5582,0,Tier A,tier_a_primary,Tier_A_full_context,c08_exclude_weak_session_bucket,early_cash_30_60,-0.12775735294117646,0
2026.02.24 17:20:00,2026-02-24T17:20:00Z,oos,5583,0,Tier A,tier_a_primary,Tier_A_full_context,c08_exclude_weak_session_bucket,early_cash_30_60,-0.12775735294117646,0
2026.02.24 17:25:00,2026-02-24T17:25:00Z,oos,5584,0,Tier A,tier_a_primary,Tier_A_full_context,c08_exclude_weak_session_bucket,early_cash_30_60,-0.12775735294117646,0
2026.02.24 17:30:00,2026-02-24T17:30:00Z,oos,5585,0,Tier A,tier_a_primary,Tier_A_full_context,c08_exclude_weak_session_bucket,early_cash_30_60,-0.12775735294117646,0
2026.02.24 17:35:00,2026-02-24T17:35:00Z,oos,5586,0,Tier A,tier_a_primary,Tier_A_full_context,c08_exclude_weak_session_bucket,morning_60_120,-0.1698966408268734,0
2026.02.24 17:40:00,2026-02-24T17:40:00Z,oos,5587,0,Tier A,tier_a_primary,Tier_A_full_context,c08_exclude_weak_session_bucket,morning_60_120,-0.1698966408268734,0
2026.02.24 17:45:00,2026-02-24T17:45:00Z,oos,5588,0,Tier A,tier_a_primary,Tier_A_full_context,c08_exclude_weak_session_bucket,morning_60_120,-0.1698966408268734,0
2026.02.24 17:50:00,2026-02-24T17:50:00Z,oos,5589,0,Tier A,tier_a_primary,Tier_A_full_context,c08_exclude_weak_session_bucket,morning_60_120,-0.1698966408268734,0
2026.02.24 17:55:00,2026-02-24T17:55:00Z,oos,5590,0,Tier A,tier_a_primary,Tier_A_full_context,c08_exclude_weak_session_bucket,morning_60_120,-0.1698966408268734,0
2026.02.24 18:00:00,2026-02-24T18:00:00Z,oos,5591,0,Tier A,tier_a_primary,Tier_A_full_context,c08_exclude_weak_session_bucket,morning_60_120,-0.1698966408268734,0
2026.02.24 18:05:00,2026-02-24T18:05:00Z,oos,5592,0,Tier A,tier_a_primary,Tier_A_full_context,c08_exclude_weak_session_bucket,morning_60_120,-0.1698966408268734,0
2026.02.24 18:10:00,2026-02-24T18:10:00Z,oos,5593,0,Tier A,tier_a_primary,Tier_A_full_context,c08_exclude_weak_session_bucket,morning_60_120,-0.1698966408268734,0
2026.02.24 18:15:00,2026-02-24T18:15:00Z,oos,5594,0,Tier A,tier_a_primary,Tier_A_full_context,c08_exclude_weak_session_bucket,morning_60_120,-0.1698966408268734,0
2026.02.24 18:20:00,2026-02-24T18:20:00Z,oos,5595,0,Tier A,tier_a_primary,Tier_A_full_context,c08_exclude_weak_session_bucket,morning_60_120,-0.1698966408268734,0
2026.02.24 18:25:00,2026-02-24T18:25:00Z,oos,5596,0,Tier A,tier_a_primary,Tier_A_full_context,c08_exclude_weak_session_bucket,morning_60_120,-0.1698966408268734,0
2026.02.24 18:30:00,2026-02-24T18:30:00Z,oos,5597,0,Tier A,tier_a_primary,Tier_A_full_context,c08_exclude_weak_session_bucket,morning_60_120,-0.1698966408268734,0
2026.02.24 18:35:00,2026-02-24T18:35:00Z,oos,5598,0,Tier A,tier_a_primary,Tier_A_full_context,c08_exclude_weak_session_bucket,midday_lull_120_240,-0.1762380357885976,0
2026.02.24 18:45:00,2026-02-24T18:45:00Z,oos,5599,0,Tier A,tier_a_primary,Tier_A_full_context,c08_exclude_weak_session_bucket,midday_lull_120_240,-0.1762380357885976,0
2026.02.24 18:50:00,2026-02-24T18:50:00Z,oos,5600,0,Tier A,tier_a_primary,Tier_A_full_context,c08_exclude_weak_session_bucket,midday_lull_120_240,-0.1762380357885976,0
2026.02.24 18:55:00,2026-02-24T18:55:00Z,oos,5601,0,Tier A,tier_a_primary,Tier_A_full_context,c08_exclude_weak_session_bucket,midday_lull_120_240,-0.1762380357885976,0
2026.02.24 19:00:00,2026-02-24T19:00:00Z,oos,5602,0,Tier A,tier_a_primary,Tier_A_full_context,c08_exclude_weak_session_bucket,midday_lull_120_240,-0.1762380357885976,0
2026.02.24 19:05:00,2026-02-24T19:05:00Z,oos,5603,0,Tier A,tier_a_primary,Tier_A_full_context,c08_exclude_weak_session_bucket,midday_lull_120_240,-0.1762380357885976,0
2026.02.24 19:10:00,2026-02-24T19:10:00Z,oos,5604,0,Tier A,tier_a_primary,Tier_A_full_context,c08_exclude_weak_session_bucket,midday_lull_120_240,-0.1762380357885976,0
2026.02.24 19:15:00,2026-02-24T19:15:00Z,oos,5605,0,Tier A,tier_a_primary,Tier_A_full_context,c08_exclude_weak_session_bucket,midday_lull_120_240,-0.1762380357885976,0
2026.02.24 19:20:00,2026-02-24T19:20:00Z,oos,5606,0,Tier A,tier_a_primary,Tier_A_full_context,c08_exclude_weak_session_bucket,midday_lull_120_240,-0.1762380357885976,0
2026.02.24 19:35:00,2026-02-24T19:35:00Z,oos,5607,0,Tier A,tier_a_primary,Tier_A_full_context,c08_exclude_weak_session_bucket,midday_lull_120_240,-0.1762380357885976,0
2026.02.24 19:40:00,2026-02-24T19:40:00Z,oos,5608,0,Tier A,tier_a_primary,Tier_A_full_context,c08_exclude_weak_session_bucket,midday_lull_120_240,-0.1762380357885976,0
2026.02.24 19:45:00,2026-02-24T19:45:00Z,oos,5609,0,Tier A,tier_a_primary,Tier_A_full_context,c08_exclude_weak_session_bucket,midday_lull_120_240,-0.1762380357885976,0
2026.02.24 19:55:00,2026-02-24T19:55:00Z,oos,5610,0,Tier A,tier_a_primary,Tier_A_full_context,c08_exclude_weak_session_bucket,midday_lull_120_240,-0.1762380357885976,0
2026.02.24 20:05:00,2026-02-24T20:05:00Z,oos,5611,0,Tier A,tier_a_primary,Tier_A_full_context,c08_exclude_weak_session_bucket,midday_lull_120_240,-0.1762380357885976,0
2026.02.24 20:10:00,2026-02-24T20:10:00Z,oos,5612,0,Tier A,tier_a_primary,Tier_A_full_context,c08_exclude_weak_session_bucket,midday_lull_120_240,-0.1762380357885976,0
2026.02.24 20:15:00,2026-02-24T20:15:00Z,oos,5613,0,Tier A,tier_a_primary,Tier_A_full_context,c08_exclude_weak_session_bucket,midday_lull_120_240,-0.1762380357885976,0
2026.02.24 20:20:00,2026-02-24T20:20:00Z,oos,5614,0,Tier A,tier_a_primary,Tier_A_full_context,c08_exclude_weak_session_bucket,midday_lull_120_240,-0.1762380357885976,0
2026.02.24 20:25:00,2026-02-24T20:25:00Z,oos,5615,0,Tier A,tier_a_primary,Tier_A_full_context,c08_exclude_weak_session_bucket,midday_lull_120_240,-0.1762380357885976,0
2026.02.24 20:35:00,2026-02-24T20:35:00Z,oos,5616,0,Tier A,tier_a_primary,Tier_A_full_context,c08_exclude_weak_session_bucket,late_cash_240_330,-0.17209668943772988,0
2026.02.24 20:40:00,2026-02-24T20:40:00Z,oos,5617,0,Tier A,tier_a_primary,Tier_A_full_context,c08_exclude_weak_session_bucket,late_cash_240_330,-0.17209668943772988,0
2026.02.24 20:45:00,2026-02-24T20:45:00Z,oos,5618,0,Tier A,tier_a_primary,Tier_A_full_context,c08_exclude_weak_session_bucket,late_cash_240_330,-0.17209668943772988,0
2026.02.24 20:50:00,2026-02-24T20:50:00Z,oos,5619,0,Tier A,tier_a_primary,Tier_A_full_context,c08_exclude_weak_session_bucket,late_cash_240_330,-0.17209668943772988,0
2026.02.24 20:55:00,2026-02-24T20:55:00Z,oos,5620,0,Tier A,tier_a_primary,Tier_A_full_context,c08_exclude_weak_session_bucket,late_cash_240_330,-0.17209668943772988,0
2026.02.24 21:00:00,2026-02-24T21:00:00Z,oos,5621,0,Tier A,tier_a_primary,Tier_A_full_context,c08_exclude_weak_session_bucket,late_cash_240_330,-0.17209668943772988,0
2026.02.24 21:05:00,2026-02-24T21:05:00Z,oos,5622,0,Tier A,tier_a_primary,Tier_A_full_context,c08_exclude_weak_session_bucket,late_cash_240_330,-0.17209668943772988,0
2026.02.24 21:10:00,2026-02-24T21:10:00Z,oos,5623,0,Tier A,tier_a_primary,Tier_A_full_context,c08_exclude_weak_session_bucket,late_cash_240_330,-0.17209668943772988,0
2026.02.24 21:15:00,2026-02-24T21:15:00Z,oos,5624,0,Tier A,tier_a_primary,Tier_A_full_context,c08_exclude_weak_session_bucket,late_cash_240_330,-0.17209668943772988,0
2026.02.24 21:20:00,2026-02-24T21:20:00Z,oos,5625,0,Tier A,tier_a_primary,Tier_A_full_context,c08_exclude_weak_session_bucket,late_cash_240_330,-0.17209668943772988,0
2026.02.24 21:25:00,2026-02-24T21:25:00Z,oos,5626,0,Tier A,tier_a_primary,Tier_A_full_context,c08_exclude_weak_session_bucket,late_cash_240_330,-0.17209668943772988,0
2026.02.24 21:30:00,2026-02-24T21:30:00Z,oos,5627,0,Tier A,tier_a_primary,Tier_A_full_context,c08_exclude_weak_session_bucket,late_cash_240_330,-0.17209668943772988,0
2026.02.24 21:35:00,2026-02-24T21:35:00Z,oos,5628,0,Tier A,tier_a_primary,Tier_A_full_context,c08_exclude_weak_session_bucket,late_cash_240_330,-0.17209668943772988,0
2026.02.24 21:40:00,2026-02-24T21:40:00Z,oos,5629,0,Tier A,tier_a_primary,Tier_A_full_context,c08_exclude_weak_session_bucket,late_cash_240_330,-0.17209668943772988,0
2026.02.24 21:45:00,2026-02-24T21:45:00Z,oos,5630,0,Tier A,tier_a_primary,Tier_A_full_context,c08_exclude_weak_session_bucket,late_cash_240_330,-0.17209668943772988,0
2026.02.24 21:55:00,2026-02-24T21:55:00Z,oos,5631,0,Tier A,tier_a_primary,Tier_A_full_context,c08_exclude_weak_session_bucket,late_cash_240_330,-0.17209668943772988,0
2026.02.24 22:00:00,2026-02-24T22:00:00Z,oos,5632,0,Tier A,tier_a_primary,Tier_A_full_context,c08_exclude_weak_session_bucket,late_cash_240_330,-0.17209668943772988,0
2026.02.25 16:35:00,2026-02-25T16:35:00Z,oos,5633,0,Tier A,tier_a_primary,Tier_A_full_context,c08_exclude_weak_session_bucket,cash_open_0_30,-0.09635811836115327,0
2026.02.25 16:40:00,2026-02-25T16:40:00Z,oos,5634,1,Tier A,tier_a_primary,Tier_A_full_context,c08_exclude_weak_session_bucket,cash_open_0_30,-0.09635811836115327,1
2026.02.25 16:45:00,2026-02-25T16:45:00Z,oos,5635,1,Tier A,tier_a_primary,Tier_A_full_context,c08_exclude_weak_session_bucket,cash_open_0_30,-0.09635811836115327,1
2026.02.25 16:50:00,2026-02-25T16:50:00Z,oos,5636,1,Tier A,tier_a_primary,Tier_A_full_context,c08_exclude_weak_session_bucket,cash_open_0_30,-0.09635811836115327,1
2026.02.25 16:55:00,2026-02-25T16:55:00Z,oos,5637,0,Tier A,tier_a_primary,Tier_A_full_context,c08_exclude_weak_session_bucket,cash_open_0_30,-0.09635811836115327,0
2026.02.25 17:00:00,2026-02-25T17:00:00Z,oos,5638,0,Tier A,tier_a_primary,Tier_A_full_context,c08_exclude_weak_session_bucket,cash_open_0_30,-0.09635811836115327,0
2026.02.25 17:05:00,2026-02-25T17:05:00Z,oos,5639,-1,Tier A,tier_a_primary,Tier_A_full_context,c08_exclude_weak_session_bucket,early_cash_30_60,-0.12775735294117646,-1
2026.02.25 17:10:00,2026-02-25T17:10:00Z,oos,5640,-1,Tier A,tier_a_primary,Tier_A_full_context,c08_exclude_weak_session_bucket,early_cash_30_60,-0.12775735294117646,-1
2026.02.25 17:15:00,2026-02-25T17:15:00Z,oos,5641,-1,Tier A,tier_a_primary,Tier_A_full_context,c08_exclude_weak_session_bucket,early_cash_30_60,-0.12775735294117646,-1
2026.02.25 17:20:00,2026-02-25T17:20:00Z,oos,5642,-1,Tier A,tier_a_primary,Tier_A_full_context,c08_exclude_weak_session_bucket,early_cash_30_60,-0.12775735294117646,-1
2026.02.25 17:25:00,2026-02-25T17:25:00Z,oos,5643,0,Tier A,tier_a_primary,Tier_A_full_context,c08_exclude_weak_session_bucket,early_cash_30_60,-0.12775735294117646,0
2026.02.25 17:30:00,2026-02-25T17:30:00Z,oos,5644,0,Tier A,tier_a_primary,Tier_A_full_context,c08_exclude_weak_session_bucket,early_cash_30_60,-0.12775735294117646,0
2026.02.25 17:35:00,2026-02-25T17:35:00Z,oos,5645,-1,Tier A,tier_a_primary,Tier_A_full_context,c08_exclude_weak_session_bucket,morning_60_120,-0.1698966408268734,-1
2026.02.25 17:40:00,2026-02-25T17:40:00Z,oos,5646,0,Tier A,tier_a_primary,Tier_A_full_context,c08_exclude_weak_session_bucket,morning_60_120,-0.1698966408268734,0
2026.02.25 17:45:00,2026-02-25T17:45:00Z,oos,5647,0,Tier A,tier_a_primary,Tier_A_full_context,c08_exclude_weak_session_bucket,morning_60_120,-0.1698966408268734,0
2026.02.25 17:50:00,2026-02-25T17:50:00Z,oos,5648,0,Tier A,tier_a_primary,Tier_A_full_context,c08_exclude_weak_session_bucket,morning_60_120,-0.1698966408268734,0
2026.02.25 17:55:00,2026-02-25T17:55:00Z,oos,5649,-1,Tier A,tier_a_primary,Tier_A_full_context,c08_exclude_weak_session_bucket,morning_60_120,-0.1698966408268734,-1
2026.02.25 18:00:00,2026-02-25T18:00:00Z,oos,5650,0,Tier A,tier_a_primary,Tier_A_full_context,c08_exclude_weak_session_bucket,morning_60_120,-0.1698966408268734,0
2026.02.25 18:05:00,2026-02-25T18:05:00Z,oos,5651,0,Tier A,tier_a_primary,Tier_A_full_context,c08_exclude_weak_session_bucket,morning_60_120,-0.1698966408268734,0
2026.02.25 18:10:00,2026-02-25T18:10:00Z,oos,5652,0,Tier A,tier_a_primary,Tier_A_full_context,c08_exclude_weak_session_bucket,morning_60_120,-0.1698966408268734,0
2026.02.25 18:15:00,2026-02-25T18:15:00Z,oos,5653,0,Tier A,tier_a_primary,Tier_A_full_context,c08_exclude_weak_session_bucket,morning_60_120,-0.1698966408268734,0
2026.02.25 18:20:00,2026-02-25T18:20:00Z,oos,5654,0,Tier A,tier_a_primary,Tier_A_full_context,c08_exclude_weak_session_bucket,morning_60_120,-0.1698966408268734,0
2026.02.25 18:25:00,2026-02-25T18:25:00Z,oos,5655,0,Tier A,tier_a_primary,Tier_A_full_context,c08_exclude_weak_session_bucket,morning_60_120,-0.1698966408268734,0
2026.02.25 18:30:00,2026-02-25T18:30:00Z,oos,5656,0,Tier A,tier_a_primary,Tier_A_full_context,c08_exclude_weak_session_bucket,morning_60_120,-0.1698966408268734,0
2026.02.25 18:35:00,2026-02-25T18:35:00Z,oos,5657,0,Tier A,tier_a_primary,Tier_A_full_context,c08_exclude_weak_session_bucket,midday_lull_120_240,-0.1762380357885976,0
2026.02.25 18:40:00,2026-02-25T18:40:00Z,oos,5658,0,Tier A,tier_a_primary,Tier_A_full_context,c08_exclude_weak_session_bucket,midday_lull_120_240,-0.1762380357885976,0
2026.02.25 18:45:00,2026-02-25T18:45:00Z,oos,5659,0,Tier A,tier_a_primary,Tier_A_full_context,c08_exclude_weak_session_bucket,midday_lull_120_240,-0.1762380357885976,0
2026.02.25 18:50:00,2026-02-25T18:50:00Z,oos,5660,0,Tier A,tier_a_primary,Tier_A_full_context,c08_exclude_weak_session_bucket,midday_lull_120_240,-0.1762380357885976,0
2026.02.25 18:55:00,2026-02-25T18:55:00Z,oos,5661,0,Tier A,tier_a_primary,Tier_A_full_context,c08_exclude_weak_session_bucket,midday_lull_120_240,-0.1762380357885976,0
2026.02.25 19:05:00,2026-02-25T19:05:00Z,oos,5662,0,Tier A,tier_a_primary,Tier_A_full_context,c08_exclude_weak_session_bucket,midday_lull_120_240,-0.1762380357885976,0
2026.02.25 19:10:00,2026-02-25T19:10:00Z,oos,5663,0,Tier A,tier_a_primary,Tier_A_full_context,c08_exclude_weak_session_bucket,midday_lull_120_240,-0.1762380357885976,0
2026.02.25 19:15:00,2026-02-25T19:15:00Z,oos,5664,0,Tier A,tier_a_primary,Tier_A_full_context,c08_exclude_weak_session_bucket,midday_lull_120_240,-0.1762380357885976,0
2026.02.25 19:20:00,2026-02-25T19:20:00Z,oos,5665,0,Tier A,tier_a_primary,Tier_A_full_context,c08_exclude_weak_session_bucket,midday_lull_120_240,-0.1762380357885976,0
2026.02.25 19:25:00,2026-02-25T19:25:00Z,oos,5666,0,Tier A,tier_a_primary,Tier_A_full_context,c08_exclude_weak_session_bucket,midday_lull_120_240,-0.1762380357885976,0
2026.02.25 19:30:00,2026-02-25T19:30:00Z,oos,5667,0,Tier A,tier_a_primary,Tier_A_full_context,c08_exclude_weak_session_bucket,midday_lull_120_240,-0.1762380357885976,0
2026.02.25 19:35:00,2026-02-25T19:35:00Z,oos,5668,0,Tier A,tier_a_primary,Tier_A_full_context,c08_exclude_weak_session_bucket,midday_lull_120_240,-0.1762380357885976,0
2026.02.25 19:40:00,2026-02-25T19:40:00Z,oos,5669,0,Tier A,tier_a_primary,Tier_A_full_context,c08_exclude_weak_session_bucket,midday_lull_120_240,-0.1762380357885976,0
2026.02.25 19:45:00,2026-02-25T19:45:00Z,oos,5670,0,Tier A,tier_a_primary,Tier_A_full_context,c08_exclude_weak_session_bucket,midday_lull_120_240,-0.1762380357885976,0
2026.02.25 19:55:00,2026-02-25T19:55:00Z,oos,5671,0,Tier A,tier_a_primary,Tier_A_full_context,c08_exclude_weak_session_bucket,midday_lull_120_240,-0.1762380357885976,0
2026.02.25 20:05:00,2026-02-25T20:05:00Z,oos,5672,0,Tier A,tier_a_primary,Tier_A_full_context,c08_exclude_weak_session_bucket,midday_lull_120_240,-0.1762380357885976,0
2026.02.25 20:10:00,2026-02-25T20:10:00Z,oos,5673,0,Tier A,tier_a_primary,Tier_A_full_context,c08_exclude_weak_session_bucket,midday_lull_120_240,-0.1762380357885976,0
2026.02.25 20:15:00,2026-02-25T20:15:00Z,oos,5674,0,Tier A,tier_a_primary,Tier_A_full_context,c08_exclude_weak_session_bucket,midday_lull_120_240,-0.1762380357885976,0
2026.02.25 20:35:00,2026-02-25T20:35:00Z,oos,5675,0,Tier A,tier_a_primary,Tier_A_full_context,c08_exclude_weak_session_bucket,late_cash_240_330,-0.17209668943772988,0
2026.02.25 20:45:00,2026-02-25T20:45:00Z,oos,5676,1,Tier A,tier_a_primary,Tier_A_full_context,c08_exclude_weak_session_bucket,late_cash_240_330,-0.17209668943772988,1
2026.02.25 20:50:00,2026-02-25T20:50:00Z,oos,5677,0,Tier A,tier_a_primary,Tier_A_full_context,c08_exclude_weak_session_bucket,late_cash_240_330,-0.17209668943772988,0
2026.02.25 20:55:00,2026-02-25T20:55:00Z,oos,5678,0,Tier A,tier_a_primary,Tier_A_full_context,c08_exclude_weak_session_bucket,late_cash_240_330,-0.17209668943772988,0
2026.02.25 21:00:00,2026-02-25T21:00:00Z,oos,5679,0,Tier A,tier_a_primary,Tier_A_full_context,c08_exclude_weak_session_bucket,late_cash_240_330,-0.17209668943772988,0
2026.02.25 21:05:00,2026-02-25T21:05:00Z,oos,5680,1,Tier A,tier_a_primary,Tier_A_full_context,c08_exclude_weak_session_bucket,late_cash_240_330,-0.17209668943772988,1
2026.02.25 21:10:00,2026-02-25T21:10:00Z,oos,5681,0,Tier A,tier_a_primary,Tier_A_full_context,c08_exclude_weak_session_bucket,late_cash_240_330,-0.17209668943772988,0
2026.02.25 21:15:00,2026-02-25T21:15:00Z,oos,5682,-1,Tier A,tier_a_primary,Tier_A_full_context,c08_exclude_weak_session_bucket,late_cash_240_330,-0.17209668943772988,-1
2026.02.25 21:20:00,2026-02-25T21:20:00Z,oos,5683,1,Tier A,tier_a_primary,Tier_A_full_context,c08_exclude_weak_session_bucket,late_cash_240_330,-0.17209668943772988,1
2026.02.25 21:45:00,2026-02-25T21:45:00Z,oos,5684,-1,Tier A,tier_a_primary,Tier_A_full_context,c08_exclude_weak_session_bucket,late_cash_240_330,-0.17209668943772988,-1
2026.02.25 21:50:00,2026-02-25T21:50:00Z,oos,5685,1,Tier A,tier_a_primary,Tier_A_full_context,c08_exclude_weak_session_bucket,late_cash_240_330,-0.17209668943772988,1
2026.02.25 22:00:00,2026-02-25T22:00:00Z,oos,5686,-1,Tier A,tier_a_primary,Tier_A_full_context,c08_exclude_weak_session_bucket,late_cash_240_330,-0.17209668943772988,-1
2026.02.26 16:35:00,2026-02-26T16:35:00Z,oos,5687,0,Tier A,tier_a_primary,Tier_A_full_context,c08_exclude_weak_session_bucket,cash_open_0_30,-0.09635811836115327,0
2026.02.26 16:40:00,2026-02-26T16:40:00Z,oos,5688,0,Tier A,tier_a_primary,Tier_A_full_context,c08_exclude_weak_session_bucket,cash_open_0_30,-0.09635811836115327,0
2026.02.26 16:45:00,2026-02-26T16:45:00Z,oos,5689,0,Tier A,tier_a_primary,Tier_A_full_context,c08_exclude_weak_session_bucket,cash_open_0_30,-0.09635811836115327,0
2026.02.26 16:50:00,2026-02-26T16:50:00Z,oos,5690,-1,Tier A,tier_a_primary,Tier_A_full_context,c08_exclude_weak_session_bucket,cash_open_0_30,-0.09635811836115327,-1
2026.02.26 16:55:00,2026-02-26T16:55:00Z,oos,5691,0,Tier A,tier_a_primary,Tier_A_full_context,c08_exclude_weak_session_bucket,cash_open_0_30,-0.09635811836115327,0
2026.02.26 17:00:00,2026-02-26T17:00:00Z,oos,5692,0,Tier A,tier_a_primary,Tier_A_full_context,c08_exclude_weak_session_bucket,cash_open_0_30,-0.09635811836115327,0
2026.02.26 17:05:00,2026-02-26T17:05:00Z,oos,5693,0,Tier A,tier_a_primary,Tier_A_full_context,c08_exclude_weak_session_bucket,early_cash_30_60,-0.12775735294117646,0
2026.02.26 17:10:00,2026-02-26T17:10:00Z,oos,5694,0,Tier A,tier_a_primary,Tier_A_full_context,c08_exclude_weak_session_bucket,early_cash_30_60,-0.12775735294117646,0
2026.02.26 17:15:00,2026-02-26T17:15:00Z,oos,5695,-1,Tier A,tier_a_primary,Tier_A_full_context,c08_exclude_weak_session_bucket,early_cash_30_60,-0.12775735294117646,-1
2026.02.26 17:20:00,2026-02-26T17:20:00Z,oos,5696,-1,Tier A,tier_a_primary,Tier_A_full_context,c08_exclude_weak_session_bucket,early_cash_30_60,-0.12775735294117646,-1
2026.02.26 17:25:00,2026-02-26T17:25:00Z,oos,5697,0,Tier A,tier_a_primary,Tier_A_full_context,c08_exclude_weak_session_bucket,early_cash_30_60,-0.12775735294117646,0
2026.02.26 17:30:00,2026-02-26T17:30:00Z,oos,5698,1,Tier A,tier_a_primary,Tier_A_full_context,c08_exclude_weak_session_bucket,early_cash_30_60,-0.12775735294117646,1
2026.02.26 17:35:00,2026-02-26T17:35:00Z,oos,5699,-1,Tier A,tier_a_primary,Tier_A_full_context,c08_exclude_weak_session_bucket,morning_60_120,-0.1698966408268734,-1
2026.02.26 17:40:00,2026-02-26T17:40:00Z,oos,5700,1,Tier A,tier_a_primary,Tier_A_full_context,c08_exclude_weak_session_bucket,morning_60_120,-0.1698966408268734,1
2026.02.26 17:45:00,2026-02-26T17:45:00Z,oos,5701,0,Tier A,tier_a_primary,Tier_A_full_context,c08_exclude_weak_session_bucket,morning_60_120,-0.1698966408268734,0
2026.02.26 17:50:00,2026-02-26T17:50:00Z,oos,5702,1,Tier A,tier_a_primary,Tier_A_full_context,c08_exclude_weak_session_bucket,morning_60_120,-0.1698966408268734,1
2026.02.26 17:55:00,2026-02-26T17:55:00Z,oos,5703,0,Tier A,tier_a_primary,Tier_A_full_context,c08_exclude_weak_session_bucket,morning_60_120,-0.1698966408268734,0
2026.02.26 18:00:00,2026-02-26T18:00:00Z,oos,5704,0,Tier A,tier_a_primary,Tier_A_full_context,c08_exclude_weak_session_bucket,morning_60_120,-0.1698966408268734,0
2026.02.26 18:05:00,2026-02-26T18:05:00Z,oos,5705,1,Tier A,tier_a_primary,Tier_A_full_context,c08_exclude_weak_session_bucket,morning_60_120,-0.1698966408268734,1
2026.02.26 18:10:00,2026-02-26T18:10:00Z,oos,5706,0,Tier A,tier_a_primary,Tier_A_full_context,c08_exclude_weak_session_bucket,morning_60_120,-0.1698966408268734,0
2026.02.26 18:15:00,2026-02-26T18:15:00Z,oos,5707,0,Tier A,tier_a_primary,Tier_A_full_context,c08_exclude_weak_session_bucket,morning_60_120,-0.1698966408268734,0
2026.02.26 18:20:00,2026-02-26T18:20:00Z,oos,5708,0,Tier A,tier_a_primary,Tier_A_full_context,c08_exclude_weak_session_bucket,morning_60_120,-0.1698966408268734,0
2026.02.26 18:25:00,2026-02-26T18:25:00Z,oos,5709,0,Tier A,tier_a_primary,Tier_A_full_context,c08_exclude_weak_session_bucket,morning_60_120,-0.1698966408268734,0
2026.02.26 18:30:00,2026-02-26T18:30:00Z,oos,5710,0,Tier A,tier_a_primary,Tier_A_full_context,c08_exclude_weak_session_bucket,morning_60_120,-0.1698966408268734,0
2026.02.26 18:35:00,2026-02-26T18:35:00Z,oos,5711,0,Tier A,tier_a_primary,Tier_A_full_context,c08_exclude_weak_session_bucket,midday_lull_120_240,-0.1762380357885976,0
2026.02.26 18:40:00,2026-02-26T18:40:00Z,oos,5712,0,Tier A,tier_a_primary,Tier_A_full_context,c08_exclude_weak_session_bucket,midday_lull_120_240,-0.1762380357885976,0
2026.02.26 18:45:00,2026-02-26T18:45:00Z,oos,5713,0,Tier A,tier_a_primary,Tier_A_full_context,c08_exclude_weak_session_bucket,midday_lull_120_240,-0.1762380357885976,0
2026.02.26 18:50:00,2026-02-26T18:50:00Z,oos,5714,0,Tier A,tier_a_primary,Tier_A_full_context,c08_exclude_weak_session_bucket,midday_lull_120_240,-0.1762380357885976,0
2026.02.26 18:55:00,2026-02-26T18:55:00Z,oos,5715,0,Tier A,tier_a_primary,Tier_A_full_context,c08_exclude_weak_session_bucket,midday_lull_120_240,-0.1762380357885976,0
2026.02.26 19:00:00,2026-02-26T19:00:00Z,oos,5716,0,Tier A,tier_a_primary,Tier_A_full_context,c08_exclude_weak_session_bucket,midday_lull_120_240,-0.1762380357885976,0
2026.02.26 19:05:00,2026-02-26T19:05:00Z,oos,5717,0,Tier A,tier_a_primary,Tier_A_full_context,c08_exclude_weak_session_bucket,midday_lull_120_240,-0.1762380357885976,0
2026.02.26 19:10:00,2026-02-26T19:10:00Z,oos,5718,0,Tier A,tier_a_primary,Tier_A_full_context,c08_exclude_weak_session_bucket,midday_lull_120_240,-0.1762380357885976,0
2026.02.26 19:15:00,2026-02-26T19:15:00Z,oos,5719,0,Tier A,tier_a_primary,Tier_A_full_context,c08_exclude_weak_session_bucket,midday_lull_120_240,-0.1762380357885976,0
2026.02.26 19:25:00,2026-02-26T19:25:00Z,oos,5720,0,Tier A,tier_a_primary,Tier_A_full_context,c08_exclude_weak_session_bucket,midday_lull_120_240,-0.1762380357885976,0
2026.02.26 19:30:00,2026-02-26T19:30:00Z,oos,5721,0,Tier A,tier_a_primary,Tier_A_full_context,c08_exclude_weak_session_bucket,midday_lull_120_240,-0.1762380357885976,0
2026.02.26 19:35:00,2026-02-26T19:35:00Z,oos,5722,0,Tier A,tier_a_primary,Tier_A_full_context,c08_exclude_weak_session_bucket,midday_lull_120_240,-0.1762380357885976,0
2026.02.26 19:40:00,2026-02-26T19:40:00Z,oos,5723,0,Tier A,tier_a_primary,Tier_A_full_context,c08_exclude_weak_session_bucket,midday_lull_120_240,-0.1762380357885976,0
2026.02.26 19:45:00,2026-02-26T19:45:00Z,oos,5724,0,Tier A,tier_a_primary,Tier_A_full_context,c08_exclude_weak_session_bucket,midday_lull_120_240,-0.1762380357885976,0
2026.02.26 19:50:00,2026-02-26T19:50:00Z,oos,5725,0,Tier A,tier_a_primary,Tier_A_full_context,c08_exclude_weak_session_bucket,midday_lull_120_240,-0.1762380357885976,0
2026.02.26 19:55:00,2026-02-26T19:55:00Z,oos,5726,0,Tier A,tier_a_primary,Tier_A_full_context,c08_exclude_weak_session_bucket,midday_lull_120_240,-0.1762380357885976,0
2026.02.26 20:00:00,2026-02-26T20:00:00Z,oos,5727,0,Tier A,tier_a_primary,Tier_A_full_context,c08_exclude_weak_session_bucket,midday_lull_120_240,-0.1762380357885976,0
2026.02.26 20:05:00,2026-02-26T20:05:00Z,oos,5728,0,Tier A,tier_a_primary,Tier_A_full_context,c08_exclude_weak_session_bucket,midday_lull_120_240,-0.1762380357885976,0
2026.02.26 20:10:00,2026-02-26T20:10:00Z,oos,5729,0,Tier A,tier_a_primary,Tier_A_full_context,c08_exclude_weak_session_bucket,midday_lull_120_240,-0.1762380357885976,0
2026.02.26 20:15:00,2026-02-26T20:15:00Z,oos,5730,0,Tier A,tier_a_primary,Tier_A_full_context,c08_exclude_weak_session_bucket,midday_lull_120_240,-0.1762380357885976,0
2026.02.26 20:20:00,2026-02-26T20:20:00Z,oos,5731,0,Tier A,tier_a_primary,Tier_A_full_context,c08_exclude_weak_session_bucket,midday_lull_120_240,-0.1762380357885976,0
2026.02.26 20:25:00,2026-02-26T20:25:00Z,oos,5732,0,Tier A,tier_a_primary,Tier_A_full_context,c08_exclude_weak_session_bucket,midday_lull_120_240,-0.1762380357885976,0
2026.02.26 20:35:00,2026-02-26T20:35:00Z,oos,5733,1,Tier A,tier_a_primary,Tier_A_full_context,c08_exclude_weak_session_bucket,late_cash_240_330,-0.17209668943772988,1
2026.02.26 20:40:00,2026-02-26T20:40:00Z,oos,5734,1,Tier A,tier_a_primary,Tier_A_full_context,c08_exclude_weak_session_bucket,late_cash_240_330,-0.17209668943772988,1
2026.02.26 20:45:00,2026-02-26T20:45:00Z,oos,5735,0,Tier A,tier_a_primary,Tier_A_full_context,c08_exclude_weak_session_bucket,late_cash_240_330,-0.17209668943772988,0
2026.02.26 20:50:00,2026-02-26T20:50:00Z,oos,5736,0,Tier A,tier_a_primary,Tier_A_full_context,c08_exclude_weak_session_bucket,late_cash_240_330,-0.17209668943772988,0
2026.02.26 20:55:00,2026-02-26T20:55:00Z,oos,5737,0,Tier A,tier_a_primary,Tier_A_full_context,c08_exclude_weak_session_bucket,late_cash_240_330,-0.17209668943772988,0
2026.02.26 21:00:00,2026-02-26T21:00:00Z,oos,5738,0,Tier A,tier_a_primary,Tier_A_full_context,c08_exclude_weak_session_bucket,late_cash_240_330,-0.17209668943772988,0
2026.02.26 21:05:00,2026-02-26T21:05:00Z,oos,5739,1,Tier A,tier_a_primary,Tier_A_full_context,c08_exclude_weak_session_bucket,late_cash_240_330,-0.17209668943772988,1
2026.02.26 21:10:00,2026-02-26T21:10:00Z,oos,5740,1,Tier A,tier_a_primary,Tier_A_full_context,c08_exclude_weak_session_bucket,late_cash_240_330,-0.17209668943772988,1
2026.02.26 21:15:00,2026-02-26T21:15:00Z,oos,5741,0,Tier A,tier_a_primary,Tier_A_full_context,c08_exclude_weak_session_bucket,late_cash_240_330,-0.17209668943772988,0
2026.02.26 21:20:00,2026-02-26T21:20:00Z,oos,5742,0,Tier A,tier_a_primary,Tier_A_full_context,c08_exclude_weak_session_bucket,late_cash_240_330,-0.17209668943772988,0
2026.02.26 21:25:00,2026-02-26T21:25:00Z,oos,5743,0,Tier A,tier_a_primary,Tier_A_full_context,c08_exclude_weak_session_bucket,late_cash_240_330,-0.17209668943772988,0
2026.02.26 21:35:00,2026-02-26T21:35:00Z,oos,5744,1,Tier A,tier_a_primary,Tier_A_full_context,c08_exclude_weak_session_bucket,late_cash_240_330,-0.17209668943772988,1
2026.02.26 21:45:00,2026-02-26T21:45:00Z,oos,5745,0,Tier A,tier_a_primary,Tier_A_full_context,c08_exclude_weak_session_bucket,late_cash_240_330,-0.17209668943772988,0
2026.02.26 21:50:00,2026-02-26T21:50:00Z,oos,5746,0,Tier A,tier_a_primary,Tier_A_full_context,c08_exclude_weak_session_bucket,late_cash_240_330,-0.17209668943772988,0
2026.02.26 21:55:00,2026-02-26T21:55:00Z,oos,5747,0,Tier A,tier_a_primary,Tier_A_full_context,c08_exclude_weak_session_bucket,late_cash_240_330,-0.17209668943772988,0
2026.02.26 22:00:00,2026-02-26T22:00:00Z,oos,5748,-1,Tier A,tier_a_primary,Tier_A_full_context,c08_exclude_weak_session_bucket,late_cash_240_330,-0.17209668943772988,-1
2026.02.27 16:35:00,2026-02-27T16:35:00Z,oos,5749,1,Tier A,tier_a_primary,Tier_A_full_context,c08_exclude_weak_session_bucket,cash_open_0_30,-0.09635811836115327,1
2026.02.27 16:40:00,2026-02-27T16:40:00Z,oos,5750,1,Tier A,tier_a_primary,Tier_A_full_context,c08_exclude_weak_session_bucket,cash_open_0_30,-0.09635811836115327,1
2026.02.27 16:45:00,2026-02-27T16:45:00Z,oos,5751,-1,Tier A,tier_a_primary,Tier_A_full_context,c08_exclude_weak_session_bucket,cash_open_0_30,-0.09635811836115327,-1
2026.02.27 16:50:00,2026-02-27T16:50:00Z,oos,5752,1,Tier A,tier_a_primary,Tier_A_full_context,c08_exclude_weak_session_bucket,cash_open_0_30,-0.09635811836115327,1
2026.02.27 16:55:00,2026-02-27T16:55:00Z,oos,5753,-1,Tier A,tier_a_primary,Tier_A_full_context,c08_exclude_weak_session_bucket,cash_open_0_30,-0.09635811836115327,-1
2026.02.27 17:00:00,2026-02-27T17:00:00Z,oos,5754,0,Tier A,tier_a_primary,Tier_A_full_context,c08_exclude_weak_session_bucket,cash_open_0_30,-0.09635811836115327,0
2026.02.27 17:05:00,2026-02-27T17:05:00Z,oos,5755,1,Tier A,tier_a_primary,Tier_A_full_context,c08_exclude_weak_session_bucket,early_cash_30_60,-0.12775735294117646,1
2026.02.27 17:10:00,2026-02-27T17:10:00Z,oos,5756,1,Tier A,tier_a_primary,Tier_A_full_context,c08_exclude_weak_session_bucket,early_cash_30_60,-0.12775735294117646,1
2026.02.27 17:15:00,2026-02-27T17:15:00Z,oos,5757,0,Tier A,tier_a_primary,Tier_A_full_context,c08_exclude_weak_session_bucket,early_cash_30_60,-0.12775735294117646,0
2026.02.27 17:20:00,2026-02-27T17:20:00Z,oos,5758,0,Tier A,tier_a_primary,Tier_A_full_context,c08_exclude_weak_session_bucket,early_cash_30_60,-0.12775735294117646,0
2026.02.27 17:25:00,2026-02-27T17:25:00Z,oos,5759,0,Tier A,tier_a_primary,Tier_A_full_context,c08_exclude_weak_session_bucket,early_cash_30_60,-0.12775735294117646,0
2026.02.27 17:30:00,2026-02-27T17:30:00Z,oos,5760,0,Tier A,tier_a_primary,Tier_A_full_context,c08_exclude_weak_session_bucket,early_cash_30_60,-0.12775735294117646,0
2026.02.27 17:35:00,2026-02-27T17:35:00Z,oos,5761,0,Tier A,tier_a_primary,Tier_A_full_context,c08_exclude_weak_session_bucket,morning_60_120,-0.1698966408268734,0
2026.02.27 17:40:00,2026-02-27T17:40:00Z,oos,5762,0,Tier A,tier_a_primary,Tier_A_full_context,c08_exclude_weak_session_bucket,morning_60_120,-0.1698966408268734,0
2026.02.27 17:45:00,2026-02-27T17:45:00Z,oos,5763,0,Tier A,tier_a_primary,Tier_A_full_context,c08_exclude_weak_session_bucket,morning_60_120,-0.1698966408268734,0
2026.02.27 17:50:00,2026-02-27T17:50:00Z,oos,5764,0,Tier A,tier_a_primary,Tier_A_full_context,c08_exclude_weak_session_bucket,morning_60_120,-0.1698966408268734,0
2026.02.27 17:55:00,2026-02-27T17:55:00Z,oos,5765,0,Tier A,tier_a_primary,Tier_A_full_context,c08_exclude_weak_session_bucket,morning_60_120,-0.1698966408268734,0
2026.02.27 18:00:00,2026-02-27T18:00:00Z,oos,5766,0,Tier A,tier_a_primary,Tier_A_full_context,c08_exclude_weak_session_bucket,morning_60_120,-0.1698966408268734,0
2026.02.27 18:05:00,2026-02-27T18:05:00Z,oos,5767,0,Tier A,tier_a_primary,Tier_A_full_context,c08_exclude_weak_session_bucket,morning_60_120,-0.1698966408268734,0
2026.02.27 18:10:00,2026-02-27T18:10:00Z,oos,5768,0,Tier A,tier_a_primary,Tier_A_full_context,c08_exclude_weak_session_bucket,morning_60_120,-0.1698966408268734,0
2026.02.27 18:15:00,2026-02-27T18:15:00Z,oos,5769,0,Tier A,tier_a_primary,Tier_A_full_context,c08_exclude_weak_session_bucket,morning_60_120,-0.1698966408268734,0
2026.02.27 18:20:00,2026-02-27T18:20:00Z,oos,5770,0,Tier A,tier_a_primary,Tier_A_full_context,c08_exclude_weak_session_bucket,morning_60_120,-0.1698966408268734,0
2026.02.27 18:25:00,2026-02-27T18:25:00Z,oos,5771,0,Tier A,tier_a_primary,Tier_A_full_context,c08_exclude_weak_session_bucket,morning_60_120,-0.1698966408268734,0
2026.02.27 18:30:00,2026-02-27T18:30:00Z,oos,5772,0,Tier A,tier_a_primary,Tier_A_full_context,c08_exclude_weak_session_bucket,morning_60_120,-0.1698966408268734,0
2026.02.27 18:35:00,2026-02-27T18:35:00Z,oos,5773,0,Tier A,tier_a_primary,Tier_A_full_context,c08_exclude_weak_session_bucket,midday_lull_120_240,-0.1762380357885976,0
2026.02.27 18:40:00,2026-02-27T18:40:00Z,oos,5774,0,Tier A,tier_a_primary,Tier_A_full_context,c08_exclude_weak_session_bucket,midday_lull_120_240,-0.1762380357885976,0
2026.02.27 18:45:00,2026-02-27T18:45:00Z,oos,5775,0,Tier A,tier_a_primary,Tier_A_full_context,c08_exclude_weak_session_bucket,midday_lull_120_240,-0.1762380357885976,0
2026.02.27 18:50:00,2026-02-27T18:50:00Z,oos,5776,0,Tier A,tier_a_primary,Tier_A_full_context,c08_exclude_weak_session_bucket,midday_lull_120_240,-0.1762380357885976,0
2026.02.27 18:55:00,2026-02-27T18:55:00Z,oos,5777,0,Tier A,tier_a_primary,Tier_A_full_context,c08_exclude_weak_session_bucket,midday_lull_120_240,-0.1762380357885976,0
2026.02.27 19:00:00,2026-02-27T19:00:00Z,oos,5778,0,Tier A,tier_a_primary,Tier_A_full_context,c08_exclude_weak_session_bucket,midday_lull_120_240,-0.1762380357885976,0
2026.02.27 19:05:00,2026-02-27T19:05:00Z,oos,5779,0,Tier A,tier_a_primary,Tier_A_full_context,c08_exclude_weak_session_bucket,midday_lull_120_240,-0.1762380357885976,0
2026.02.27 19:10:00,2026-02-27T19:10:00Z,oos,5780,0,Tier A,tier_a_primary,Tier_A_full_context,c08_exclude_weak_session_bucket,midday_lull_120_240,-0.1762380357885976,0
2026.02.27 19:15:00,2026-02-27T19:15:00Z,oos,5781,0,Tier A,tier_a_primary,Tier_A_full_context,c08_exclude_weak_session_bucket,midday_lull_120_240,-0.1762380357885976,0
2026.02.27 19:20:00,2026-02-27T19:20:00Z,oos,5782,0,Tier A,tier_a_primary,Tier_A_full_context,c08_exclude_weak_session_bucket,midday_lull_120_240,-0.1762380357885976,0
2026.02.27 19:25:00,2026-02-27T19:25:00Z,oos,5783,0,Tier A,tier_a_primary,Tier_A_full_context,c08_exclude_weak_session_bucket,midday_lull_120_240,-0.1762380357885976,0
2026.02.27 19:30:00,2026-02-27T19:30:00Z,oos,5784,0,Tier A,tier_a_primary,Tier_A_full_context,c08_exclude_weak_session_bucket,midday_lull_120_240,-0.1762380357885976,0
2026.02.27 19:35:00,2026-02-27T19:35:00Z,oos,5785,0,Tier A,tier_a_primary,Tier_A_full_context,c08_exclude_weak_session_bucket,midday_lull_120_240,-0.1762380357885976,0
2026.02.27 19:40:00,2026-02-27T19:40:00Z,oos,5786,0,Tier A,tier_a_primary,Tier_A_full_context,c08_exclude_weak_session_bucket,midday_lull_120_240,-0.1762380357885976,0
2026.02.27 19:45:00,2026-02-27T19:45:00Z,oos,5787,0,Tier A,tier_a_primary,Tier_A_full_context,c08_exclude_weak_session_bucket,midday_lull_120_240,-0.1762380357885976,0
2026.02.27 19:50:00,2026-02-27T19:50:00Z,oos,5788,0,Tier A,tier_a_primary,Tier_A_full_context,c08_exclude_weak_session_bucket,midday_lull_120_240,-0.1762380357885976,0
2026.02.27 19:55:00,2026-02-27T19:55:00Z,oos,5789,0,Tier A,tier_a_primary,Tier_A_full_context,c08_exclude_weak_session_bucket,midday_lull_120_240,-0.1762380357885976,0
2026.02.27 20:00:00,2026-02-27T20:00:00Z,oos,5790,0,Tier A,tier_a_primary,Tier_A_full_context,c08_exclude_weak_session_bucket,midday_lull_120_240,-0.1762380357885976,0
2026.02.27 20:05:00,2026-02-27T20:05:00Z,oos,5791,0,Tier A,tier_a_primary,Tier_A_full_context,c08_exclude_weak_session_bucket,midday_lull_120_240,-0.1762380357885976,0
2026.02.27 20:10:00,2026-02-27T20:10:00Z,oos,5792,0,Tier A,tier_a_primary,Tier_A_full_context,c08_exclude_weak_session_bucket,midday_lull_120_240,-0.1762380357885976,0
2026.02.27 20:15:00,2026-02-27T20:15:00Z,oos,5793,0,Tier A,tier_a_primary,Tier_A_full_context,c08_exclude_weak_session_bucket,midday_lull_120_240,-0.1762380357885976,0
2026.02.27 20:20:00,2026-02-27T20:20:00Z,oos,5794,0,Tier A,tier_a_primary,Tier_A_full_context,c08_exclude_weak_session_bucket,midday_lull_120_240,-0.1762380357885976,0
2026.02.27 20:25:00,2026-02-27T20:25:00Z,oos,5795,0,Tier A,tier_a_primary,Tier_A_full_context,c08_exclude_weak_session_bucket,midday_lull_120_240,-0.1762380357885976,0
2026.02.27 20:30:00,2026-02-27T20:30:00Z,oos,5796,0,Tier A,tier_a_primary,Tier_A_full_context,c08_exclude_weak_session_bucket,midday_lull_120_240,-0.1762380357885976,0
2026.02.27 20:35:00,2026-02-27T20:35:00Z,oos,5797,0,Tier A,tier_a_primary,Tier_A_full_context,c08_exclude_weak_session_bucket,late_cash_240_330,-0.17209668943772988,0
2026.02.27 20:40:00,2026-02-27T20:40:00Z,oos,5798,0,Tier A,tier_a_primary,Tier_A_full_context,c08_exclude_weak_session_bucket,late_cash_240_330,-0.17209668943772988,0
2026.02.27 20:50:00,2026-02-27T20:50:00Z,oos,5799,0,Tier A,tier_a_primary,Tier_A_full_context,c08_exclude_weak_session_bucket,late_cash_240_330,-0.17209668943772988,0
2026.02.27 20:55:00,2026-02-27T20:55:00Z,oos,5800,0,Tier A,tier_a_primary,Tier_A_full_context,c08_exclude_weak_session_bucket,late_cash_240_330,-0.17209668943772988,0
2026.02.27 21:00:00,2026-02-27T21:00:00Z,oos,5801,0,Tier A,tier_a_primary,Tier_A_full_context,c08_exclude_weak_session_bucket,late_cash_240_330,-0.17209668943772988,0
2026.02.27 21:05:00,2026-02-27T21:05:00Z,oos,5802,0,Tier A,tier_a_primary,Tier_A_full_context,c08_exclude_weak_session_bucket,late_cash_240_330,-0.17209668943772988,0
2026.02.27 21:10:00,2026-02-27T21:10:00Z,oos,5803,0,Tier A,tier_a_primary,Tier_A_full_context,c08_exclude_weak_session_bucket,late_cash_240_330,-0.17209668943772988,0
2026.02.27 21:15:00,2026-02-27T21:15:00Z,oos,5804,0,Tier A,tier_a_primary,Tier_A_full_context,c08_exclude_weak_session_bucket,late_cash_240_330,-0.17209668943772988,0
2026.02.27 21:20:00,2026-02-27T21:20:00Z,oos,5805,0,Tier A,tier_a_primary,Tier_A_full_context,c08_exclude_weak_session_bucket,late_cash_240_330,-0.17209668943772988,0
2026.02.27 21:25:00,2026-02-27T21:25:00Z,oos,5806,0,Tier A,tier_a_primary,Tier_A_full_context,c08_exclude_weak_session_bucket,late_cash_240_330,-0.17209668943772988,0
2026.02.27 21:30:00,2026-02-27T21:30:00Z,oos,5807,0,Tier A,tier_a_primary,Tier_A_full_context,c08_exclude_weak_session_bucket,late_cash_240_330,-0.17209668943772988,0
2026.02.27 21:35:00,2026-02-27T21:35:00Z,oos,5808,0,Tier A,tier_a_primary,Tier_A_full_context,c08_exclude_weak_session_bucket,late_cash_240_330,-0.17209668943772988,0
2026.02.27 21:40:00,2026-02-27T21:40:00Z,oos,5809,0,Tier A,tier_a_primary,Tier_A_full_context,c08_exclude_weak_session_bucket,late_cash_240_330,-0.17209668943772988,0
2026.02.27 21:45:00,2026-02-27T21:45:00Z,oos,5810,0,Tier A,tier_a_primary,Tier_A_full_context,c08_exclude_weak_session_bucket,late_cash_240_330,-0.17209668943772988,0
2026.02.27 21:50:00,2026-02-27T21:50:00Z,oos,5811,0,Tier A,tier_a_primary,Tier_A_full_context,c08_exclude_weak_session_bucket,late_cash_240_330,-0.17209668943772988,0
2026.02.27 21:55:00,2026-02-27T21:55:00Z,oos,5812,0,Tier A,tier_a_primary,Tier_A_full_context,c08_exclude_weak_session_bucket,late_cash_240_330,-0.17209668943772988,0
2026.02.27 22:00:00,2026-02-27T22:00:00Z,oos,5813,0,Tier A,tier_a_primary,Tier_A_full_context,c08_exclude_weak_session_bucket,late_cash_240_330,-0.17209668943772988,0
2026.03.02 16:35:00,2026-03-02T16:35:00Z,oos,5814,0,Tier A,tier_a_primary,Tier_A_full_context,c08_exclude_weak_session_bucket,cash_open_0_30,-0.09635811836115327,0
2026.03.02 16:40:00,2026-03-02T16:40:00Z,oos,5815,0,Tier A,tier_a_primary,Tier_A_full_context,c08_exclude_weak_session_bucket,cash_open_0_30,-0.09635811836115327,0
2026.03.02 16:45:00,2026-03-02T16:45:00Z,oos,5816,0,Tier A,tier_a_primary,Tier_A_full_context,c08_exclude_weak_session_bucket,cash_open_0_30,-0.09635811836115327,0
2026.03.02 16:50:00,2026-03-02T16:50:00Z,oos,5817,1,Tier A,tier_a_primary,Tier_A_full_context,c08_exclude_weak_session_bucket,cash_open_0_30,-0.09635811836115327,1
2026.03.02 16:55:00,2026-03-02T16:55:00Z,oos,5818,-1,Tier A,tier_a_primary,Tier_A_full_context,c08_exclude_weak_session_bucket,cash_open_0_30,-0.09635811836115327,-1
2026.03.02 17:00:00,2026-03-02T17:00:00Z,oos,5819,0,Tier A,tier_a_primary,Tier_A_full_context,c08_exclude_weak_session_bucket,cash_open_0_30,-0.09635811836115327,0
2026.03.02 17:05:00,2026-03-02T17:05:00Z,oos,5820,0,Tier A,tier_a_primary,Tier_A_full_context,c08_exclude_weak_session_bucket,early_cash_30_60,-0.12775735294117646,0
2026.03.02 17:10:00,2026-03-02T17:10:00Z,oos,5821,0,Tier A,tier_a_primary,Tier_A_full_context,c08_exclude_weak_session_bucket,early_cash_30_60,-0.12775735294117646,0
2026.03.02 17:15:00,2026-03-02T17:15:00Z,oos,5822,0,Tier A,tier_a_primary,Tier_A_full_context,c08_exclude_weak_session_bucket,early_cash_30_60,-0.12775735294117646,0
2026.03.02 17:20:00,2026-03-02T17:20:00Z,oos,5823,0,Tier A,tier_a_primary,Tier_A_full_context,c08_exclude_weak_session_bucket,early_cash_30_60,-0.12775735294117646,0
2026.03.02 17:25:00,2026-03-02T17:25:00Z,oos,5824,0,Tier A,tier_a_primary,Tier_A_full_context,c08_exclude_weak_session_bucket,early_cash_30_60,-0.12775735294117646,0
2026.03.02 17:30:00,2026-03-02T17:30:00Z,oos,5825,-1,Tier A,tier_a_primary,Tier_A_full_context,c08_exclude_weak_session_bucket,early_cash_30_60,-0.12775735294117646,-1
2026.03.02 17:35:00,2026-03-02T17:35:00Z,oos,5826,0,Tier A,tier_a_primary,Tier_A_full_context,c08_exclude_weak_session_bucket,morning_60_120,-0.1698966408268734,0
2026.03.02 17:40:00,2026-03-02T17:40:00Z,oos,5827,0,Tier A,tier_a_primary,Tier_A_full_context,c08_exclude_weak_session_bucket,morning_60_120,-0.1698966408268734,0
2026.03.02 17:45:00,2026-03-02T17:45:00Z,oos,5828,0,Tier A,tier_a_primary,Tier_A_full_context,c08_exclude_weak_session_bucket,morning_60_120,-0.1698966408268734,0
2026.03.02 17:50:00,2026-03-02T17:50:00Z,oos,5829,0,Tier A,tier_a_primary,Tier_A_full_context,c08_exclude_weak_session_bucket,morning_60_120,-0.1698966408268734,0
2026.03.02 17:55:00,2026-03-02T17:55:00Z,oos,5830,-1,Tier A,tier_a_primary,Tier_A_full_context,c08_exclude_weak_session_bucket,morning_60_120,-0.1698966408268734,-1
2026.03.02 18:00:00,2026-03-02T18:00:00Z,oos,5831,0,Tier A,tier_a_primary,Tier_A_full_context,c08_exclude_weak_session_bucket,morning_60_120,-0.1698966408268734,0
2026.03.02 18:05:00,2026-03-02T18:05:00Z,oos,5832,0,Tier A,tier_a_primary,Tier_A_full_context,c08_exclude_weak_session_bucket,morning_60_120,-0.1698966408268734,0
2026.03.02 18:10:00,2026-03-02T18:10:00Z,oos,5833,0,Tier A,tier_a_primary,Tier_A_full_context,c08_exclude_weak_session_bucket,morning_60_120,-0.1698966408268734,0
2026.03.02 18:15:00,2026-03-02T18:15:00Z,oos,5834,0,Tier A,tier_a_primary,Tier_A_full_context,c08_exclude_weak_session_bucket,morning_60_120,-0.1698966408268734,0
2026.03.02 18:20:00,2026-03-02T18:20:00Z,oos,5835,-1,Tier A,tier_a_primary,Tier_A_full_context,c08_exclude_weak_session_bucket,morning_60_120,-0.1698966408268734,-1
2026.03.02 18:25:00,2026-03-02T18:25:00Z,oos,5836,0,Tier A,tier_a_primary,Tier_A_full_context,c08_exclude_weak_session_bucket,morning_60_120,-0.1698966408268734,0
2026.03.02 18:30:00,2026-03-02T18:30:00Z,oos,5837,-1,Tier A,tier_a_primary,Tier_A_full_context,c08_exclude_weak_session_bucket,morning_60_120,-0.1698966408268734,-1
2026.03.02 18:35:00,2026-03-02T18:35:00Z,oos,5838,0,Tier A,tier_a_primary,Tier_A_full_context,c08_exclude_weak_session_bucket,midday_lull_120_240,-0.1762380357885976,0
2026.03.02 18:40:00,2026-03-02T18:40:00Z,oos,5839,0,Tier A,tier_a_primary,Tier_A_full_context,c08_exclude_weak_session_bucket,midday_lull_120_240,-0.1762380357885976,0
2026.03.02 18:45:00,2026-03-02T18:45:00Z,oos,5840,0,Tier A,tier_a_primary,Tier_A_full_context,c08_exclude_weak_session_bucket,midday_lull_120_240,-0.1762380357885976,0
2026.03.02 18:50:00,2026-03-02T18:50:00Z,oos,5841,0,Tier A,tier_a_primary,Tier_A_full_context,c08_exclude_weak_session_bucket,midday_lull_120_240,-0.1762380357885976,0
2026.03.02 18:55:00,2026-03-02T18:55:00Z,oos,5842,0,Tier A,tier_a_primary,Tier_A_full_context,c08_exclude_weak_session_bucket,midday_lull_120_240,-0.1762380357885976,0
2026.03.02 19:00:00,2026-03-02T19:00:00Z,oos,5843,0,Tier A,tier_a_primary,Tier_A_full_context,c08_exclude_weak_session_bucket,midday_lull_120_240,-0.1762380357885976,0
2026.03.02 19:05:00,2026-03-02T19:05:00Z,oos,5844,0,Tier A,tier_a_primary,Tier_A_full_context,c08_exclude_weak_session_bucket,midday_lull_120_240,-0.1762380357885976,0
2026.03.02 19:10:00,2026-03-02T19:10:00Z,oos,5845,0,Tier A,tier_a_primary,Tier_A_full_context,c08_exclude_weak_session_bucket,midday_lull_120_240,-0.1762380357885976,0
2026.03.02 19:15:00,2026-03-02T19:15:00Z,oos,5846,0,Tier A,tier_a_primary,Tier_A_full_context,c08_exclude_weak_session_bucket,midday_lull_120_240,-0.1762380357885976,0
2026.03.02 19:20:00,2026-03-02T19:20:00Z,oos,5847,0,Tier A,tier_a_primary,Tier_A_full_context,c08_exclude_weak_session_bucket,midday_lull_120_240,-0.1762380357885976,0
2026.03.02 19:25:00,2026-03-02T19:25:00Z,oos,5848,0,Tier A,tier_a_primary,Tier_A_full_context,c08_exclude_weak_session_bucket,midday_lull_120_240,-0.1762380357885976,0
2026.03.02 19:30:00,2026-03-02T19:30:00Z,oos,5849,0,Tier A,tier_a_primary,Tier_A_full_context,c08_exclude_weak_session_bucket,midday_lull_120_240,-0.1762380357885976,0
2026.03.02 19:35:00,2026-03-02T19:35:00Z,oos,5850,0,Tier A,tier_a_primary,Tier_A_full_context,c08_exclude_weak_session_bucket,midday_lull_120_240,-0.1762380357885976,0
2026.03.02 19:40:00,2026-03-02T19:40:00Z,oos,5851,0,Tier A,tier_a_primary,Tier_A_full_context,c08_exclude_weak_session_bucket,midday_lull_120_240,-0.1762380357885976,0
2026.03.02 19:45:00,2026-03-02T19:45:00Z,oos,5852,0,Tier A,tier_a_primary,Tier_A_full_context,c08_exclude_weak_session_bucket,midday_lull_120_240,-0.1762380357885976,0
2026.03.02 19:50:00,2026-03-02T19:50:00Z,oos,5853,0,Tier A,tier_a_primary,Tier_A_full_context,c08_exclude_weak_session_bucket,midday_lull_120_240,-0.1762380357885976,0
2026.03.02 19:55:00,2026-03-02T19:55:00Z,oos,5854,0,Tier A,tier_a_primary,Tier_A_full_context,c08_exclude_weak_session_bucket,midday_lull_120_240,-0.1762380357885976,0
2026.03.02 20:00:00,2026-03-02T20:00:00Z,oos,5855,0,Tier A,tier_a_primary,Tier_A_full_context,c08_exclude_weak_session_bucket,midday_lull_120_240,-0.1762380357885976,0
2026.03.02 20:05:00,2026-03-02T20:05:00Z,oos,5856,0,Tier A,tier_a_primary,Tier_A_full_context,c08_exclude_weak_session_bucket,midday_lull_120_240,-0.1762380357885976,0
2026.03.02 20:10:00,2026-03-02T20:10:00Z,oos,5857,0,Tier A,tier_a_primary,Tier_A_full_context,c08_exclude_weak_session_bucket,midday_lull_120_240,-0.1762380357885976,0
2026.03.02 20:15:00,2026-03-02T20:15:00Z,oos,5858,0,Tier A,tier_a_primary,Tier_A_full_context,c08_exclude_weak_session_bucket,midday_lull_120_240,-0.1762380357885976,0
2026.03.02 20:20:00,2026-03-02T20:20:00Z,oos,5859,0,Tier A,tier_a_primary,Tier_A_full_context,c08_exclude_weak_session_bucket,midday_lull_120_240,-0.1762380357885976,0
2026.03.02 20:25:00,2026-03-02T20:25:00Z,oos,5860,0,Tier A,tier_a_primary,Tier_A_full_context,c08_exclude_weak_session_bucket,midday_lull_120_240,-0.1762380357885976,0
2026.03.02 20:30:00,2026-03-02T20:30:00Z,oos,5861,0,Tier A,tier_a_primary,Tier_A_full_context,c08_exclude_weak_session_bucket,midday_lull_120_240,-0.1762380357885976,0
2026.03.02 20:40:00,2026-03-02T20:40:00Z,oos,5862,-1,Tier A,tier_a_primary,Tier_A_full_context,c08_exclude_weak_session_bucket,late_cash_240_330,-0.17209668943772988,-1
2026.03.02 20:50:00,2026-03-02T20:50:00Z,oos,5863,0,Tier A,tier_a_primary,Tier_A_full_context,c08_exclude_weak_session_bucket,late_cash_240_330,-0.17209668943772988,0
2026.03.02 21:00:00,2026-03-02T21:00:00Z,oos,5864,0,Tier A,tier_a_primary,Tier_A_full_context,c08_exclude_weak_session_bucket,late_cash_240_330,-0.17209668943772988,0
2026.03.02 21:05:00,2026-03-02T21:05:00Z,oos,5865,0,Tier A,tier_a_primary,Tier_A_full_context,c08_exclude_weak_session_bucket,late_cash_240_330,-0.17209668943772988,0
2026.03.02 21:10:00,2026-03-02T21:10:00Z,oos,5866,0,Tier A,tier_a_primary,Tier_A_full_context,c08_exclude_weak_session_bucket,late_cash_240_330,-0.17209668943772988,0
2026.03.02 21:15:00,2026-03-02T21:15:00Z,oos,5867,0,Tier A,tier_a_primary,Tier_A_full_context,c08_exclude_weak_session_bucket,late_cash_240_330,-0.17209668943772988,0
2026.03.02 21:20:00,2026-03-02T21:20:00Z,oos,5868,0,Tier A,tier_a_primary,Tier_A_full_context,c08_exclude_weak_session_bucket,late_cash_240_330,-0.17209668943772988,0
2026.03.02 21:25:00,2026-03-02T21:25:00Z,oos,5869,0,Tier A,tier_a_primary,Tier_A_full_context,c08_exclude_weak_session_bucket,late_cash_240_330,-0.17209668943772988,0
2026.03.02 21:30:00,2026-03-02T21:30:00Z,oos,5870,0,Tier A,tier_a_primary,Tier_A_full_context,c08_exclude_weak_session_bucket,late_cash_240_330,-0.17209668943772988,0
2026.03.02 21:35:00,2026-03-02T21:35:00Z,oos,5871,0,Tier A,tier_a_primary,Tier_A_full_context,c08_exclude_weak_session_bucket,late_cash_240_330,-0.17209668943772988,0
2026.03.02 21:40:00,2026-03-02T21:40:00Z,oos,5872,0,Tier A,tier_a_primary,Tier_A_full_context,c08_exclude_weak_session_bucket,late_cash_240_330,-0.17209668943772988,0
2026.03.02 21:45:00,2026-03-02T21:45:00Z,oos,5873,0,Tier A,tier_a_primary,Tier_A_full_context,c08_exclude_weak_session_bucket,late_cash_240_330,-0.17209668943772988,0
2026.03.02 21:50:00,2026-03-02T21:50:00Z,oos,5874,0,Tier A,tier_a_primary,Tier_A_full_context,c08_exclude_weak_session_bucket,late_cash_240_330,-0.17209668943772988,0
2026.03.02 21:55:00,2026-03-02T21:55:00Z,oos,5875,0,Tier A,tier_a_primary,Tier_A_full_context,c08_exclude_weak_session_bucket,late_cash_240_330,-0.17209668943772988,0
2026.03.02 22:00:00,2026-03-02T22:00:00Z,oos,5876,0,Tier A,tier_a_primary,Tier_A_full_context,c08_exclude_weak_session_bucket,late_cash_240_330,-0.17209668943772988,0
2026.03.03 16:35:00,2026-03-03T16:35:00Z,oos,5877,0,Tier A,tier_a_primary,Tier_A_full_context,c08_exclude_weak_session_bucket,cash_open_0_30,-0.09635811836115327,0
2026.03.03 16:40:00,2026-03-03T16:40:00Z,oos,5878,1,Tier A,tier_a_primary,Tier_A_full_context,c08_exclude_weak_session_bucket,cash_open_0_30,-0.09635811836115327,1
2026.03.03 16:45:00,2026-03-03T16:45:00Z,oos,5879,-1,Tier A,tier_a_primary,Tier_A_full_context,c08_exclude_weak_session_bucket,cash_open_0_30,-0.09635811836115327,-1
2026.03.03 16:50:00,2026-03-03T16:50:00Z,oos,5880,-1,Tier A,tier_a_primary,Tier_A_full_context,c08_exclude_weak_session_bucket,cash_open_0_30,-0.09635811836115327,-1
2026.03.03 16:55:00,2026-03-03T16:55:00Z,oos,5881,1,Tier A,tier_a_primary,Tier_A_full_context,c08_exclude_weak_session_bucket,cash_open_0_30,-0.09635811836115327,1
2026.03.03 17:00:00,2026-03-03T17:00:00Z,oos,5882,-1,Tier A,tier_a_primary,Tier_A_full_context,c08_exclude_weak_session_bucket,cash_open_0_30,-0.09635811836115327,-1
2026.03.03 17:05:00,2026-03-03T17:05:00Z,oos,5883,0,Tier A,tier_a_primary,Tier_A_full_context,c08_exclude_weak_session_bucket,early_cash_30_60,-0.12775735294117646,0
2026.03.03 17:10:00,2026-03-03T17:10:00Z,oos,5884,0,Tier A,tier_a_primary,Tier_A_full_context,c08_exclude_weak_session_bucket,early_cash_30_60,-0.12775735294117646,0
2026.03.03 17:15:00,2026-03-03T17:15:00Z,oos,5885,0,Tier A,tier_a_primary,Tier_A_full_context,c08_exclude_weak_session_bucket,early_cash_30_60,-0.12775735294117646,0
2026.03.03 17:20:00,2026-03-03T17:20:00Z,oos,5886,0,Tier A,tier_a_primary,Tier_A_full_context,c08_exclude_weak_session_bucket,early_cash_30_60,-0.12775735294117646,0
2026.03.03 17:25:00,2026-03-03T17:25:00Z,oos,5887,0,Tier A,tier_a_primary,Tier_A_full_context,c08_exclude_weak_session_bucket,early_cash_30_60,-0.12775735294117646,0
2026.03.03 17:30:00,2026-03-03T17:30:00Z,oos,5888,0,Tier A,tier_a_primary,Tier_A_full_context,c08_exclude_weak_session_bucket,early_cash_30_60,-0.12775735294117646,0
2026.03.03 17:35:00,2026-03-03T17:35:00Z,oos,5889,0,Tier A,tier_a_primary,Tier_A_full_context,c08_exclude_weak_session_bucket,morning_60_120,-0.1698966408268734,0
2026.03.03 17:40:00,2026-03-03T17:40:00Z,oos,5890,0,Tier A,tier_a_primary,Tier_A_full_context,c08_exclude_weak_session_bucket,morning_60_120,-0.1698966408268734,0
2026.03.03 17:45:00,2026-03-03T17:45:00Z,oos,5891,0,Tier A,tier_a_primary,Tier_A_full_context,c08_exclude_weak_session_bucket,morning_60_120,-0.1698966408268734,0
2026.03.03 17:50:00,2026-03-03T17:50:00Z,oos,5892,0,Tier A,tier_a_primary,Tier_A_full_context,c08_exclude_weak_session_bucket,morning_60_120,-0.1698966408268734,0
2026.03.03 17:55:00,2026-03-03T17:55:00Z,oos,5893,0,Tier A,tier_a_primary,Tier_A_full_context,c08_exclude_weak_session_bucket,morning_60_120,-0.1698966408268734,0
2026.03.03 18:00:00,2026-03-03T18:00:00Z,oos,5894,0,Tier A,tier_a_primary,Tier_A_full_context,c08_exclude_weak_session_bucket,morning_60_120,-0.1698966408268734,0
2026.03.03 18:05:00,2026-03-03T18:05:00Z,oos,5895,0,Tier A,tier_a_primary,Tier_A_full_context,c08_exclude_weak_session_bucket,morning_60_120,-0.1698966408268734,0
2026.03.03 18:10:00,2026-03-03T18:10:00Z,oos,5896,0,Tier A,tier_a_primary,Tier_A_full_context,c08_exclude_weak_session_bucket,morning_60_120,-0.1698966408268734,0
2026.03.03 18:15:00,2026-03-03T18:15:00Z,oos,5897,0,Tier A,tier_a_primary,Tier_A_full_context,c08_exclude_weak_session_bucket,morning_60_120,-0.1698966408268734,0
2026.03.03 18:20:00,2026-03-03T18:20:00Z,oos,5898,0,Tier A,tier_a_primary,Tier_A_full_context,c08_exclude_weak_session_bucket,morning_60_120,-0.1698966408268734,0
2026.03.03 18:25:00,2026-03-03T18:25:00Z,oos,5899,0,Tier A,tier_a_primary,Tier_A_full_context,c08_exclude_weak_session_bucket,morning_60_120,-0.1698966408268734,0
2026.03.03 18:30:00,2026-03-03T18:30:00Z,oos,5900,0,Tier A,tier_a_primary,Tier_A_full_context,c08_exclude_weak_session_bucket,morning_60_120,-0.1698966408268734,0
2026.03.03 18:35:00,2026-03-03T18:35:00Z,oos,5901,0,Tier A,tier_a_primary,Tier_A_full_context,c08_exclude_weak_session_bucket,midday_lull_120_240,-0.1762380357885976,0
2026.03.03 18:40:00,2026-03-03T18:40:00Z,oos,5902,0,Tier A,tier_a_primary,Tier_A_full_context,c08_exclude_weak_session_bucket,midday_lull_120_240,-0.1762380357885976,0
2026.03.03 18:45:00,2026-03-03T18:45:00Z,oos,5903,0,Tier A,tier_a_primary,Tier_A_full_context,c08_exclude_weak_session_bucket,midday_lull_120_240,-0.1762380357885976,0
2026.03.03 18:50:00,2026-03-03T18:50:00Z,oos,5904,0,Tier A,tier_a_primary,Tier_A_full_context,c08_exclude_weak_session_bucket,midday_lull_120_240,-0.1762380357885976,0
2026.03.03 18:55:00,2026-03-03T18:55:00Z,oos,5905,0,Tier A,tier_a_primary,Tier_A_full_context,c08_exclude_weak_session_bucket,midday_lull_120_240,-0.1762380357885976,0
2026.03.03 19:00:00,2026-03-03T19:00:00Z,oos,5906,0,Tier A,tier_a_primary,Tier_A_full_context,c08_exclude_weak_session_bucket,midday_lull_120_240,-0.1762380357885976,0
2026.03.03 19:05:00,2026-03-03T19:05:00Z,oos,5907,0,Tier A,tier_a_primary,Tier_A_full_context,c08_exclude_weak_session_bucket,midday_lull_120_240,-0.1762380357885976,0
2026.03.03 19:10:00,2026-03-03T19:10:00Z,oos,5908,0,Tier A,tier_a_primary,Tier_A_full_context,c08_exclude_weak_session_bucket,midday_lull_120_240,-0.1762380357885976,0
2026.03.03 19:15:00,2026-03-03T19:15:00Z,oos,5909,0,Tier A,tier_a_primary,Tier_A_full_context,c08_exclude_weak_session_bucket,midday_lull_120_240,-0.1762380357885976,0
2026.03.03 19:20:00,2026-03-03T19:20:00Z,oos,5910,0,Tier A,tier_a_primary,Tier_A_full_context,c08_exclude_weak_session_bucket,midday_lull_120_240,-0.1762380357885976,0
2026.03.03 19:25:00,2026-03-03T19:25:00Z,oos,5911,0,Tier A,tier_a_primary,Tier_A_full_context,c08_exclude_weak_session_bucket,midday_lull_120_240,-0.1762380357885976,0
2026.03.03 19:30:00,2026-03-03T19:30:00Z,oos,5912,0,Tier A,tier_a_primary,Tier_A_full_context,c08_exclude_weak_session_bucket,midday_lull_120_240,-0.1762380357885976,0
2026.03.03 19:35:00,2026-03-03T19:35:00Z,oos,5913,0,Tier A,tier_a_primary,Tier_A_full_context,c08_exclude_weak_session_bucket,midday_lull_120_240,-0.1762380357885976,0
2026.03.03 19:40:00,2026-03-03T19:40:00Z,oos,5914,0,Tier A,tier_a_primary,Tier_A_full_context,c08_exclude_weak_session_bucket,midday_lull_120_240,-0.1762380357885976,0
2026.03.03 19:45:00,2026-03-03T19:45:00Z,oos,5915,0,Tier A,tier_a_primary,Tier_A_full_context,c08_exclude_weak_session_bucket,midday_lull_120_240,-0.1762380357885976,0
2026.03.03 19:50:00,2026-03-03T19:50:00Z,oos,5916,0,Tier A,tier_a_primary,Tier_A_full_context,c08_exclude_weak_session_bucket,midday_lull_120_240,-0.1762380357885976,0
2026.03.03 19:55:00,2026-03-03T19:55:00Z,oos,5917,0,Tier A,tier_a_primary,Tier_A_full_context,c08_exclude_weak_session_bucket,midday_lull_120_240,-0.1762380357885976,0
2026.03.03 20:00:00,2026-03-03T20:00:00Z,oos,5918,0,Tier A,tier_a_primary,Tier_A_full_context,c08_exclude_weak_session_bucket,midday_lull_120_240,-0.1762380357885976,0
2026.03.03 20:05:00,2026-03-03T20:05:00Z,oos,5919,0,Tier A,tier_a_primary,Tier_A_full_context,c08_exclude_weak_session_bucket,midday_lull_120_240,-0.1762380357885976,0
2026.03.03 20:10:00,2026-03-03T20:10:00Z,oos,5920,0,Tier A,tier_a_primary,Tier_A_full_context,c08_exclude_weak_session_bucket,midday_lull_120_240,-0.1762380357885976,0
2026.03.03 20:15:00,2026-03-03T20:15:00Z,oos,5921,0,Tier A,tier_a_primary,Tier_A_full_context,c08_exclude_weak_session_bucket,midday_lull_120_240,-0.1762380357885976,0
2026.03.03 20:20:00,2026-03-03T20:20:00Z,oos,5922,0,Tier A,tier_a_primary,Tier_A_full_context,c08_exclude_weak_session_bucket,midday_lull_120_240,-0.1762380357885976,0
2026.03.03 20:25:00,2026-03-03T20:25:00Z,oos,5923,0,Tier A,tier_a_primary,Tier_A_full_context,c08_exclude_weak_session_bucket,midday_lull_120_240,-0.1762380357885976,0
2026.03.03 20:30:00,2026-03-03T20:30:00Z,oos,5924,0,Tier A,tier_a_primary,Tier_A_full_context,c08_exclude_weak_session_bucket,midday_lull_120_240,-0.1762380357885976,0
2026.03.03 20:35:00,2026-03-03T20:35:00Z,oos,5925,0,Tier A,tier_a_primary,Tier_A_full_context,c08_exclude_weak_session_bucket,late_cash_240_330,-0.17209668943772988,0
2026.03.03 20:40:00,2026-03-03T20:40:00Z,oos,5926,0,Tier A,tier_a_primary,Tier_A_full_context,c08_exclude_weak_session_bucket,late_cash_240_330,-0.17209668943772988,0
2026.03.03 20:45:00,2026-03-03T20:45:00Z,oos,5927,0,Tier A,tier_a_primary,Tier_A_full_context,c08_exclude_weak_session_bucket,late_cash_240_330,-0.17209668943772988,0
2026.03.03 20:50:00,2026-03-03T20:50:00Z,oos,5928,0,Tier A,tier_a_primary,Tier_A_full_context,c08_exclude_weak_session_bucket,late_cash_240_330,-0.17209668943772988,0
2026.03.03 20:55:00,2026-03-03T20:55:00Z,oos,5929,0,Tier A,tier_a_primary,Tier_A_full_context,c08_exclude_weak_session_bucket,late_cash_240_330,-0.17209668943772988,0
2026.03.03 21:00:00,2026-03-03T21:00:00Z,oos,5930,0,Tier A,tier_a_primary,Tier_A_full_context,c08_exclude_weak_session_bucket,late_cash_240_330,-0.17209668943772988,0
2026.03.03 21:05:00,2026-03-03T21:05:00Z,oos,5931,0,Tier A,tier_a_primary,Tier_A_full_context,c08_exclude_weak_session_bucket,late_cash_240_330,-0.17209668943772988,0
2026.03.03 21:10:00,2026-03-03T21:10:00Z,oos,5932,-1,Tier A,tier_a_primary,Tier_A_full_context,c08_exclude_weak_session_bucket,late_cash_240_330,-0.17209668943772988,-1
2026.03.03 21:15:00,2026-03-03T21:15:00Z,oos,5933,0,Tier A,tier_a_primary,Tier_A_full_context,c08_exclude_weak_session_bucket,late_cash_240_330,-0.17209668943772988,0
2026.03.03 21:20:00,2026-03-03T21:20:00Z,oos,5934,0,Tier A,tier_a_primary,Tier_A_full_context,c08_exclude_weak_session_bucket,late_cash_240_330,-0.17209668943772988,0
2026.03.03 21:25:00,2026-03-03T21:25:00Z,oos,5935,0,Tier A,tier_a_primary,Tier_A_full_context,c08_exclude_weak_session_bucket,late_cash_240_330,-0.17209668943772988,0
2026.03.03 21:30:00,2026-03-03T21:30:00Z,oos,5936,0,Tier A,tier_a_primary,Tier_A_full_context,c08_exclude_weak_session_bucket,late_cash_240_330,-0.17209668943772988,0
2026.03.03 21:35:00,2026-03-03T21:35:00Z,oos,5937,0,Tier A,tier_a_primary,Tier_A_full_context,c08_exclude_weak_session_bucket,late_cash_240_330,-0.17209668943772988,0
2026.03.03 21:40:00,2026-03-03T21:40:00Z,oos,5938,0,Tier A,tier_a_primary,Tier_A_full_context,c08_exclude_weak_session_bucket,late_cash_240_330,-0.17209668943772988,0
2026.03.03 21:45:00,2026-03-03T21:45:00Z,oos,5939,0,Tier A,tier_a_primary,Tier_A_full_context,c08_exclude_weak_session_bucket,late_cash_240_330,-0.17209668943772988,0
2026.03.03 21:50:00,2026-03-03T21:50:00Z,oos,5940,0,Tier A,tier_a_primary,Tier_A_full_context,c08_exclude_weak_session_bucket,late_cash_240_330,-0.17209668943772988,0
2026.03.03 21:55:00,2026-03-03T21:55:00Z,oos,5941,0,Tier A,tier_a_primary,Tier_A_full_context,c08_exclude_weak_session_bucket,late_cash_240_330,-0.17209668943772988,0
2026.03.03 22:00:00,2026-03-03T22:00:00Z,oos,5942,0,Tier A,tier_a_primary,Tier_A_full_context,c08_exclude_weak_session_bucket,late_cash_240_330,-0.17209668943772988,0
2026.03.04 16:35:00,2026-03-04T16:35:00Z,oos,5943,1,Tier A,tier_a_primary,Tier_A_full_context,c08_exclude_weak_session_bucket,cash_open_0_30,-0.09635811836115327,1
2026.03.04 16:40:00,2026-03-04T16:40:00Z,oos,5944,-1,Tier A,tier_a_primary,Tier_A_full_context,c08_exclude_weak_session_bucket,cash_open_0_30,-0.09635811836115327,-1
2026.03.04 16:45:00,2026-03-04T16:45:00Z,oos,5945,-1,Tier A,tier_a_primary,Tier_A_full_context,c08_exclude_weak_session_bucket,cash_open_0_30,-0.09635811836115327,-1
2026.03.04 16:50:00,2026-03-04T16:50:00Z,oos,5946,1,Tier A,tier_a_primary,Tier_A_full_context,c08_exclude_weak_session_bucket,cash_open_0_30,-0.09635811836115327,1
2026.03.04 16:55:00,2026-03-04T16:55:00Z,oos,5947,1,Tier A,tier_a_primary,Tier_A_full_context,c08_exclude_weak_session_bucket,cash_open_0_30,-0.09635811836115327,1
2026.03.04 17:00:00,2026-03-04T17:00:00Z,oos,5948,0,Tier A,tier_a_primary,Tier_A_full_context,c08_exclude_weak_session_bucket,cash_open_0_30,-0.09635811836115327,0
2026.03.04 17:05:00,2026-03-04T17:05:00Z,oos,5949,0,Tier A,tier_a_primary,Tier_A_full_context,c08_exclude_weak_session_bucket,early_cash_30_60,-0.12775735294117646,0
2026.03.04 17:10:00,2026-03-04T17:10:00Z,oos,5950,1,Tier A,tier_a_primary,Tier_A_full_context,c08_exclude_weak_session_bucket,early_cash_30_60,-0.12775735294117646,1
2026.03.04 17:15:00,2026-03-04T17:15:00Z,oos,5951,0,Tier A,tier_a_primary,Tier_A_full_context,c08_exclude_weak_session_bucket,early_cash_30_60,-0.12775735294117646,0
2026.03.04 17:20:00,2026-03-04T17:20:00Z,oos,5952,1,Tier A,tier_a_primary,Tier_A_full_context,c08_exclude_weak_session_bucket,early_cash_30_60,-0.12775735294117646,1
2026.03.04 17:25:00,2026-03-04T17:25:00Z,oos,5953,1,Tier A,tier_a_primary,Tier_A_full_context,c08_exclude_weak_session_bucket,early_cash_30_60,-0.12775735294117646,1
2026.03.04 17:30:00,2026-03-04T17:30:00Z,oos,5954,0,Tier A,tier_a_primary,Tier_A_full_context,c08_exclude_weak_session_bucket,early_cash_30_60,-0.12775735294117646,0
2026.03.04 17:35:00,2026-03-04T17:35:00Z,oos,5955,0,Tier A,tier_a_primary,Tier_A_full_context,c08_exclude_weak_session_bucket,morning_60_120,-0.1698966408268734,0
2026.03.04 17:40:00,2026-03-04T17:40:00Z,oos,5956,-1,Tier A,tier_a_primary,Tier_A_full_context,c08_exclude_weak_session_bucket,morning_60_120,-0.1698966408268734,-1
2026.03.04 17:45:00,2026-03-04T17:45:00Z,oos,5957,0,Tier A,tier_a_primary,Tier_A_full_context,c08_exclude_weak_session_bucket,morning_60_120,-0.1698966408268734,0
2026.03.04 17:50:00,2026-03-04T17:50:00Z,oos,5958,0,Tier A,tier_a_primary,Tier_A_full_context,c08_exclude_weak_session_bucket,morning_60_120,-0.1698966408268734,0
2026.03.04 17:55:00,2026-03-04T17:55:00Z,oos,5959,0,Tier A,tier_a_primary,Tier_A_full_context,c08_exclude_weak_session_bucket,morning_60_120,-0.1698966408268734,0
2026.03.04 18:00:00,2026-03-04T18:00:00Z,oos,5960,0,Tier A,tier_a_primary,Tier_A_full_context,c08_exclude_weak_session_bucket,morning_60_120,-0.1698966408268734,0
2026.03.04 18:05:00,2026-03-04T18:05:00Z,oos,5961,0,Tier A,tier_a_primary,Tier_A_full_context,c08_exclude_weak_session_bucket,morning_60_120,-0.1698966408268734,0
2026.03.04 18:10:00,2026-03-04T18:10:00Z,oos,5962,-1,Tier A,tier_a_primary,Tier_A_full_context,c08_exclude_weak_session_bucket,morning_60_120,-0.1698966408268734,-1
2026.03.04 18:15:00,2026-03-04T18:15:00Z,oos,5963,-1,Tier A,tier_a_primary,Tier_A_full_context,c08_exclude_weak_session_bucket,morning_60_120,-0.1698966408268734,-1
2026.03.04 18:20:00,2026-03-04T18:20:00Z,oos,5964,0,Tier A,tier_a_primary,Tier_A_full_context,c08_exclude_weak_session_bucket,morning_60_120,-0.1698966408268734,0
2026.03.04 18:25:00,2026-03-04T18:25:00Z,oos,5965,0,Tier A,tier_a_primary,Tier_A_full_context,c08_exclude_weak_session_bucket,morning_60_120,-0.1698966408268734,0
2026.03.04 18:30:00,2026-03-04T18:30:00Z,oos,5966,1,Tier A,tier_a_primary,Tier_A_full_context,c08_exclude_weak_session_bucket,morning_60_120,-0.1698966408268734,1
2026.03.04 18:35:00,2026-03-04T18:35:00Z,oos,5967,0,Tier A,tier_a_primary,Tier_A_full_context,c08_exclude_weak_session_bucket,midday_lull_120_240,-0.1762380357885976,0
2026.03.04 18:40:00,2026-03-04T18:40:00Z,oos,5968,0,Tier A,tier_a_primary,Tier_A_full_context,c08_exclude_weak_session_bucket,midday_lull_120_240,-0.1762380357885976,0
2026.03.04 18:45:00,2026-03-04T18:45:00Z,oos,5969,0,Tier A,tier_a_primary,Tier_A_full_context,c08_exclude_weak_session_bucket,midday_lull_120_240,-0.1762380357885976,0
2026.03.04 18:55:00,2026-03-04T18:55:00Z,oos,5970,0,Tier A,tier_a_primary,Tier_A_full_context,c08_exclude_weak_session_bucket,midday_lull_120_240,-0.1762380357885976,0
2026.03.04 19:00:00,2026-03-04T19:00:00Z,oos,5971,0,Tier A,tier_a_primary,Tier_A_full_context,c08_exclude_weak_session_bucket,midday_lull_120_240,-0.1762380357885976,0
2026.03.04 19:05:00,2026-03-04T19:05:00Z,oos,5972,0,Tier A,tier_a_primary,Tier_A_full_context,c08_exclude_weak_session_bucket,midday_lull_120_240,-0.1762380357885976,0
2026.03.04 19:10:00,2026-03-04T19:10:00Z,oos,5973,0,Tier A,tier_a_primary,Tier_A_full_context,c08_exclude_weak_session_bucket,midday_lull_120_240,-0.1762380357885976,0
2026.03.04 19:15:00,2026-03-04T19:15:00Z,oos,5974,0,Tier A,tier_a_primary,Tier_A_full_context,c08_exclude_weak_session_bucket,midday_lull_120_240,-0.1762380357885976,0
2026.03.04 19:20:00,2026-03-04T19:20:00Z,oos,5975,0,Tier A,tier_a_primary,Tier_A_full_context,c08_exclude_weak_session_bucket,midday_lull_120_240,-0.1762380357885976,0
2026.03.04 19:25:00,2026-03-04T19:25:00Z,oos,5976,0,Tier A,tier_a_primary,Tier_A_full_context,c08_exclude_weak_session_bucket,midday_lull_120_240,-0.1762380357885976,0
2026.03.04 19:30:00,2026-03-04T19:30:00Z,oos,5977,0,Tier A,tier_a_primary,Tier_A_full_context,c08_exclude_weak_session_bucket,midday_lull_120_240,-0.1762380357885976,0
2026.03.04 19:35:00,2026-03-04T19:35:00Z,oos,5978,0,Tier A,tier_a_primary,Tier_A_full_context,c08_exclude_weak_session_bucket,midday_lull_120_240,-0.1762380357885976,0
2026.03.04 19:40:00,2026-03-04T19:40:00Z,oos,5979,0,Tier A,tier_a_primary,Tier_A_full_context,c08_exclude_weak_session_bucket,midday_lull_120_240,-0.1762380357885976,0
2026.03.04 19:45:00,2026-03-04T19:45:00Z,oos,5980,0,Tier A,tier_a_primary,Tier_A_full_context,c08_exclude_weak_session_bucket,midday_lull_120_240,-0.1762380357885976,0
2026.03.04 19:50:00,2026-03-04T19:50:00Z,oos,5981,0,Tier A,tier_a_primary,Tier_A_full_context,c08_exclude_weak_session_bucket,midday_lull_120_240,-0.1762380357885976,0
2026.03.04 19:55:00,2026-03-04T19:55:00Z,oos,5982,0,Tier A,tier_a_primary,Tier_A_full_context,c08_exclude_weak_session_bucket,midday_lull_120_240,-0.1762380357885976,0
2026.03.04 20:00:00,2026-03-04T20:00:00Z,oos,5983,0,Tier A,tier_a_primary,Tier_A_full_context,c08_exclude_weak_session_bucket,midday_lull_120_240,-0.1762380357885976,0
2026.03.04 20:05:00,2026-03-04T20:05:00Z,oos,5984,0,Tier A,tier_a_primary,Tier_A_full_context,c08_exclude_weak_session_bucket,midday_lull_120_240,-0.1762380357885976,0
2026.03.04 20:10:00,2026-03-04T20:10:00Z,oos,5985,0,Tier A,tier_a_primary,Tier_A_full_context,c08_exclude_weak_session_bucket,midday_lull_120_240,-0.1762380357885976,0
2026.03.04 20:15:00,2026-03-04T20:15:00Z,oos,5986,0,Tier A,tier_a_primary,Tier_A_full_context,c08_exclude_weak_session_bucket,midday_lull_120_240,-0.1762380357885976,0
2026.03.04 20:20:00,2026-03-04T20:20:00Z,oos,5987,0,Tier A,tier_a_primary,Tier_A_full_context,c08_exclude_weak_session_bucket,midday_lull_120_240,-0.1762380357885976,0
2026.03.04 20:30:00,2026-03-04T20:30:00Z,oos,5988,0,Tier A,tier_a_primary,Tier_A_full_context,c08_exclude_weak_session_bucket,midday_lull_120_240,-0.1762380357885976,0
2026.03.04 20:35:00,2026-03-04T20:35:00Z,oos,5989,0,Tier A,tier_a_primary,Tier_A_full_context,c08_exclude_weak_session_bucket,late_cash_240_330,-0.17209668943772988,0
2026.03.04 20:40:00,2026-03-04T20:40:00Z,oos,5990,0,Tier A,tier_a_primary,Tier_A_full_context,c08_exclude_weak_session_bucket,late_cash_240_330,-0.17209668943772988,0
2026.03.04 20:45:00,2026-03-04T20:45:00Z,oos,5991,0,Tier A,tier_a_primary,Tier_A_full_context,c08_exclude_weak_session_bucket,late_cash_240_330,-0.17209668943772988,0
2026.03.04 20:50:00,2026-03-04T20:50:00Z,oos,5992,0,Tier A,tier_a_primary,Tier_A_full_context,c08_exclude_weak_session_bucket,late_cash_240_330,-0.17209668943772988,0
2026.03.04 21:00:00,2026-03-04T21:00:00Z,oos,5993,0,Tier A,tier_a_primary,Tier_A_full_context,c08_exclude_weak_session_bucket,late_cash_240_330,-0.17209668943772988,0
2026.03.04 21:10:00,2026-03-04T21:10:00Z,oos,5994,0,Tier A,tier_a_primary,Tier_A_full_context,c08_exclude_weak_session_bucket,late_cash_240_330,-0.17209668943772988,0
2026.03.04 21:15:00,2026-03-04T21:15:00Z,oos,5995,0,Tier A,tier_a_primary,Tier_A_full_context,c08_exclude_weak_session_bucket,late_cash_240_330,-0.17209668943772988,0
2026.03.04 21:20:00,2026-03-04T21:20:00Z,oos,5996,0,Tier A,tier_a_primary,Tier_A_full_context,c08_exclude_weak_session_bucket,late_cash_240_330,-0.17209668943772988,0
2026.03.04 21:25:00,2026-03-04T21:25:00Z,oos,5997,0,Tier A,tier_a_primary,Tier_A_full_context,c08_exclude_weak_session_bucket,late_cash_240_330,-0.17209668943772988,0
2026.03.04 21:30:00,2026-03-04T21:30:00Z,oos,5998,0,Tier A,tier_a_primary,Tier_A_full_context,c08_exclude_weak_session_bucket,late_cash_240_330,-0.17209668943772988,0
2026.03.04 21:35:00,2026-03-04T21:35:00Z,oos,5999,0,Tier A,tier_a_primary,Tier_A_full_context,c08_exclude_weak_session_bucket,late_cash_240_330,-0.17209668943772988,0
2026.03.04 21:45:00,2026-03-04T21:45:00Z,oos,6000,0,Tier A,tier_a_primary,Tier_A_full_context,c08_exclude_weak_session_bucket,late_cash_240_330,-0.17209668943772988,0
2026.03.04 21:50:00,2026-03-04T21:50:00Z,oos,6001,0,Tier A,tier_a_primary,Tier_A_full_context,c08_exclude_weak_session_bucket,late_cash_240_330,-0.17209668943772988,0
2026.03.04 21:55:00,2026-03-04T21:55:00Z,oos,6002,0,Tier A,tier_a_primary,Tier_A_full_context,c08_exclude_weak_session_bucket,late_cash_240_330,-0.17209668943772988,0
2026.03.04 22:00:00,2026-03-04T22:00:00Z,oos,6003,0,Tier A,tier_a_primary,Tier_A_full_context,c08_exclude_weak_session_bucket,late_cash_240_330,-0.17209668943772988,0
2026.03.05 16:35:00,2026-03-05T16:35:00Z,oos,6004,1,Tier A,tier_a_primary,Tier_A_full_context,c08_exclude_weak_session_bucket,cash_open_0_30,-0.09635811836115327,1
2026.03.05 16:40:00,2026-03-05T16:40:00Z,oos,6005,0,Tier A,tier_a_primary,Tier_A_full_context,c08_exclude_weak_session_bucket,cash_open_0_30,-0.09635811836115327,0
2026.03.05 16:45:00,2026-03-05T16:45:00Z,oos,6006,-1,Tier A,tier_a_primary,Tier_A_full_context,c08_exclude_weak_session_bucket,cash_open_0_30,-0.09635811836115327,-1
2026.03.05 16:50:00,2026-03-05T16:50:00Z,oos,6007,1,Tier A,tier_a_primary,Tier_A_full_context,c08_exclude_weak_session_bucket,cash_open_0_30,-0.09635811836115327,1
2026.03.05 16:55:00,2026-03-05T16:55:00Z,oos,6008,1,Tier A,tier_a_primary,Tier_A_full_context,c08_exclude_weak_session_bucket,cash_open_0_30,-0.09635811836115327,1
2026.03.05 17:00:00,2026-03-05T17:00:00Z,oos,6009,1,Tier A,tier_a_primary,Tier_A_full_context,c08_exclude_weak_session_bucket,cash_open_0_30,-0.09635811836115327,1
2026.03.05 17:05:00,2026-03-05T17:05:00Z,oos,6010,0,Tier A,tier_a_primary,Tier_A_full_context,c08_exclude_weak_session_bucket,early_cash_30_60,-0.12775735294117646,0
2026.03.05 17:10:00,2026-03-05T17:10:00Z,oos,6011,-1,Tier A,tier_a_primary,Tier_A_full_context,c08_exclude_weak_session_bucket,early_cash_30_60,-0.12775735294117646,-1
2026.03.05 17:15:00,2026-03-05T17:15:00Z,oos,6012,0,Tier A,tier_a_primary,Tier_A_full_context,c08_exclude_weak_session_bucket,early_cash_30_60,-0.12775735294117646,0
2026.03.05 17:20:00,2026-03-05T17:20:00Z,oos,6013,-1,Tier A,tier_a_primary,Tier_A_full_context,c08_exclude_weak_session_bucket,early_cash_30_60,-0.12775735294117646,-1
2026.03.05 17:25:00,2026-03-05T17:25:00Z,oos,6014,-1,Tier A,tier_a_primary,Tier_A_full_context,c08_exclude_weak_session_bucket,early_cash_30_60,-0.12775735294117646,-1
2026.03.05 17:30:00,2026-03-05T17:30:00Z,oos,6015,0,Tier A,tier_a_primary,Tier_A_full_context,c08_exclude_weak_session_bucket,early_cash_30_60,-0.12775735294117646,0
2026.03.05 17:35:00,2026-03-05T17:35:00Z,oos,6016,0,Tier A,tier_a_primary,Tier_A_full_context,c08_exclude_weak_session_bucket,morning_60_120,-0.1698966408268734,0
2026.03.05 17:40:00,2026-03-05T17:40:00Z,oos,6017,1,Tier A,tier_a_primary,Tier_A_full_context,c08_exclude_weak_session_bucket,morning_60_120,-0.1698966408268734,1
2026.03.05 17:45:00,2026-03-05T17:45:00Z,oos,6018,0,Tier A,tier_a_primary,Tier_A_full_context,c08_exclude_weak_session_bucket,morning_60_120,-0.1698966408268734,0
2026.03.05 17:50:00,2026-03-05T17:50:00Z,oos,6019,0,Tier A,tier_a_primary,Tier_A_full_context,c08_exclude_weak_session_bucket,morning_60_120,-0.1698966408268734,0
2026.03.05 17:55:00,2026-03-05T17:55:00Z,oos,6020,0,Tier A,tier_a_primary,Tier_A_full_context,c08_exclude_weak_session_bucket,morning_60_120,-0.1698966408268734,0
2026.03.05 18:00:00,2026-03-05T18:00:00Z,oos,6021,0,Tier A,tier_a_primary,Tier_A_full_context,c08_exclude_weak_session_bucket,morning_60_120,-0.1698966408268734,0
2026.03.05 18:05:00,2026-03-05T18:05:00Z,oos,6022,0,Tier A,tier_a_primary,Tier_A_full_context,c08_exclude_weak_session_bucket,morning_60_120,-0.1698966408268734,0
2026.03.05 18:10:00,2026-03-05T18:10:00Z,oos,6023,0,Tier A,tier_a_primary,Tier_A_full_context,c08_exclude_weak_session_bucket,morning_60_120,-0.1698966408268734,0
2026.03.05 18:15:00,2026-03-05T18:15:00Z,oos,6024,0,Tier A,tier_a_primary,Tier_A_full_context,c08_exclude_weak_session_bucket,morning_60_120,-0.1698966408268734,0
2026.03.05 18:20:00,2026-03-05T18:20:00Z,oos,6025,0,Tier A,tier_a_primary,Tier_A_full_context,c08_exclude_weak_session_bucket,morning_60_120,-0.1698966408268734,0
2026.03.05 18:25:00,2026-03-05T18:25:00Z,oos,6026,1,Tier A,tier_a_primary,Tier_A_full_context,c08_exclude_weak_session_bucket,morning_60_120,-0.1698966408268734,1
2026.03.05 18:30:00,2026-03-05T18:30:00Z,oos,6027,0,Tier A,tier_a_primary,Tier_A_full_context,c08_exclude_weak_session_bucket,morning_60_120,-0.1698966408268734,0
2026.03.05 18:35:00,2026-03-05T18:35:00Z,oos,6028,0,Tier A,tier_a_primary,Tier_A_full_context,c08_exclude_weak_session_bucket,midday_lull_120_240,-0.1762380357885976,0
2026.03.05 18:40:00,2026-03-05T18:40:00Z,oos,6029,0,Tier A,tier_a_primary,Tier_A_full_context,c08_exclude_weak_session_bucket,midday_lull_120_240,-0.1762380357885976,0
2026.03.05 18:45:00,2026-03-05T18:45:00Z,oos,6030,0,Tier A,tier_a_primary,Tier_A_full_context,c08_exclude_weak_session_bucket,midday_lull_120_240,-0.1762380357885976,0
2026.03.05 18:50:00,2026-03-05T18:50:00Z,oos,6031,0,Tier A,tier_a_primary,Tier_A_full_context,c08_exclude_weak_session_bucket,midday_lull_120_240,-0.1762380357885976,0
2026.03.05 18:55:00,2026-03-05T18:55:00Z,oos,6032,0,Tier A,tier_a_primary,Tier_A_full_context,c08_exclude_weak_session_bucket,midday_lull_120_240,-0.1762380357885976,0
2026.03.05 19:00:00,2026-03-05T19:00:00Z,oos,6033,0,Tier A,tier_a_primary,Tier_A_full_context,c08_exclude_weak_session_bucket,midday_lull_120_240,-0.1762380357885976,0
2026.03.05 19:05:00,2026-03-05T19:05:00Z,oos,6034,0,Tier A,tier_a_primary,Tier_A_full_context,c08_exclude_weak_session_bucket,midday_lull_120_240,-0.1762380357885976,0
2026.03.05 19:10:00,2026-03-05T19:10:00Z,oos,6035,0,Tier A,tier_a_primary,Tier_A_full_context,c08_exclude_weak_session_bucket,midday_lull_120_240,-0.1762380357885976,0
2026.03.05 19:15:00,2026-03-05T19:15:00Z,oos,6036,0,Tier A,tier_a_primary,Tier_A_full_context,c08_exclude_weak_session_bucket,midday_lull_120_240,-0.1762380357885976,0
2026.03.05 19:20:00,2026-03-05T19:20:00Z,oos,6037,0,Tier A,tier_a_primary,Tier_A_full_context,c08_exclude_weak_session_bucket,midday_lull_120_240,-0.1762380357885976,0
2026.03.05 19:25:00,2026-03-05T19:25:00Z,oos,6038,0,Tier A,tier_a_primary,Tier_A_full_context,c08_exclude_weak_session_bucket,midday_lull_120_240,-0.1762380357885976,0
2026.03.05 19:30:00,2026-03-05T19:30:00Z,oos,6039,0,Tier A,tier_a_primary,Tier_A_full_context,c08_exclude_weak_session_bucket,midday_lull_120_240,-0.1762380357885976,0
2026.03.05 19:35:00,2026-03-05T19:35:00Z,oos,6040,0,Tier A,tier_a_primary,Tier_A_full_context,c08_exclude_weak_session_bucket,midday_lull_120_240,-0.1762380357885976,0
2026.03.05 19:40:00,2026-03-05T19:40:00Z,oos,6041,0,Tier A,tier_a_primary,Tier_A_full_context,c08_exclude_weak_session_bucket,midday_lull_120_240,-0.1762380357885976,0
2026.03.05 19:45:00,2026-03-05T19:45:00Z,oos,6042,0,Tier A,tier_a_primary,Tier_A_full_context,c08_exclude_weak_session_bucket,midday_lull_120_240,-0.1762380357885976,0
2026.03.05 19:50:00,2026-03-05T19:50:00Z,oos,6043,0,Tier A,tier_a_primary,Tier_A_full_context,c08_exclude_weak_session_bucket,midday_lull_120_240,-0.1762380357885976,0
2026.03.05 19:55:00,2026-03-05T19:55:00Z,oos,6044,0,Tier A,tier_a_primary,Tier_A_full_context,c08_exclude_weak_session_bucket,midday_lull_120_240,-0.1762380357885976,0
2026.03.05 20:00:00,2026-03-05T20:00:00Z,oos,6045,0,Tier A,tier_a_primary,Tier_A_full_context,c08_exclude_weak_session_bucket,midday_lull_120_240,-0.1762380357885976,0
2026.03.05 20:05:00,2026-03-05T20:05:00Z,oos,6046,0,Tier A,tier_a_primary,Tier_A_full_context,c08_exclude_weak_session_bucket,midday_lull_120_240,-0.1762380357885976,0
2026.03.05 20:10:00,2026-03-05T20:10:00Z,oos,6047,0,Tier A,tier_a_primary,Tier_A_full_context,c08_exclude_weak_session_bucket,midday_lull_120_240,-0.1762380357885976,0
2026.03.05 20:15:00,2026-03-05T20:15:00Z,oos,6048,0,Tier A,tier_a_primary,Tier_A_full_context,c08_exclude_weak_session_bucket,midday_lull_120_240,-0.1762380357885976,0
2026.03.05 20:20:00,2026-03-05T20:20:00Z,oos,6049,0,Tier A,tier_a_primary,Tier_A_full_context,c08_exclude_weak_session_bucket,midday_lull_120_240,-0.1762380357885976,0
2026.03.05 20:25:00,2026-03-05T20:25:00Z,oos,6050,0,Tier A,tier_a_primary,Tier_A_full_context,c08_exclude_weak_session_bucket,midday_lull_120_240,-0.1762380357885976,0
2026.03.05 20:30:00,2026-03-05T20:30:00Z,oos,6051,0,Tier A,tier_a_primary,Tier_A_full_context,c08_exclude_weak_session_bucket,midday_lull_120_240,-0.1762380357885976,0
2026.03.05 20:35:00,2026-03-05T20:35:00Z,oos,6052,0,Tier A,tier_a_primary,Tier_A_full_context,c08_exclude_weak_session_bucket,late_cash_240_330,-0.17209668943772988,0
2026.03.05 20:40:00,2026-03-05T20:40:00Z,oos,6053,0,Tier A,tier_a_primary,Tier_A_full_context,c08_exclude_weak_session_bucket,late_cash_240_330,-0.17209668943772988,0
2026.03.05 20:45:00,2026-03-05T20:45:00Z,oos,6054,1,Tier A,tier_a_primary,Tier_A_full_context,c08_exclude_weak_session_bucket,late_cash_240_330,-0.17209668943772988,1
2026.03.05 20:50:00,2026-03-05T20:50:00Z,oos,6055,0,Tier A,tier_a_primary,Tier_A_full_context,c08_exclude_weak_session_bucket,late_cash_240_330,-0.17209668943772988,0
2026.03.05 20:55:00,2026-03-05T20:55:00Z,oos,6056,-1,Tier A,tier_a_primary,Tier_A_full_context,c08_exclude_weak_session_bucket,late_cash_240_330,-0.17209668943772988,-1
2026.03.05 21:00:00,2026-03-05T21:00:00Z,oos,6057,1,Tier A,tier_a_primary,Tier_A_full_context,c08_exclude_weak_session_bucket,late_cash_240_330,-0.17209668943772988,1
2026.03.05 21:05:00,2026-03-05T21:05:00Z,oos,6058,0,Tier A,tier_a_primary,Tier_A_full_context,c08_exclude_weak_session_bucket,late_cash_240_330,-0.17209668943772988,0
2026.03.05 21:10:00,2026-03-05T21:10:00Z,oos,6059,0,Tier A,tier_a_primary,Tier_A_full_context,c08_exclude_weak_session_bucket,late_cash_240_330,-0.17209668943772988,0
2026.03.05 21:15:00,2026-03-05T21:15:00Z,oos,6060,0,Tier A,tier_a_primary,Tier_A_full_context,c08_exclude_weak_session_bucket,late_cash_240_330,-0.17209668943772988,0
2026.03.05 21:20:00,2026-03-05T21:20:00Z,oos,6061,0,Tier A,tier_a_primary,Tier_A_full_context,c08_exclude_weak_session_bucket,late_cash_240_330,-0.17209668943772988,0
2026.03.05 21:25:00,2026-03-05T21:25:00Z,oos,6062,0,Tier A,tier_a_primary,Tier_A_full_context,c08_exclude_weak_session_bucket,late_cash_240_330,-0.17209668943772988,0
2026.03.05 21:30:00,2026-03-05T21:30:00Z,oos,6063,0,Tier A,tier_a_primary,Tier_A_full_context,c08_exclude_weak_session_bucket,late_cash_240_330,-0.17209668943772988,0
2026.03.05 21:35:00,2026-03-05T21:35:00Z,oos,6064,0,Tier A,tier_a_primary,Tier_A_full_context,c08_exclude_weak_session_bucket,late_cash_240_330,-0.17209668943772988,0
2026.03.05 21:40:00,2026-03-05T21:40:00Z,oos,6065,0,Tier A,tier_a_primary,Tier_A_full_context,c08_exclude_weak_session_bucket,late_cash_240_330,-0.17209668943772988,0
2026.03.05 21:45:00,2026-03-05T21:45:00Z,oos,6066,0,Tier A,tier_a_primary,Tier_A_full_context,c08_exclude_weak_session_bucket,late_cash_240_330,-0.17209668943772988,0
2026.03.05 21:50:00,2026-03-05T21:50:00Z,oos,6067,0,Tier A,tier_a_primary,Tier_A_full_context,c08_exclude_weak_session_bucket,late_cash_240_330,-0.17209668943772988,0
2026.03.05 21:55:00,2026-03-05T21:55:00Z,oos,6068,0,Tier A,tier_a_primary,Tier_A_full_context,c08_exclude_weak_session_bucket,late_cash_240_330,-0.17209668943772988,0
2026.03.05 22:00:00,2026-03-05T22:00:00Z,oos,6069,0,Tier A,tier_a_primary,Tier_A_full_context,c08_exclude_weak_session_bucket,late_cash_240_330,-0.17209668943772988,0
2026.03.06 16:35:00,2026-03-06T16:35:00Z,oos,6070,1,Tier A,tier_a_primary,Tier_A_full_context,c08_exclude_weak_session_bucket,cash_open_0_30,-0.09635811836115327,1
2026.03.06 16:50:00,2026-03-06T16:50:00Z,oos,6071,0,Tier A,tier_a_primary,Tier_A_full_context,c08_exclude_weak_session_bucket,cash_open_0_30,-0.09635811836115327,0
2026.03.06 16:55:00,2026-03-06T16:55:00Z,oos,6072,0,Tier A,tier_a_primary,Tier_A_full_context,c08_exclude_weak_session_bucket,cash_open_0_30,-0.09635811836115327,0
2026.03.06 17:00:00,2026-03-06T17:00:00Z,oos,6073,0,Tier A,tier_a_primary,Tier_A_full_context,c08_exclude_weak_session_bucket,cash_open_0_30,-0.09635811836115327,0
2026.03.06 17:05:00,2026-03-06T17:05:00Z,oos,6074,1,Tier A,tier_a_primary,Tier_A_full_context,c08_exclude_weak_session_bucket,early_cash_30_60,-0.12775735294117646,1
2026.03.06 17:10:00,2026-03-06T17:10:00Z,oos,6075,-1,Tier A,tier_a_primary,Tier_A_full_context,c08_exclude_weak_session_bucket,early_cash_30_60,-0.12775735294117646,-1
2026.03.06 17:15:00,2026-03-06T17:15:00Z,oos,6076,1,Tier A,tier_a_primary,Tier_A_full_context,c08_exclude_weak_session_bucket,early_cash_30_60,-0.12775735294117646,1
2026.03.06 17:20:00,2026-03-06T17:20:00Z,oos,6077,0,Tier A,tier_a_primary,Tier_A_full_context,c08_exclude_weak_session_bucket,early_cash_30_60,-0.12775735294117646,0
2026.03.06 17:25:00,2026-03-06T17:25:00Z,oos,6078,0,Tier A,tier_a_primary,Tier_A_full_context,c08_exclude_weak_session_bucket,early_cash_30_60,-0.12775735294117646,0
2026.03.06 17:30:00,2026-03-06T17:30:00Z,oos,6079,0,Tier A,tier_a_primary,Tier_A_full_context,c08_exclude_weak_session_bucket,early_cash_30_60,-0.12775735294117646,0
2026.03.06 17:35:00,2026-03-06T17:35:00Z,oos,6080,0,Tier A,tier_a_primary,Tier_A_full_context,c08_exclude_weak_session_bucket,morning_60_120,-0.1698966408268734,0
2026.03.06 17:40:00,2026-03-06T17:40:00Z,oos,6081,0,Tier A,tier_a_primary,Tier_A_full_context,c08_exclude_weak_session_bucket,morning_60_120,-0.1698966408268734,0
2026.03.06 17:45:00,2026-03-06T17:45:00Z,oos,6082,-1,Tier A,tier_a_primary,Tier_A_full_context,c08_exclude_weak_session_bucket,morning_60_120,-0.1698966408268734,-1
2026.03.06 17:50:00,2026-03-06T17:50:00Z,oos,6083,-1,Tier A,tier_a_primary,Tier_A_full_context,c08_exclude_weak_session_bucket,morning_60_120,-0.1698966408268734,-1
2026.03.06 17:55:00,2026-03-06T17:55:00Z,oos,6084,0,Tier A,tier_a_primary,Tier_A_full_context,c08_exclude_weak_session_bucket,morning_60_120,-0.1698966408268734,0
2026.03.06 18:00:00,2026-03-06T18:00:00Z,oos,6085,0,Tier A,tier_a_primary,Tier_A_full_context,c08_exclude_weak_session_bucket,morning_60_120,-0.1698966408268734,0
2026.03.06 18:05:00,2026-03-06T18:05:00Z,oos,6086,0,Tier A,tier_a_primary,Tier_A_full_context,c08_exclude_weak_session_bucket,morning_60_120,-0.1698966408268734,0
2026.03.06 18:10:00,2026-03-06T18:10:00Z,oos,6087,0,Tier A,tier_a_primary,Tier_A_full_context,c08_exclude_weak_session_bucket,morning_60_120,-0.1698966408268734,0
2026.03.06 18:15:00,2026-03-06T18:15:00Z,oos,6088,0,Tier A,tier_a_primary,Tier_A_full_context,c08_exclude_weak_session_bucket,morning_60_120,-0.1698966408268734,0
2026.03.06 18:20:00,2026-03-06T18:20:00Z,oos,6089,0,Tier A,tier_a_primary,Tier_A_full_context,c08_exclude_weak_session_bucket,morning_60_120,-0.1698966408268734,0
2026.03.06 18:25:00,2026-03-06T18:25:00Z,oos,6090,0,Tier A,tier_a_primary,Tier_A_full_context,c08_exclude_weak_session_bucket,morning_60_120,-0.1698966408268734,0
2026.03.06 18:30:00,2026-03-06T18:30:00Z,oos,6091,0,Tier A,tier_a_primary,Tier_A_full_context,c08_exclude_weak_session_bucket,morning_60_120,-0.1698966408268734,0
2026.03.06 18:35:00,2026-03-06T18:35:00Z,oos,6092,0,Tier A,tier_a_primary,Tier_A_full_context,c08_exclude_weak_session_bucket,midday_lull_120_240,-0.1762380357885976,0
2026.03.06 18:40:00,2026-03-06T18:40:00Z,oos,6093,0,Tier A,tier_a_primary,Tier_A_full_context,c08_exclude_weak_session_bucket,midday_lull_120_240,-0.1762380357885976,0
2026.03.06 18:45:00,2026-03-06T18:45:00Z,oos,6094,0,Tier A,tier_a_primary,Tier_A_full_context,c08_exclude_weak_session_bucket,midday_lull_120_240,-0.1762380357885976,0
2026.03.06 18:50:00,2026-03-06T18:50:00Z,oos,6095,0,Tier A,tier_a_primary,Tier_A_full_context,c08_exclude_weak_session_bucket,midday_lull_120_240,-0.1762380357885976,0
2026.03.06 18:55:00,2026-03-06T18:55:00Z,oos,6096,0,Tier A,tier_a_primary,Tier_A_full_context,c08_exclude_weak_session_bucket,midday_lull_120_240,-0.1762380357885976,0
2026.03.06 19:00:00,2026-03-06T19:00:00Z,oos,6097,0,Tier A,tier_a_primary,Tier_A_full_context,c08_exclude_weak_session_bucket,midday_lull_120_240,-0.1762380357885976,0
2026.03.06 19:05:00,2026-03-06T19:05:00Z,oos,6098,0,Tier A,tier_a_primary,Tier_A_full_context,c08_exclude_weak_session_bucket,midday_lull_120_240,-0.1762380357885976,0
2026.03.06 19:10:00,2026-03-06T19:10:00Z,oos,6099,0,Tier A,tier_a_primary,Tier_A_full_context,c08_exclude_weak_session_bucket,midday_lull_120_240,-0.1762380357885976,0
2026.03.06 19:15:00,2026-03-06T19:15:00Z,oos,6100,0,Tier A,tier_a_primary,Tier_A_full_context,c08_exclude_weak_session_bucket,midday_lull_120_240,-0.1762380357885976,0
2026.03.06 19:20:00,2026-03-06T19:20:00Z,oos,6101,0,Tier A,tier_a_primary,Tier_A_full_context,c08_exclude_weak_session_bucket,midday_lull_120_240,-0.1762380357885976,0
2026.03.06 19:25:00,2026-03-06T19:25:00Z,oos,6102,0,Tier A,tier_a_primary,Tier_A_full_context,c08_exclude_weak_session_bucket,midday_lull_120_240,-0.1762380357885976,0
2026.03.06 19:30:00,2026-03-06T19:30:00Z,oos,6103,0,Tier A,tier_a_primary,Tier_A_full_context,c08_exclude_weak_session_bucket,midday_lull_120_240,-0.1762380357885976,0
2026.03.06 19:35:00,2026-03-06T19:35:00Z,oos,6104,0,Tier A,tier_a_primary,Tier_A_full_context,c08_exclude_weak_session_bucket,midday_lull_120_240,-0.1762380357885976,0
2026.03.06 19:40:00,2026-03-06T19:40:00Z,oos,6105,0,Tier A,tier_a_primary,Tier_A_full_context,c08_exclude_weak_session_bucket,midday_lull_120_240,-0.1762380357885976,0
2026.03.06 19:45:00,2026-03-06T19:45:00Z,oos,6106,0,Tier A,tier_a_primary,Tier_A_full_context,c08_exclude_weak_session_bucket,midday_lull_120_240,-0.1762380357885976,0
2026.03.06 19:50:00,2026-03-06T19:50:00Z,oos,6107,0,Tier A,tier_a_primary,Tier_A_full_context,c08_exclude_weak_session_bucket,midday_lull_120_240,-0.1762380357885976,0
2026.03.06 19:55:00,2026-03-06T19:55:00Z,oos,6108,0,Tier A,tier_a_primary,Tier_A_full_context,c08_exclude_weak_session_bucket,midday_lull_120_240,-0.1762380357885976,0
2026.03.06 20:00:00,2026-03-06T20:00:00Z,oos,6109,0,Tier A,tier_a_primary,Tier_A_full_context,c08_exclude_weak_session_bucket,midday_lull_120_240,-0.1762380357885976,0
2026.03.06 20:05:00,2026-03-06T20:05:00Z,oos,6110,0,Tier A,tier_a_primary,Tier_A_full_context,c08_exclude_weak_session_bucket,midday_lull_120_240,-0.1762380357885976,0
2026.03.06 20:10:00,2026-03-06T20:10:00Z,oos,6111,0,Tier A,tier_a_primary,Tier_A_full_context,c08_exclude_weak_session_bucket,midday_lull_120_240,-0.1762380357885976,0
2026.03.06 20:15:00,2026-03-06T20:15:00Z,oos,6112,0,Tier A,tier_a_primary,Tier_A_full_context,c08_exclude_weak_session_bucket,midday_lull_120_240,-0.1762380357885976,0
2026.03.06 20:20:00,2026-03-06T20:20:00Z,oos,6113,0,Tier A,tier_a_primary,Tier_A_full_context,c08_exclude_weak_session_bucket,midday_lull_120_240,-0.1762380357885976,0
2026.03.06 20:25:00,2026-03-06T20:25:00Z,oos,6114,0,Tier A,tier_a_primary,Tier_A_full_context,c08_exclude_weak_session_bucket,midday_lull_120_240,-0.1762380357885976,0
2026.03.06 20:30:00,2026-03-06T20:30:00Z,oos,6115,0,Tier A,tier_a_primary,Tier_A_full_context,c08_exclude_weak_session_bucket,midday_lull_120_240,-0.1762380357885976,0
2026.03.06 20:35:00,2026-03-06T20:35:00Z,oos,6116,0,Tier A,tier_a_primary,Tier_A_full_context,c08_exclude_weak_session_bucket,late_cash_240_330,-0.17209668943772988,0
2026.03.06 20:40:00,2026-03-06T20:40:00Z,oos,6117,0,Tier A,tier_a_primary,Tier_A_full_context,c08_exclude_weak_session_bucket,late_cash_240_330,-0.17209668943772988,0
2026.03.06 20:45:00,2026-03-06T20:45:00Z,oos,6118,0,Tier A,tier_a_primary,Tier_A_full_context,c08_exclude_weak_session_bucket,late_cash_240_330,-0.17209668943772988,0
2026.03.06 20:50:00,2026-03-06T20:50:00Z,oos,6119,0,Tier A,tier_a_primary,Tier_A_full_context,c08_exclude_weak_session_bucket,late_cash_240_330,-0.17209668943772988,0
2026.03.06 20:55:00,2026-03-06T20:55:00Z,oos,6120,0,Tier A,tier_a_primary,Tier_A_full_context,c08_exclude_weak_session_bucket,late_cash_240_330,-0.17209668943772988,0
2026.03.06 21:00:00,2026-03-06T21:00:00Z,oos,6121,0,Tier A,tier_a_primary,Tier_A_full_context,c08_exclude_weak_session_bucket,late_cash_240_330,-0.17209668943772988,0
2026.03.06 21:05:00,2026-03-06T21:05:00Z,oos,6122,0,Tier A,tier_a_primary,Tier_A_full_context,c08_exclude_weak_session_bucket,late_cash_240_330,-0.17209668943772988,0
2026.03.06 21:10:00,2026-03-06T21:10:00Z,oos,6123,0,Tier A,tier_a_primary,Tier_A_full_context,c08_exclude_weak_session_bucket,late_cash_240_330,-0.17209668943772988,0
2026.03.06 21:15:00,2026-03-06T21:15:00Z,oos,6124,0,Tier A,tier_a_primary,Tier_A_full_context,c08_exclude_weak_session_bucket,late_cash_240_330,-0.17209668943772988,0
2026.03.06 21:20:00,2026-03-06T21:20:00Z,oos,6125,0,Tier A,tier_a_primary,Tier_A_full_context,c08_exclude_weak_session_bucket,late_cash_240_330,-0.17209668943772988,0
2026.03.06 21:25:00,2026-03-06T21:25:00Z,oos,6126,0,Tier A,tier_a_primary,Tier_A_full_context,c08_exclude_weak_session_bucket,late_cash_240_330,-0.17209668943772988,0
2026.03.06 21:30:00,2026-03-06T21:30:00Z,oos,6127,0,Tier A,tier_a_primary,Tier_A_full_context,c08_exclude_weak_session_bucket,late_cash_240_330,-0.17209668943772988,0
2026.03.06 21:35:00,2026-03-06T21:35:00Z,oos,6128,0,Tier A,tier_a_primary,Tier_A_full_context,c08_exclude_weak_session_bucket,late_cash_240_330,-0.17209668943772988,0
2026.03.06 21:40:00,2026-03-06T21:40:00Z,oos,6129,0,Tier A,tier_a_primary,Tier_A_full_context,c08_exclude_weak_session_bucket,late_cash_240_330,-0.17209668943772988,0
2026.03.06 21:45:00,2026-03-06T21:45:00Z,oos,6130,0,Tier A,tier_a_primary,Tier_A_full_context,c08_exclude_weak_session_bucket,late_cash_240_330,-0.17209668943772988,0
2026.03.06 21:50:00,2026-03-06T21:50:00Z,oos,6131,0,Tier A,tier_a_primary,Tier_A_full_context,c08_exclude_weak_session_bucket,late_cash_240_330,-0.17209668943772988,0
2026.03.06 21:55:00,2026-03-06T21:55:00Z,oos,6132,0,Tier A,tier_a_primary,Tier_A_full_context,c08_exclude_weak_session_bucket,late_cash_240_330,-0.17209668943772988,0
2026.03.06 22:00:00,2026-03-06T22:00:00Z,oos,6133,0,Tier A,tier_a_primary,Tier_A_full_context,c08_exclude_weak_session_bucket,late_cash_240_330,-0.17209668943772988,0
2026.03.09 16:35:00,2026-03-09T16:35:00Z,oos,6134,0,Tier A,tier_a_primary,Tier_A_full_context,c08_exclude_weak_session_bucket,morning_60_120,-0.1698966408268734,0
2026.03.09 16:40:00,2026-03-09T16:40:00Z,oos,6135,0,Tier A,tier_a_primary,Tier_A_full_context,c08_exclude_weak_session_bucket,morning_60_120,-0.1698966408268734,0
2026.03.09 16:45:00,2026-03-09T16:45:00Z,oos,6136,0,Tier A,tier_a_primary,Tier_A_full_context,c08_exclude_weak_session_bucket,morning_60_120,-0.1698966408268734,0
2026.03.09 16:50:00,2026-03-09T16:50:00Z,oos,6137,0,Tier A,tier_a_primary,Tier_A_full_context,c08_exclude_weak_session_bucket,morning_60_120,-0.1698966408268734,0
2026.03.09 16:55:00,2026-03-09T16:55:00Z,oos,6138,0,Tier A,tier_a_primary,Tier_A_full_context,c08_exclude_weak_session_bucket,morning_60_120,-0.1698966408268734,0
2026.03.09 17:00:00,2026-03-09T17:00:00Z,oos,6139,0,Tier A,tier_a_primary,Tier_A_full_context,c08_exclude_weak_session_bucket,morning_60_120,-0.1698966408268734,0
2026.03.09 17:05:00,2026-03-09T17:05:00Z,oos,6140,0,Tier A,tier_a_primary,Tier_A_full_context,c08_exclude_weak_session_bucket,morning_60_120,-0.1698966408268734,0
2026.03.09 17:10:00,2026-03-09T17:10:00Z,oos,6141,0,Tier A,tier_a_primary,Tier_A_full_context,c08_exclude_weak_session_bucket,morning_60_120,-0.1698966408268734,0
2026.03.09 17:15:00,2026-03-09T17:15:00Z,oos,6142,0,Tier A,tier_a_primary,Tier_A_full_context,c08_exclude_weak_session_bucket,morning_60_120,-0.1698966408268734,0
2026.03.09 17:20:00,2026-03-09T17:20:00Z,oos,6143,0,Tier A,tier_a_primary,Tier_A_full_context,c08_exclude_weak_session_bucket,morning_60_120,-0.1698966408268734,0
2026.03.09 17:25:00,2026-03-09T17:25:00Z,oos,6144,0,Tier A,tier_a_primary,Tier_A_full_context,c08_exclude_weak_session_bucket,morning_60_120,-0.1698966408268734,0
2026.03.09 17:30:00,2026-03-09T17:30:00Z,oos,6145,0,Tier A,tier_a_primary,Tier_A_full_context,c08_exclude_weak_session_bucket,morning_60_120,-0.1698966408268734,0
2026.03.09 17:35:00,2026-03-09T17:35:00Z,oos,6146,0,Tier A,tier_a_primary,Tier_A_full_context,c08_exclude_weak_session_bucket,midday_lull_120_240,-0.1762380357885976,0
2026.03.09 17:40:00,2026-03-09T17:40:00Z,oos,6147,0,Tier A,tier_a_primary,Tier_A_full_context,c08_exclude_weak_session_bucket,midday_lull_120_240,-0.1762380357885976,0
2026.03.09 17:45:00,2026-03-09T17:45:00Z,oos,6148,0,Tier A,tier_a_primary,Tier_A_full_context,c08_exclude_weak_session_bucket,midday_lull_120_240,-0.1762380357885976,0
2026.03.09 17:50:00,2026-03-09T17:50:00Z,oos,6149,0,Tier A,tier_a_primary,Tier_A_full_context,c08_exclude_weak_session_bucket,midday_lull_120_240,-0.1762380357885976,0
2026.03.09 17:55:00,2026-03-09T17:55:00Z,oos,6150,0,Tier A,tier_a_primary,Tier_A_full_context,c08_exclude_weak_session_bucket,midday_lull_120_240,-0.1762380357885976,0
2026.03.09 18:00:00,2026-03-09T18:00:00Z,oos,6151,0,Tier A,tier_a_primary,Tier_A_full_context,c08_exclude_weak_session_bucket,midday_lull_120_240,-0.1762380357885976,0
2026.03.09 18:05:00,2026-03-09T18:05:00Z,oos,6152,0,Tier A,tier_a_primary,Tier_A_full_context,c08_exclude_weak_session_bucket,midday_lull_120_240,-0.1762380357885976,0
2026.03.09 18:10:00,2026-03-09T18:10:00Z,oos,6153,0,Tier A,tier_a_primary,Tier_A_full_context,c08_exclude_weak_session_bucket,midday_lull_120_240,-0.1762380357885976,0
2026.03.09 18:15:00,2026-03-09T18:15:00Z,oos,6154,0,Tier A,tier_a_primary,Tier_A_full_context,c08_exclude_weak_session_bucket,midday_lull_120_240,-0.1762380357885976,0
2026.03.09 18:20:00,2026-03-09T18:20:00Z,oos,6155,0,Tier A,tier_a_primary,Tier_A_full_context,c08_exclude_weak_session_bucket,midday_lull_120_240,-0.1762380357885976,0
2026.03.09 18:25:00,2026-03-09T18:25:00Z,oos,6156,0,Tier A,tier_a_primary,Tier_A_full_context,c08_exclude_weak_session_bucket,midday_lull_120_240,-0.1762380357885976,0
2026.03.09 18:30:00,2026-03-09T18:30:00Z,oos,6157,0,Tier A,tier_a_primary,Tier_A_full_context,c08_exclude_weak_session_bucket,midday_lull_120_240,-0.1762380357885976,0
2026.03.09 18:35:00,2026-03-09T18:35:00Z,oos,6158,0,Tier A,tier_a_primary,Tier_A_full_context,c08_exclude_weak_session_bucket,midday_lull_120_240,-0.1762380357885976,0
2026.03.09 18:40:00,2026-03-09T18:40:00Z,oos,6159,0,Tier A,tier_a_primary,Tier_A_full_context,c08_exclude_weak_session_bucket,midday_lull_120_240,-0.1762380357885976,0
2026.03.09 18:45:00,2026-03-09T18:45:00Z,oos,6160,0,Tier A,tier_a_primary,Tier_A_full_context,c08_exclude_weak_session_bucket,midday_lull_120_240,-0.1762380357885976,0
2026.03.09 18:50:00,2026-03-09T18:50:00Z,oos,6161,0,Tier A,tier_a_primary,Tier_A_full_context,c08_exclude_weak_session_bucket,midday_lull_120_240,-0.1762380357885976,0
2026.03.09 18:55:00,2026-03-09T18:55:00Z,oos,6162,0,Tier A,tier_a_primary,Tier_A_full_context,c08_exclude_weak_session_bucket,midday_lull_120_240,-0.1762380357885976,0
2026.03.09 19:00:00,2026-03-09T19:00:00Z,oos,6163,0,Tier A,tier_a_primary,Tier_A_full_context,c08_exclude_weak_session_bucket,midday_lull_120_240,-0.1762380357885976,0
2026.03.09 19:05:00,2026-03-09T19:05:00Z,oos,6164,0,Tier A,tier_a_primary,Tier_A_full_context,c08_exclude_weak_session_bucket,midday_lull_120_240,-0.1762380357885976,0
2026.03.09 19:10:00,2026-03-09T19:10:00Z,oos,6165,0,Tier A,tier_a_primary,Tier_A_full_context,c08_exclude_weak_session_bucket,midday_lull_120_240,-0.1762380357885976,0
2026.03.09 19:15:00,2026-03-09T19:15:00Z,oos,6166,0,Tier A,tier_a_primary,Tier_A_full_context,c08_exclude_weak_session_bucket,midday_lull_120_240,-0.1762380357885976,0
2026.03.09 19:20:00,2026-03-09T19:20:00Z,oos,6167,0,Tier A,tier_a_primary,Tier_A_full_context,c08_exclude_weak_session_bucket,midday_lull_120_240,-0.1762380357885976,0
2026.03.09 19:25:00,2026-03-09T19:25:00Z,oos,6168,0,Tier A,tier_a_primary,Tier_A_full_context,c08_exclude_weak_session_bucket,midday_lull_120_240,-0.1762380357885976,0
2026.03.09 19:30:00,2026-03-09T19:30:00Z,oos,6169,0,Tier A,tier_a_primary,Tier_A_full_context,c08_exclude_weak_session_bucket,midday_lull_120_240,-0.1762380357885976,0
2026.03.09 19:35:00,2026-03-09T19:35:00Z,oos,6170,0,Tier A,tier_a_primary,Tier_A_full_context,c08_exclude_weak_session_bucket,late_cash_240_330,-0.17209668943772988,0
2026.03.09 19:40:00,2026-03-09T19:40:00Z,oos,6171,0,Tier A,tier_a_primary,Tier_A_full_context,c08_exclude_weak_session_bucket,late_cash_240_330,-0.17209668943772988,0
2026.03.09 19:45:00,2026-03-09T19:45:00Z,oos,6172,1,Tier A,tier_a_primary,Tier_A_full_context,c08_exclude_weak_session_bucket,late_cash_240_330,-0.17209668943772988,1
2026.03.09 19:50:00,2026-03-09T19:50:00Z,oos,6173,0,Tier A,tier_a_primary,Tier_A_full_context,c08_exclude_weak_session_bucket,late_cash_240_330,-0.17209668943772988,0
2026.03.09 19:55:00,2026-03-09T19:55:00Z,oos,6174,-1,Tier A,tier_a_primary,Tier_A_full_context,c08_exclude_weak_session_bucket,late_cash_240_330,-0.17209668943772988,-1
2026.03.09 20:00:00,2026-03-09T20:00:00Z,oos,6175,-1,Tier A,tier_a_primary,Tier_A_full_context,c08_exclude_weak_session_bucket,late_cash_240_330,-0.17209668943772988,-1
2026.03.09 20:05:00,2026-03-09T20:05:00Z,oos,6176,-1,Tier A,tier_a_primary,Tier_A_full_context,c08_exclude_weak_session_bucket,late_cash_240_330,-0.17209668943772988,-1
2026.03.09 20:10:00,2026-03-09T20:10:00Z,oos,6177,0,Tier A,tier_a_primary,Tier_A_full_context,c08_exclude_weak_session_bucket,late_cash_240_330,-0.17209668943772988,0
2026.03.09 20:15:00,2026-03-09T20:15:00Z,oos,6178,0,Tier A,tier_a_primary,Tier_A_full_context,c08_exclude_weak_session_bucket,late_cash_240_330,-0.17209668943772988,0
2026.03.09 20:20:00,2026-03-09T20:20:00Z,oos,6179,-1,Tier A,tier_a_primary,Tier_A_full_context,c08_exclude_weak_session_bucket,late_cash_240_330,-0.17209668943772988,-1
2026.03.09 20:25:00,2026-03-09T20:25:00Z,oos,6180,-1,Tier A,tier_a_primary,Tier_A_full_context,c08_exclude_weak_session_bucket,late_cash_240_330,-0.17209668943772988,-1
2026.03.09 20:30:00,2026-03-09T20:30:00Z,oos,6181,0,Tier A,tier_a_primary,Tier_A_full_context,c08_exclude_weak_session_bucket,late_cash_240_330,-0.17209668943772988,0
2026.03.09 20:35:00,2026-03-09T20:35:00Z,oos,6182,0,Tier A,tier_a_primary,Tier_A_full_context,c08_exclude_weak_session_bucket,late_cash_240_330,-0.17209668943772988,0
2026.03.09 20:40:00,2026-03-09T20:40:00Z,oos,6183,0,Tier A,tier_a_primary,Tier_A_full_context,c08_exclude_weak_session_bucket,late_cash_240_330,-0.17209668943772988,0
2026.03.09 20:45:00,2026-03-09T20:45:00Z,oos,6184,0,Tier A,tier_a_primary,Tier_A_full_context,c08_exclude_weak_session_bucket,late_cash_240_330,-0.17209668943772988,0
2026.03.09 20:50:00,2026-03-09T20:50:00Z,oos,6185,1,Tier A,tier_a_primary,Tier_A_full_context,c08_exclude_weak_session_bucket,late_cash_240_330,-0.17209668943772988,1
2026.03.09 20:55:00,2026-03-09T20:55:00Z,oos,6186,1,Tier A,tier_a_primary,Tier_A_full_context,c08_exclude_weak_session_bucket,late_cash_240_330,-0.17209668943772988,1
2026.03.09 21:00:00,2026-03-09T21:00:00Z,oos,6187,0,Tier A,tier_a_primary,Tier_A_full_context,c08_exclude_weak_session_bucket,late_cash_240_330,-0.17209668943772988,0
2026.03.10 16:35:00,2026-03-10T16:35:00Z,oos,6188,0,Tier A,tier_a_primary,Tier_A_full_context,c08_exclude_weak_session_bucket,morning_60_120,-0.1698966408268734,0
2026.03.10 16:40:00,2026-03-10T16:40:00Z,oos,6189,0,Tier A,tier_a_primary,Tier_A_full_context,c08_exclude_weak_session_bucket,morning_60_120,-0.1698966408268734,0
2026.03.10 16:45:00,2026-03-10T16:45:00Z,oos,6190,0,Tier A,tier_a_primary,Tier_A_full_context,c08_exclude_weak_session_bucket,morning_60_120,-0.1698966408268734,0
2026.03.10 16:50:00,2026-03-10T16:50:00Z,oos,6191,0,Tier A,tier_a_primary,Tier_A_full_context,c08_exclude_weak_session_bucket,morning_60_120,-0.1698966408268734,0
2026.03.10 16:55:00,2026-03-10T16:55:00Z,oos,6192,0,Tier A,tier_a_primary,Tier_A_full_context,c08_exclude_weak_session_bucket,morning_60_120,-0.1698966408268734,0
2026.03.10 17:00:00,2026-03-10T17:00:00Z,oos,6193,0,Tier A,tier_a_primary,Tier_A_full_context,c08_exclude_weak_session_bucket,morning_60_120,-0.1698966408268734,0
2026.03.10 17:05:00,2026-03-10T17:05:00Z,oos,6194,0,Tier A,tier_a_primary,Tier_A_full_context,c08_exclude_weak_session_bucket,morning_60_120,-0.1698966408268734,0
2026.03.10 17:10:00,2026-03-10T17:10:00Z,oos,6195,0,Tier A,tier_a_primary,Tier_A_full_context,c08_exclude_weak_session_bucket,morning_60_120,-0.1698966408268734,0
2026.03.10 17:15:00,2026-03-10T17:15:00Z,oos,6196,0,Tier A,tier_a_primary,Tier_A_full_context,c08_exclude_weak_session_bucket,morning_60_120,-0.1698966408268734,0
2026.03.10 17:20:00,2026-03-10T17:20:00Z,oos,6197,0,Tier A,tier_a_primary,Tier_A_full_context,c08_exclude_weak_session_bucket,morning_60_120,-0.1698966408268734,0
2026.03.10 17:25:00,2026-03-10T17:25:00Z,oos,6198,0,Tier A,tier_a_primary,Tier_A_full_context,c08_exclude_weak_session_bucket,morning_60_120,-0.1698966408268734,0
2026.03.10 17:30:00,2026-03-10T17:30:00Z,oos,6199,0,Tier A,tier_a_primary,Tier_A_full_context,c08_exclude_weak_session_bucket,morning_60_120,-0.1698966408268734,0
2026.03.10 17:35:00,2026-03-10T17:35:00Z,oos,6200,0,Tier A,tier_a_primary,Tier_A_full_context,c08_exclude_weak_session_bucket,midday_lull_120_240,-0.1762380357885976,0
2026.03.10 17:40:00,2026-03-10T17:40:00Z,oos,6201,0,Tier A,tier_a_primary,Tier_A_full_context,c08_exclude_weak_session_bucket,midday_lull_120_240,-0.1762380357885976,0
2026.03.10 17:45:00,2026-03-10T17:45:00Z,oos,6202,0,Tier A,tier_a_primary,Tier_A_full_context,c08_exclude_weak_session_bucket,midday_lull_120_240,-0.1762380357885976,0
2026.03.10 17:50:00,2026-03-10T17:50:00Z,oos,6203,0,Tier A,tier_a_primary,Tier_A_full_context,c08_exclude_weak_session_bucket,midday_lull_120_240,-0.1762380357885976,0
2026.03.10 17:55:00,2026-03-10T17:55:00Z,oos,6204,0,Tier A,tier_a_primary,Tier_A_full_context,c08_exclude_weak_session_bucket,midday_lull_120_240,-0.1762380357885976,0
2026.03.10 18:00:00,2026-03-10T18:00:00Z,oos,6205,0,Tier A,tier_a_primary,Tier_A_full_context,c08_exclude_weak_session_bucket,midday_lull_120_240,-0.1762380357885976,0
2026.03.10 18:05:00,2026-03-10T18:05:00Z,oos,6206,0,Tier A,tier_a_primary,Tier_A_full_context,c08_exclude_weak_session_bucket,midday_lull_120_240,-0.1762380357885976,0
2026.03.10 18:10:00,2026-03-10T18:10:00Z,oos,6207,0,Tier A,tier_a_primary,Tier_A_full_context,c08_exclude_weak_session_bucket,midday_lull_120_240,-0.1762380357885976,0
2026.03.10 18:15:00,2026-03-10T18:15:00Z,oos,6208,0,Tier A,tier_a_primary,Tier_A_full_context,c08_exclude_weak_session_bucket,midday_lull_120_240,-0.1762380357885976,0
2026.03.10 18:20:00,2026-03-10T18:20:00Z,oos,6209,0,Tier A,tier_a_primary,Tier_A_full_context,c08_exclude_weak_session_bucket,midday_lull_120_240,-0.1762380357885976,0
2026.03.10 18:25:00,2026-03-10T18:25:00Z,oos,6210,0,Tier A,tier_a_primary,Tier_A_full_context,c08_exclude_weak_session_bucket,midday_lull_120_240,-0.1762380357885976,0
2026.03.10 18:30:00,2026-03-10T18:30:00Z,oos,6211,0,Tier A,tier_a_primary,Tier_A_full_context,c08_exclude_weak_session_bucket,midday_lull_120_240,-0.1762380357885976,0
2026.03.10 18:35:00,2026-03-10T18:35:00Z,oos,6212,0,Tier A,tier_a_primary,Tier_A_full_context,c08_exclude_weak_session_bucket,midday_lull_120_240,-0.1762380357885976,0
2026.03.10 18:40:00,2026-03-10T18:40:00Z,oos,6213,0,Tier A,tier_a_primary,Tier_A_full_context,c08_exclude_weak_session_bucket,midday_lull_120_240,-0.1762380357885976,0
2026.03.10 18:45:00,2026-03-10T18:45:00Z,oos,6214,0,Tier A,tier_a_primary,Tier_A_full_context,c08_exclude_weak_session_bucket,midday_lull_120_240,-0.1762380357885976,0
2026.03.10 18:50:00,2026-03-10T18:50:00Z,oos,6215,0,Tier A,tier_a_primary,Tier_A_full_context,c08_exclude_weak_session_bucket,midday_lull_120_240,-0.1762380357885976,0
2026.03.10 18:55:00,2026-03-10T18:55:00Z,oos,6216,0,Tier A,tier_a_primary,Tier_A_full_context,c08_exclude_weak_session_bucket,midday_lull_120_240,-0.1762380357885976,0
2026.03.10 19:00:00,2026-03-10T19:00:00Z,oos,6217,0,Tier A,tier_a_primary,Tier_A_full_context,c08_exclude_weak_session_bucket,midday_lull_120_240,-0.1762380357885976,0
2026.03.10 19:05:00,2026-03-10T19:05:00Z,oos,6218,0,Tier A,tier_a_primary,Tier_A_full_context,c08_exclude_weak_session_bucket,midday_lull_120_240,-0.1762380357885976,0
2026.03.10 19:10:00,2026-03-10T19:10:00Z,oos,6219,0,Tier A,tier_a_primary,Tier_A_full_context,c08_exclude_weak_session_bucket,midday_lull_120_240,-0.1762380357885976,0
2026.03.10 19:15:00,2026-03-10T19:15:00Z,oos,6220,0,Tier A,tier_a_primary,Tier_A_full_context,c08_exclude_weak_session_bucket,midday_lull_120_240,-0.1762380357885976,0
2026.03.10 19:20:00,2026-03-10T19:20:00Z,oos,6221,0,Tier A,tier_a_primary,Tier_A_full_context,c08_exclude_weak_session_bucket,midday_lull_120_240,-0.1762380357885976,0
2026.03.10 19:25:00,2026-03-10T19:25:00Z,oos,6222,0,Tier A,tier_a_primary,Tier_A_full_context,c08_exclude_weak_session_bucket,midday_lull_120_240,-0.1762380357885976,0
2026.03.10 19:30:00,2026-03-10T19:30:00Z,oos,6223,0,Tier A,tier_a_primary,Tier_A_full_context,c08_exclude_weak_session_bucket,midday_lull_120_240,-0.1762380357885976,0
2026.03.10 19:35:00,2026-03-10T19:35:00Z,oos,6224,1,Tier A,tier_a_primary,Tier_A_full_context,c08_exclude_weak_session_bucket,late_cash_240_330,-0.17209668943772988,1
2026.03.10 19:40:00,2026-03-10T19:40:00Z,oos,6225,0,Tier A,tier_a_primary,Tier_A_full_context,c08_exclude_weak_session_bucket,late_cash_240_330,-0.17209668943772988,0
2026.03.10 19:45:00,2026-03-10T19:45:00Z,oos,6226,0,Tier A,tier_a_primary,Tier_A_full_context,c08_exclude_weak_session_bucket,late_cash_240_330,-0.17209668943772988,0
2026.03.10 19:50:00,2026-03-10T19:50:00Z,oos,6227,-1,Tier A,tier_a_primary,Tier_A_full_context,c08_exclude_weak_session_bucket,late_cash_240_330,-0.17209668943772988,-1
2026.03.10 19:55:00,2026-03-10T19:55:00Z,oos,6228,1,Tier A,tier_a_primary,Tier_A_full_context,c08_exclude_weak_session_bucket,late_cash_240_330,-0.17209668943772988,1
2026.03.10 20:00:00,2026-03-10T20:00:00Z,oos,6229,0,Tier A,tier_a_primary,Tier_A_full_context,c08_exclude_weak_session_bucket,late_cash_240_330,-0.17209668943772988,0
2026.03.10 20:05:00,2026-03-10T20:05:00Z,oos,6230,0,Tier A,tier_a_primary,Tier_A_full_context,c08_exclude_weak_session_bucket,late_cash_240_330,-0.17209668943772988,0
2026.03.10 20:10:00,2026-03-10T20:10:00Z,oos,6231,0,Tier A,tier_a_primary,Tier_A_full_context,c08_exclude_weak_session_bucket,late_cash_240_330,-0.17209668943772988,0
2026.03.10 20:15:00,2026-03-10T20:15:00Z,oos,6232,0,Tier A,tier_a_primary,Tier_A_full_context,c08_exclude_weak_session_bucket,late_cash_240_330,-0.17209668943772988,0
2026.03.10 20:20:00,2026-03-10T20:20:00Z,oos,6233,0,Tier A,tier_a_primary,Tier_A_full_context,c08_exclude_weak_session_bucket,late_cash_240_330,-0.17209668943772988,0
2026.03.10 20:25:00,2026-03-10T20:25:00Z,oos,6234,0,Tier A,tier_a_primary,Tier_A_full_context,c08_exclude_weak_session_bucket,late_cash_240_330,-0.17209668943772988,0
2026.03.10 20:30:00,2026-03-10T20:30:00Z,oos,6235,0,Tier A,tier_a_primary,Tier_A_full_context,c08_exclude_weak_session_bucket,late_cash_240_330,-0.17209668943772988,0
2026.03.10 20:35:00,2026-03-10T20:35:00Z,oos,6236,-1,Tier A,tier_a_primary,Tier_A_full_context,c08_exclude_weak_session_bucket,late_cash_240_330,-0.17209668943772988,-1
2026.03.10 20:40:00,2026-03-10T20:40:00Z,oos,6237,0,Tier A,tier_a_primary,Tier_A_full_context,c08_exclude_weak_session_bucket,late_cash_240_330,-0.17209668943772988,0
2026.03.10 20:45:00,2026-03-10T20:45:00Z,oos,6238,0,Tier A,tier_a_primary,Tier_A_full_context,c08_exclude_weak_session_bucket,late_cash_240_330,-0.17209668943772988,0
2026.03.10 20:50:00,2026-03-10T20:50:00Z,oos,6239,0,Tier A,tier_a_primary,Tier_A_full_context,c08_exclude_weak_session_bucket,late_cash_240_330,-0.17209668943772988,0
2026.03.10 20:55:00,2026-03-10T20:55:00Z,oos,6240,0,Tier A,tier_a_primary,Tier_A_full_context,c08_exclude_weak_session_bucket,late_cash_240_330,-0.17209668943772988,0
2026.03.10 21:00:00,2026-03-10T21:00:00Z,oos,6241,0,Tier A,tier_a_primary,Tier_A_full_context,c08_exclude_weak_session_bucket,late_cash_240_330,-0.17209668943772988,0
2026.03.11 16:35:00,2026-03-11T16:35:00Z,oos,6242,1,Tier A,tier_a_primary,Tier_A_full_context,c08_exclude_weak_session_bucket,morning_60_120,-0.1698966408268734,1
2026.03.11 16:40:00,2026-03-11T16:40:00Z,oos,6243,0,Tier A,tier_a_primary,Tier_A_full_context,c08_exclude_weak_session_bucket,morning_60_120,-0.1698966408268734,0
2026.03.11 16:45:00,2026-03-11T16:45:00Z,oos,6244,-1,Tier A,tier_a_primary,Tier_A_full_context,c08_exclude_weak_session_bucket,morning_60_120,-0.1698966408268734,-1
2026.03.11 16:50:00,2026-03-11T16:50:00Z,oos,6245,-1,Tier A,tier_a_primary,Tier_A_full_context,c08_exclude_weak_session_bucket,morning_60_120,-0.1698966408268734,-1
2026.03.11 16:55:00,2026-03-11T16:55:00Z,oos,6246,0,Tier A,tier_a_primary,Tier_A_full_context,c08_exclude_weak_session_bucket,morning_60_120,-0.1698966408268734,0
2026.03.11 17:00:00,2026-03-11T17:00:00Z,oos,6247,1,Tier A,tier_a_primary,Tier_A_full_context,c08_exclude_weak_session_bucket,morning_60_120,-0.1698966408268734,1
2026.03.11 17:05:00,2026-03-11T17:05:00Z,oos,6248,0,Tier A,tier_a_primary,Tier_A_full_context,c08_exclude_weak_session_bucket,morning_60_120,-0.1698966408268734,0
2026.03.11 17:10:00,2026-03-11T17:10:00Z,oos,6249,-1,Tier A,tier_a_primary,Tier_A_full_context,c08_exclude_weak_session_bucket,morning_60_120,-0.1698966408268734,-1
2026.03.11 17:15:00,2026-03-11T17:15:00Z,oos,6250,0,Tier A,tier_a_primary,Tier_A_full_context,c08_exclude_weak_session_bucket,morning_60_120,-0.1698966408268734,0
2026.03.11 17:20:00,2026-03-11T17:20:00Z,oos,6251,0,Tier A,tier_a_primary,Tier_A_full_context,c08_exclude_weak_session_bucket,morning_60_120,-0.1698966408268734,0
2026.03.11 17:25:00,2026-03-11T17:25:00Z,oos,6252,-1,Tier A,tier_a_primary,Tier_A_full_context,c08_exclude_weak_session_bucket,morning_60_120,-0.1698966408268734,-1
2026.03.11 17:30:00,2026-03-11T17:30:00Z,oos,6253,0,Tier A,tier_a_primary,Tier_A_full_context,c08_exclude_weak_session_bucket,morning_60_120,-0.1698966408268734,0
2026.03.11 17:35:00,2026-03-11T17:35:00Z,oos,6254,0,Tier A,tier_a_primary,Tier_A_full_context,c08_exclude_weak_session_bucket,midday_lull_120_240,-0.1762380357885976,0
2026.03.11 17:40:00,2026-03-11T17:40:00Z,oos,6255,0,Tier A,tier_a_primary,Tier_A_full_context,c08_exclude_weak_session_bucket,midday_lull_120_240,-0.1762380357885976,0
2026.03.11 17:45:00,2026-03-11T17:45:00Z,oos,6256,0,Tier A,tier_a_primary,Tier_A_full_context,c08_exclude_weak_session_bucket,midday_lull_120_240,-0.1762380357885976,0
2026.03.11 17:50:00,2026-03-11T17:50:00Z,oos,6257,0,Tier A,tier_a_primary,Tier_A_full_context,c08_exclude_weak_session_bucket,midday_lull_120_240,-0.1762380357885976,0
2026.03.11 17:55:00,2026-03-11T17:55:00Z,oos,6258,0,Tier A,tier_a_primary,Tier_A_full_context,c08_exclude_weak_session_bucket,midday_lull_120_240,-0.1762380357885976,0
2026.03.11 18:00:00,2026-03-11T18:00:00Z,oos,6259,0,Tier A,tier_a_primary,Tier_A_full_context,c08_exclude_weak_session_bucket,midday_lull_120_240,-0.1762380357885976,0
2026.03.11 18:05:00,2026-03-11T18:05:00Z,oos,6260,0,Tier A,tier_a_primary,Tier_A_full_context,c08_exclude_weak_session_bucket,midday_lull_120_240,-0.1762380357885976,0
2026.03.11 18:10:00,2026-03-11T18:10:00Z,oos,6261,0,Tier A,tier_a_primary,Tier_A_full_context,c08_exclude_weak_session_bucket,midday_lull_120_240,-0.1762380357885976,0
2026.03.11 18:15:00,2026-03-11T18:15:00Z,oos,6262,0,Tier A,tier_a_primary,Tier_A_full_context,c08_exclude_weak_session_bucket,midday_lull_120_240,-0.1762380357885976,0
2026.03.11 18:25:00,2026-03-11T18:25:00Z,oos,6263,0,Tier A,tier_a_primary,Tier_A_full_context,c08_exclude_weak_session_bucket,midday_lull_120_240,-0.1762380357885976,0
2026.03.11 18:30:00,2026-03-11T18:30:00Z,oos,6264,0,Tier A,tier_a_primary,Tier_A_full_context,c08_exclude_weak_session_bucket,midday_lull_120_240,-0.1762380357885976,0
2026.03.11 18:35:00,2026-03-11T18:35:00Z,oos,6265,0,Tier A,tier_a_primary,Tier_A_full_context,c08_exclude_weak_session_bucket,midday_lull_120_240,-0.1762380357885976,0
2026.03.11 18:40:00,2026-03-11T18:40:00Z,oos,6266,0,Tier A,tier_a_primary,Tier_A_full_context,c08_exclude_weak_session_bucket,midday_lull_120_240,-0.1762380357885976,0
2026.03.11 18:45:00,2026-03-11T18:45:00Z,oos,6267,0,Tier A,tier_a_primary,Tier_A_full_context,c08_exclude_weak_session_bucket,midday_lull_120_240,-0.1762380357885976,0
2026.03.11 18:50:00,2026-03-11T18:50:00Z,oos,6268,0,Tier A,tier_a_primary,Tier_A_full_context,c08_exclude_weak_session_bucket,midday_lull_120_240,-0.1762380357885976,0
2026.03.11 18:55:00,2026-03-11T18:55:00Z,oos,6269,0,Tier A,tier_a_primary,Tier_A_full_context,c08_exclude_weak_session_bucket,midday_lull_120_240,-0.1762380357885976,0
2026.03.11 19:00:00,2026-03-11T19:00:00Z,oos,6270,0,Tier A,tier_a_primary,Tier_A_full_context,c08_exclude_weak_session_bucket,midday_lull_120_240,-0.1762380357885976,0
2026.03.11 19:05:00,2026-03-11T19:05:00Z,oos,6271,0,Tier A,tier_a_primary,Tier_A_full_context,c08_exclude_weak_session_bucket,midday_lull_120_240,-0.1762380357885976,0
2026.03.11 19:10:00,2026-03-11T19:10:00Z,oos,6272,0,Tier A,tier_a_primary,Tier_A_full_context,c08_exclude_weak_session_bucket,midday_lull_120_240,-0.1762380357885976,0
2026.03.11 19:15:00,2026-03-11T19:15:00Z,oos,6273,0,Tier A,tier_a_primary,Tier_A_full_context,c08_exclude_weak_session_bucket,midday_lull_120_240,-0.1762380357885976,0
2026.03.11 19:20:00,2026-03-11T19:20:00Z,oos,6274,0,Tier A,tier_a_primary,Tier_A_full_context,c08_exclude_weak_session_bucket,midday_lull_120_240,-0.1762380357885976,0
2026.03.11 19:25:00,2026-03-11T19:25:00Z,oos,6275,0,Tier A,tier_a_primary,Tier_A_full_context,c08_exclude_weak_session_bucket,midday_lull_120_240,-0.1762380357885976,0
2026.03.11 19:30:00,2026-03-11T19:30:00Z,oos,6276,0,Tier A,tier_a_primary,Tier_A_full_context,c08_exclude_weak_session_bucket,midday_lull_120_240,-0.1762380357885976,0
2026.03.11 19:35:00,2026-03-11T19:35:00Z,oos,6277,0,Tier A,tier_a_primary,Tier_A_full_context,c08_exclude_weak_session_bucket,late_cash_240_330,-0.17209668943772988,0
2026.03.11 19:40:00,2026-03-11T19:40:00Z,oos,6278,0,Tier A,tier_a_primary,Tier_A_full_context,c08_exclude_weak_session_bucket,late_cash_240_330,-0.17209668943772988,0
2026.03.11 19:45:00,2026-03-11T19:45:00Z,oos,6279,0,Tier A,tier_a_primary,Tier_A_full_context,c08_exclude_weak_session_bucket,late_cash_240_330,-0.17209668943772988,0
2026.03.11 19:50:00,2026-03-11T19:50:00Z,oos,6280,0,Tier A,tier_a_primary,Tier_A_full_context,c08_exclude_weak_session_bucket,late_cash_240_330,-0.17209668943772988,0
2026.03.11 19:55:00,2026-03-11T19:55:00Z,oos,6281,0,Tier A,tier_a_primary,Tier_A_full_context,c08_exclude_weak_session_bucket,late_cash_240_330,-0.17209668943772988,0
2026.03.11 20:00:00,2026-03-11T20:00:00Z,oos,6282,0,Tier A,tier_a_primary,Tier_A_full_context,c08_exclude_weak_session_bucket,late_cash_240_330,-0.17209668943772988,0
2026.03.11 20:05:00,2026-03-11T20:05:00Z,oos,6283,0,Tier A,tier_a_primary,Tier_A_full_context,c08_exclude_weak_session_bucket,late_cash_240_330,-0.17209668943772988,0
2026.03.11 20:10:00,2026-03-11T20:10:00Z,oos,6284,0,Tier A,tier_a_primary,Tier_A_full_context,c08_exclude_weak_session_bucket,late_cash_240_330,-0.17209668943772988,0
2026.03.11 20:15:00,2026-03-11T20:15:00Z,oos,6285,0,Tier A,tier_a_primary,Tier_A_full_context,c08_exclude_weak_session_bucket,late_cash_240_330,-0.17209668943772988,0
2026.03.11 20:20:00,2026-03-11T20:20:00Z,oos,6286,0,Tier A,tier_a_primary,Tier_A_full_context,c08_exclude_weak_session_bucket,late_cash_240_330,-0.17209668943772988,0
2026.03.11 20:25:00,2026-03-11T20:25:00Z,oos,6287,0,Tier A,tier_a_primary,Tier_A_full_context,c08_exclude_weak_session_bucket,late_cash_240_330,-0.17209668943772988,0
2026.03.11 20:30:00,2026-03-11T20:30:00Z,oos,6288,0,Tier A,tier_a_primary,Tier_A_full_context,c08_exclude_weak_session_bucket,late_cash_240_330,-0.17209668943772988,0
2026.03.11 20:35:00,2026-03-11T20:35:00Z,oos,6289,0,Tier A,tier_a_primary,Tier_A_full_context,c08_exclude_weak_session_bucket,late_cash_240_330,-0.17209668943772988,0
2026.03.11 20:40:00,2026-03-11T20:40:00Z,oos,6290,0,Tier A,tier_a_primary,Tier_A_full_context,c08_exclude_weak_session_bucket,late_cash_240_330,-0.17209668943772988,0
2026.03.11 20:45:00,2026-03-11T20:45:00Z,oos,6291,0,Tier A,tier_a_primary,Tier_A_full_context,c08_exclude_weak_session_bucket,late_cash_240_330,-0.17209668943772988,0
2026.03.11 20:50:00,2026-03-11T20:50:00Z,oos,6292,0,Tier A,tier_a_primary,Tier_A_full_context,c08_exclude_weak_session_bucket,late_cash_240_330,-0.17209668943772988,0
2026.03.11 20:55:00,2026-03-11T20:55:00Z,oos,6293,0,Tier A,tier_a_primary,Tier_A_full_context,c08_exclude_weak_session_bucket,late_cash_240_330,-0.17209668943772988,0
2026.03.11 21:00:00,2026-03-11T21:00:00Z,oos,6294,0,Tier A,tier_a_primary,Tier_A_full_context,c08_exclude_weak_session_bucket,late_cash_240_330,-0.17209668943772988,0
2026.03.12 16:35:00,2026-03-12T16:35:00Z,oos,6295,1,Tier A,tier_a_primary,Tier_A_full_context,c08_exclude_weak_session_bucket,morning_60_120,-0.1698966408268734,1
2026.03.12 16:40:00,2026-03-12T16:40:00Z,oos,6296,0,Tier A,tier_a_primary,Tier_A_full_context,c08_exclude_weak_session_bucket,morning_60_120,-0.1698966408268734,0
2026.03.12 16:45:00,2026-03-12T16:45:00Z,oos,6297,-1,Tier A,tier_a_primary,Tier_A_full_context,c08_exclude_weak_session_bucket,morning_60_120,-0.1698966408268734,-1
2026.03.12 16:50:00,2026-03-12T16:50:00Z,oos,6298,-1,Tier A,tier_a_primary,Tier_A_full_context,c08_exclude_weak_session_bucket,morning_60_120,-0.1698966408268734,-1
2026.03.12 16:55:00,2026-03-12T16:55:00Z,oos,6299,-1,Tier A,tier_a_primary,Tier_A_full_context,c08_exclude_weak_session_bucket,morning_60_120,-0.1698966408268734,-1
2026.03.12 17:00:00,2026-03-12T17:00:00Z,oos,6300,0,Tier A,tier_a_primary,Tier_A_full_context,c08_exclude_weak_session_bucket,morning_60_120,-0.1698966408268734,0
2026.03.12 17:05:00,2026-03-12T17:05:00Z,oos,6301,1,Tier A,tier_a_primary,Tier_A_full_context,c08_exclude_weak_session_bucket,morning_60_120,-0.1698966408268734,1
2026.03.12 17:10:00,2026-03-12T17:10:00Z,oos,6302,0,Tier A,tier_a_primary,Tier_A_full_context,c08_exclude_weak_session_bucket,morning_60_120,-0.1698966408268734,0
2026.03.12 17:15:00,2026-03-12T17:15:00Z,oos,6303,1,Tier A,tier_a_primary,Tier_A_full_context,c08_exclude_weak_session_bucket,morning_60_120,-0.1698966408268734,1
2026.03.12 17:20:00,2026-03-12T17:20:00Z,oos,6304,-1,Tier A,tier_a_primary,Tier_A_full_context,c08_exclude_weak_session_bucket,morning_60_120,-0.1698966408268734,-1
2026.03.12 17:25:00,2026-03-12T17:25:00Z,oos,6305,0,Tier A,tier_a_primary,Tier_A_full_context,c08_exclude_weak_session_bucket,morning_60_120,-0.1698966408268734,0
2026.03.12 17:30:00,2026-03-12T17:30:00Z,oos,6306,-1,Tier A,tier_a_primary,Tier_A_full_context,c08_exclude_weak_session_bucket,morning_60_120,-0.1698966408268734,-1
2026.03.12 17:35:00,2026-03-12T17:35:00Z,oos,6307,0,Tier A,tier_a_primary,Tier_A_full_context,c08_exclude_weak_session_bucket,midday_lull_120_240,-0.1762380357885976,0
2026.03.12 17:40:00,2026-03-12T17:40:00Z,oos,6308,0,Tier A,tier_a_primary,Tier_A_full_context,c08_exclude_weak_session_bucket,midday_lull_120_240,-0.1762380357885976,0
2026.03.12 17:45:00,2026-03-12T17:45:00Z,oos,6309,0,Tier A,tier_a_primary,Tier_A_full_context,c08_exclude_weak_session_bucket,midday_lull_120_240,-0.1762380357885976,0
2026.03.12 17:50:00,2026-03-12T17:50:00Z,oos,6310,0,Tier A,tier_a_primary,Tier_A_full_context,c08_exclude_weak_session_bucket,midday_lull_120_240,-0.1762380357885976,0
2026.03.12 17:55:00,2026-03-12T17:55:00Z,oos,6311,0,Tier A,tier_a_primary,Tier_A_full_context,c08_exclude_weak_session_bucket,midday_lull_120_240,-0.1762380357885976,0
2026.03.12 18:00:00,2026-03-12T18:00:00Z,oos,6312,0,Tier A,tier_a_primary,Tier_A_full_context,c08_exclude_weak_session_bucket,midday_lull_120_240,-0.1762380357885976,0
2026.03.12 18:05:00,2026-03-12T18:05:00Z,oos,6313,0,Tier A,tier_a_primary,Tier_A_full_context,c08_exclude_weak_session_bucket,midday_lull_120_240,-0.1762380357885976,0
2026.03.12 18:10:00,2026-03-12T18:10:00Z,oos,6314,0,Tier A,tier_a_primary,Tier_A_full_context,c08_exclude_weak_session_bucket,midday_lull_120_240,-0.1762380357885976,0
2026.03.12 18:15:00,2026-03-12T18:15:00Z,oos,6315,0,Tier A,tier_a_primary,Tier_A_full_context,c08_exclude_weak_session_bucket,midday_lull_120_240,-0.1762380357885976,0
2026.03.12 18:20:00,2026-03-12T18:20:00Z,oos,6316,0,Tier A,tier_a_primary,Tier_A_full_context,c08_exclude_weak_session_bucket,midday_lull_120_240,-0.1762380357885976,0
2026.03.12 18:25:00,2026-03-12T18:25:00Z,oos,6317,0,Tier A,tier_a_primary,Tier_A_full_context,c08_exclude_weak_session_bucket,midday_lull_120_240,-0.1762380357885976,0
2026.03.12 18:30:00,2026-03-12T18:30:00Z,oos,6318,0,Tier A,tier_a_primary,Tier_A_full_context,c08_exclude_weak_session_bucket,midday_lull_120_240,-0.1762380357885976,0
2026.03.12 18:35:00,2026-03-12T18:35:00Z,oos,6319,0,Tier A,tier_a_primary,Tier_A_full_context,c08_exclude_weak_session_bucket,midday_lull_120_240,-0.1762380357885976,0
2026.03.12 18:40:00,2026-03-12T18:40:00Z,oos,6320,0,Tier A,tier_a_primary,Tier_A_full_context,c08_exclude_weak_session_bucket,midday_lull_120_240,-0.1762380357885976,0
2026.03.12 18:45:00,2026-03-12T18:45:00Z,oos,6321,0,Tier A,tier_a_primary,Tier_A_full_context,c08_exclude_weak_session_bucket,midday_lull_120_240,-0.1762380357885976,0
2026.03.12 18:50:00,2026-03-12T18:50:00Z,oos,6322,0,Tier A,tier_a_primary,Tier_A_full_context,c08_exclude_weak_session_bucket,midday_lull_120_240,-0.1762380357885976,0
2026.03.12 18:55:00,2026-03-12T18:55:00Z,oos,6323,0,Tier A,tier_a_primary,Tier_A_full_context,c08_exclude_weak_session_bucket,midday_lull_120_240,-0.1762380357885976,0
2026.03.12 19:00:00,2026-03-12T19:00:00Z,oos,6324,0,Tier A,tier_a_primary,Tier_A_full_context,c08_exclude_weak_session_bucket,midday_lull_120_240,-0.1762380357885976,0
2026.03.12 19:05:00,2026-03-12T19:05:00Z,oos,6325,0,Tier A,tier_a_primary,Tier_A_full_context,c08_exclude_weak_session_bucket,midday_lull_120_240,-0.1762380357885976,0
2026.03.12 19:10:00,2026-03-12T19:10:00Z,oos,6326,0,Tier A,tier_a_primary,Tier_A_full_context,c08_exclude_weak_session_bucket,midday_lull_120_240,-0.1762380357885976,0
2026.03.12 19:15:00,2026-03-12T19:15:00Z,oos,6327,0,Tier A,tier_a_primary,Tier_A_full_context,c08_exclude_weak_session_bucket,midday_lull_120_240,-0.1762380357885976,0
2026.03.12 19:20:00,2026-03-12T19:20:00Z,oos,6328,0,Tier A,tier_a_primary,Tier_A_full_context,c08_exclude_weak_session_bucket,midday_lull_120_240,-0.1762380357885976,0
2026.03.12 19:25:00,2026-03-12T19:25:00Z,oos,6329,0,Tier A,tier_a_primary,Tier_A_full_context,c08_exclude_weak_session_bucket,midday_lull_120_240,-0.1762380357885976,0
2026.03.12 19:30:00,2026-03-12T19:30:00Z,oos,6330,0,Tier A,tier_a_primary,Tier_A_full_context,c08_exclude_weak_session_bucket,midday_lull_120_240,-0.1762380357885976,0
2026.03.12 19:35:00,2026-03-12T19:35:00Z,oos,6331,0,Tier A,tier_a_primary,Tier_A_full_context,c08_exclude_weak_session_bucket,late_cash_240_330,-0.17209668943772988,0
2026.03.12 19:40:00,2026-03-12T19:40:00Z,oos,6332,0,Tier A,tier_a_primary,Tier_A_full_context,c08_exclude_weak_session_bucket,late_cash_240_330,-0.17209668943772988,0
2026.03.12 19:45:00,2026-03-12T19:45:00Z,oos,6333,0,Tier A,tier_a_primary,Tier_A_full_context,c08_exclude_weak_session_bucket,late_cash_240_330,-0.17209668943772988,0
2026.03.12 19:50:00,2026-03-12T19:50:00Z,oos,6334,0,Tier A,tier_a_primary,Tier_A_full_context,c08_exclude_weak_session_bucket,late_cash_240_330,-0.17209668943772988,0
2026.03.12 19:55:00,2026-03-12T19:55:00Z,oos,6335,0,Tier A,tier_a_primary,Tier_A_full_context,c08_exclude_weak_session_bucket,late_cash_240_330,-0.17209668943772988,0
2026.03.12 20:00:00,2026-03-12T20:00:00Z,oos,6336,0,Tier A,tier_a_primary,Tier_A_full_context,c08_exclude_weak_session_bucket,late_cash_240_330,-0.17209668943772988,0
2026.03.12 20:05:00,2026-03-12T20:05:00Z,oos,6337,0,Tier A,tier_a_primary,Tier_A_full_context,c08_exclude_weak_session_bucket,late_cash_240_330,-0.17209668943772988,0
2026.03.12 20:10:00,2026-03-12T20:10:00Z,oos,6338,0,Tier A,tier_a_primary,Tier_A_full_context,c08_exclude_weak_session_bucket,late_cash_240_330,-0.17209668943772988,0
2026.03.12 20:15:00,2026-03-12T20:15:00Z,oos,6339,0,Tier A,tier_a_primary,Tier_A_full_context,c08_exclude_weak_session_bucket,late_cash_240_330,-0.17209668943772988,0
2026.03.12 20:20:00,2026-03-12T20:20:00Z,oos,6340,0,Tier A,tier_a_primary,Tier_A_full_context,c08_exclude_weak_session_bucket,late_cash_240_330,-0.17209668943772988,0
2026.03.12 20:25:00,2026-03-12T20:25:00Z,oos,6341,0,Tier A,tier_a_primary,Tier_A_full_context,c08_exclude_weak_session_bucket,late_cash_240_330,-0.17209668943772988,0
2026.03.12 20:30:00,2026-03-12T20:30:00Z,oos,6342,0,Tier A,tier_a_primary,Tier_A_full_context,c08_exclude_weak_session_bucket,late_cash_240_330,-0.17209668943772988,0
2026.03.12 20:35:00,2026-03-12T20:35:00Z,oos,6343,0,Tier A,tier_a_primary,Tier_A_full_context,c08_exclude_weak_session_bucket,late_cash_240_330,-0.17209668943772988,0
2026.03.12 20:40:00,2026-03-12T20:40:00Z,oos,6344,0,Tier A,tier_a_primary,Tier_A_full_context,c08_exclude_weak_session_bucket,late_cash_240_330,-0.17209668943772988,0
2026.03.12 20:45:00,2026-03-12T20:45:00Z,oos,6345,0,Tier A,tier_a_primary,Tier_A_full_context,c08_exclude_weak_session_bucket,late_cash_240_330,-0.17209668943772988,0
2026.03.12 20:50:00,2026-03-12T20:50:00Z,oos,6346,0,Tier A,tier_a_primary,Tier_A_full_context,c08_exclude_weak_session_bucket,late_cash_240_330,-0.17209668943772988,0
2026.03.12 20:55:00,2026-03-12T20:55:00Z,oos,6347,0,Tier A,tier_a_primary,Tier_A_full_context,c08_exclude_weak_session_bucket,late_cash_240_330,-0.17209668943772988,0
2026.03.12 21:00:00,2026-03-12T21:00:00Z,oos,6348,0,Tier A,tier_a_primary,Tier_A_full_context,c08_exclude_weak_session_bucket,late_cash_240_330,-0.17209668943772988,0
2026.03.13 16:35:00,2026-03-13T16:35:00Z,oos,6349,1,Tier A,tier_a_primary,Tier_A_full_context,c08_exclude_weak_session_bucket,morning_60_120,-0.1698966408268734,1
2026.03.13 16:40:00,2026-03-13T16:40:00Z,oos,6350,1,Tier A,tier_a_primary,Tier_A_full_context,c08_exclude_weak_session_bucket,morning_60_120,-0.1698966408268734,1
2026.03.13 16:45:00,2026-03-13T16:45:00Z,oos,6351,1,Tier A,tier_a_primary,Tier_A_full_context,c08_exclude_weak_session_bucket,morning_60_120,-0.1698966408268734,1
2026.03.13 16:50:00,2026-03-13T16:50:00Z,oos,6352,0,Tier A,tier_a_primary,Tier_A_full_context,c08_exclude_weak_session_bucket,morning_60_120,-0.1698966408268734,0
2026.03.13 16:55:00,2026-03-13T16:55:00Z,oos,6353,1,Tier A,tier_a_primary,Tier_A_full_context,c08_exclude_weak_session_bucket,morning_60_120,-0.1698966408268734,1
2026.03.13 17:00:00,2026-03-13T17:00:00Z,oos,6354,-1,Tier A,tier_a_primary,Tier_A_full_context,c08_exclude_weak_session_bucket,morning_60_120,-0.1698966408268734,-1
2026.03.13 17:05:00,2026-03-13T17:05:00Z,oos,6355,0,Tier A,tier_a_primary,Tier_A_full_context,c08_exclude_weak_session_bucket,morning_60_120,-0.1698966408268734,0
2026.03.13 17:10:00,2026-03-13T17:10:00Z,oos,6356,-1,Tier A,tier_a_primary,Tier_A_full_context,c08_exclude_weak_session_bucket,morning_60_120,-0.1698966408268734,-1
2026.03.13 17:15:00,2026-03-13T17:15:00Z,oos,6357,0,Tier A,tier_a_primary,Tier_A_full_context,c08_exclude_weak_session_bucket,morning_60_120,-0.1698966408268734,0
2026.03.13 17:20:00,2026-03-13T17:20:00Z,oos,6358,0,Tier A,tier_a_primary,Tier_A_full_context,c08_exclude_weak_session_bucket,morning_60_120,-0.1698966408268734,0
2026.03.13 17:25:00,2026-03-13T17:25:00Z,oos,6359,0,Tier A,tier_a_primary,Tier_A_full_context,c08_exclude_weak_session_bucket,morning_60_120,-0.1698966408268734,0
2026.03.13 17:30:00,2026-03-13T17:30:00Z,oos,6360,0,Tier A,tier_a_primary,Tier_A_full_context,c08_exclude_weak_session_bucket,morning_60_120,-0.1698966408268734,0
2026.03.13 17:35:00,2026-03-13T17:35:00Z,oos,6361,0,Tier A,tier_a_primary,Tier_A_full_context,c08_exclude_weak_session_bucket,midday_lull_120_240,-0.1762380357885976,0
2026.03.13 17:40:00,2026-03-13T17:40:00Z,oos,6362,0,Tier A,tier_a_primary,Tier_A_full_context,c08_exclude_weak_session_bucket,midday_lull_120_240,-0.1762380357885976,0
2026.03.13 17:45:00,2026-03-13T17:45:00Z,oos,6363,0,Tier A,tier_a_primary,Tier_A_full_context,c08_exclude_weak_session_bucket,midday_lull_120_240,-0.1762380357885976,0
2026.03.13 17:50:00,2026-03-13T17:50:00Z,oos,6364,0,Tier A,tier_a_primary,Tier_A_full_context,c08_exclude_weak_session_bucket,midday_lull_120_240,-0.1762380357885976,0
2026.03.13 17:55:00,2026-03-13T17:55:00Z,oos,6365,0,Tier A,tier_a_primary,Tier_A_full_context,c08_exclude_weak_session_bucket,midday_lull_120_240,-0.1762380357885976,0
2026.03.13 18:00:00,2026-03-13T18:00:00Z,oos,6366,0,Tier A,tier_a_primary,Tier_A_full_context,c08_exclude_weak_session_bucket,midday_lull_120_240,-0.1762380357885976,0
2026.03.13 18:05:00,2026-03-13T18:05:00Z,oos,6367,0,Tier A,tier_a_primary,Tier_A_full_context,c08_exclude_weak_session_bucket,midday_lull_120_240,-0.1762380357885976,0
2026.03.13 18:10:00,2026-03-13T18:10:00Z,oos,6368,0,Tier A,tier_a_primary,Tier_A_full_context,c08_exclude_weak_session_bucket,midday_lull_120_240,-0.1762380357885976,0
2026.03.13 18:15:00,2026-03-13T18:15:00Z,oos,6369,0,Tier A,tier_a_primary,Tier_A_full_context,c08_exclude_weak_session_bucket,midday_lull_120_240,-0.1762380357885976,0
2026.03.13 18:20:00,2026-03-13T18:20:00Z,oos,6370,0,Tier A,tier_a_primary,Tier_A_full_context,c08_exclude_weak_session_bucket,midday_lull_120_240,-0.1762380357885976,0
2026.03.13 18:25:00,2026-03-13T18:25:00Z,oos,6371,0,Tier A,tier_a_primary,Tier_A_full_context,c08_exclude_weak_session_bucket,midday_lull_120_240,-0.1762380357885976,0
2026.03.13 18:30:00,2026-03-13T18:30:00Z,oos,6372,0,Tier A,tier_a_primary,Tier_A_full_context,c08_exclude_weak_session_bucket,midday_lull_120_240,-0.1762380357885976,0
2026.03.13 18:35:00,2026-03-13T18:35:00Z,oos,6373,0,Tier A,tier_a_primary,Tier_A_full_context,c08_exclude_weak_session_bucket,midday_lull_120_240,-0.1762380357885976,0
2026.03.13 18:40:00,2026-03-13T18:40:00Z,oos,6374,0,Tier A,tier_a_primary,Tier_A_full_context,c08_exclude_weak_session_bucket,midday_lull_120_240,-0.1762380357885976,0
2026.03.13 18:45:00,2026-03-13T18:45:00Z,oos,6375,0,Tier A,tier_a_primary,Tier_A_full_context,c08_exclude_weak_session_bucket,midday_lull_120_240,-0.1762380357885976,0
2026.03.13 18:50:00,2026-03-13T18:50:00Z,oos,6376,0,Tier A,tier_a_primary,Tier_A_full_context,c08_exclude_weak_session_bucket,midday_lull_120_240,-0.1762380357885976,0
2026.03.13 18:55:00,2026-03-13T18:55:00Z,oos,6377,0,Tier A,tier_a_primary,Tier_A_full_context,c08_exclude_weak_session_bucket,midday_lull_120_240,-0.1762380357885976,0
2026.03.13 19:00:00,2026-03-13T19:00:00Z,oos,6378,0,Tier A,tier_a_primary,Tier_A_full_context,c08_exclude_weak_session_bucket,midday_lull_120_240,-0.1762380357885976,0
2026.03.13 19:05:00,2026-03-13T19:05:00Z,oos,6379,0,Tier A,tier_a_primary,Tier_A_full_context,c08_exclude_weak_session_bucket,midday_lull_120_240,-0.1762380357885976,0
2026.03.13 19:10:00,2026-03-13T19:10:00Z,oos,6380,0,Tier A,tier_a_primary,Tier_A_full_context,c08_exclude_weak_session_bucket,midday_lull_120_240,-0.1762380357885976,0
2026.03.13 19:15:00,2026-03-13T19:15:00Z,oos,6381,0,Tier A,tier_a_primary,Tier_A_full_context,c08_exclude_weak_session_bucket,midday_lull_120_240,-0.1762380357885976,0
2026.03.13 19:20:00,2026-03-13T19:20:00Z,oos,6382,0,Tier A,tier_a_primary,Tier_A_full_context,c08_exclude_weak_session_bucket,midday_lull_120_240,-0.1762380357885976,0
2026.03.13 19:25:00,2026-03-13T19:25:00Z,oos,6383,0,Tier A,tier_a_primary,Tier_A_full_context,c08_exclude_weak_session_bucket,midday_lull_120_240,-0.1762380357885976,0
2026.03.13 19:30:00,2026-03-13T19:30:00Z,oos,6384,0,Tier A,tier_a_primary,Tier_A_full_context,c08_exclude_weak_session_bucket,midday_lull_120_240,-0.1762380357885976,0
2026.03.13 19:35:00,2026-03-13T19:35:00Z,oos,6385,0,Tier A,tier_a_primary,Tier_A_full_context,c08_exclude_weak_session_bucket,late_cash_240_330,-0.17209668943772988,0
2026.03.13 19:40:00,2026-03-13T19:40:00Z,oos,6386,0,Tier A,tier_a_primary,Tier_A_full_context,c08_exclude_weak_session_bucket,late_cash_240_330,-0.17209668943772988,0
2026.03.13 19:45:00,2026-03-13T19:45:00Z,oos,6387,-1,Tier A,tier_a_primary,Tier_A_full_context,c08_exclude_weak_session_bucket,late_cash_240_330,-0.17209668943772988,-1
2026.03.13 19:50:00,2026-03-13T19:50:00Z,oos,6388,0,Tier A,tier_a_primary,Tier_A_full_context,c08_exclude_weak_session_bucket,late_cash_240_330,-0.17209668943772988,0
2026.03.13 19:55:00,2026-03-13T19:55:00Z,oos,6389,1,Tier A,tier_a_primary,Tier_A_full_context,c08_exclude_weak_session_bucket,late_cash_240_330,-0.17209668943772988,1
2026.03.13 20:00:00,2026-03-13T20:00:00Z,oos,6390,-1,Tier A,tier_a_primary,Tier_A_full_context,c08_exclude_weak_session_bucket,late_cash_240_330,-0.17209668943772988,-1
2026.03.13 20:05:00,2026-03-13T20:05:00Z,oos,6391,0,Tier A,tier_a_primary,Tier_A_full_context,c08_exclude_weak_session_bucket,late_cash_240_330,-0.17209668943772988,0
2026.03.13 20:10:00,2026-03-13T20:10:00Z,oos,6392,1,Tier A,tier_a_primary,Tier_A_full_context,c08_exclude_weak_session_bucket,late_cash_240_330,-0.17209668943772988,1
2026.03.13 20:15:00,2026-03-13T20:15:00Z,oos,6393,0,Tier A,tier_a_primary,Tier_A_full_context,c08_exclude_weak_session_bucket,late_cash_240_330,-0.17209668943772988,0
2026.03.13 20:20:00,2026-03-13T20:20:00Z,oos,6394,0,Tier A,tier_a_primary,Tier_A_full_context,c08_exclude_weak_session_bucket,late_cash_240_330,-0.17209668943772988,0
2026.03.13 20:25:00,2026-03-13T20:25:00Z,oos,6395,0,Tier A,tier_a_primary,Tier_A_full_context,c08_exclude_weak_session_bucket,late_cash_240_330,-0.17209668943772988,0
2026.03.13 20:30:00,2026-03-13T20:30:00Z,oos,6396,0,Tier A,tier_a_primary,Tier_A_full_context,c08_exclude_weak_session_bucket,late_cash_240_330,-0.17209668943772988,0
2026.03.13 20:35:00,2026-03-13T20:35:00Z,oos,6397,0,Tier A,tier_a_primary,Tier_A_full_context,c08_exclude_weak_session_bucket,late_cash_240_330,-0.17209668943772988,0
2026.03.13 20:40:00,2026-03-13T20:40:00Z,oos,6398,0,Tier A,tier_a_primary,Tier_A_full_context,c08_exclude_weak_session_bucket,late_cash_240_330,-0.17209668943772988,0
2026.03.13 20:45:00,2026-03-13T20:45:00Z,oos,6399,0,Tier A,tier_a_primary,Tier_A_full_context,c08_exclude_weak_session_bucket,late_cash_240_330,-0.17209668943772988,0
2026.03.13 20:50:00,2026-03-13T20:50:00Z,oos,6400,0,Tier A,tier_a_primary,Tier_A_full_context,c08_exclude_weak_session_bucket,late_cash_240_330,-0.17209668943772988,0
2026.03.13 20:55:00,2026-03-13T20:55:00Z,oos,6401,0,Tier A,tier_a_primary,Tier_A_full_context,c08_exclude_weak_session_bucket,late_cash_240_330,-0.17209668943772988,0
2026.03.13 21:00:00,2026-03-13T21:00:00Z,oos,6402,0,Tier A,tier_a_primary,Tier_A_full_context,c08_exclude_weak_session_bucket,late_cash_240_330,-0.17209668943772988,0
2026.03.16 16:35:00,2026-03-16T16:35:00Z,oos,6403,1,Tier A,tier_a_primary,Tier_A_full_context,c08_exclude_weak_session_bucket,morning_60_120,-0.1698966408268734,1
2026.03.16 16:40:00,2026-03-16T16:40:00Z,oos,6404,-1,Tier A,tier_a_primary,Tier_A_full_context,c08_exclude_weak_session_bucket,morning_60_120,-0.1698966408268734,-1
2026.03.16 16:45:00,2026-03-16T16:45:00Z,oos,6405,-1,Tier A,tier_a_primary,Tier_A_full_context,c08_exclude_weak_session_bucket,morning_60_120,-0.1698966408268734,-1
2026.03.16 16:50:00,2026-03-16T16:50:00Z,oos,6406,1,Tier A,tier_a_primary,Tier_A_full_context,c08_exclude_weak_session_bucket,morning_60_120,-0.1698966408268734,1
2026.03.16 16:55:00,2026-03-16T16:55:00Z,oos,6407,-1,Tier A,tier_a_primary,Tier_A_full_context,c08_exclude_weak_session_bucket,morning_60_120,-0.1698966408268734,-1
2026.03.16 17:00:00,2026-03-16T17:00:00Z,oos,6408,1,Tier A,tier_a_primary,Tier_A_full_context,c08_exclude_weak_session_bucket,morning_60_120,-0.1698966408268734,1
2026.03.16 17:05:00,2026-03-16T17:05:00Z,oos,6409,-1,Tier A,tier_a_primary,Tier_A_full_context,c08_exclude_weak_session_bucket,morning_60_120,-0.1698966408268734,-1
2026.03.16 17:10:00,2026-03-16T17:10:00Z,oos,6410,1,Tier A,tier_a_primary,Tier_A_full_context,c08_exclude_weak_session_bucket,morning_60_120,-0.1698966408268734,1
2026.03.16 17:15:00,2026-03-16T17:15:00Z,oos,6411,0,Tier A,tier_a_primary,Tier_A_full_context,c08_exclude_weak_session_bucket,morning_60_120,-0.1698966408268734,0
2026.03.16 17:20:00,2026-03-16T17:20:00Z,oos,6412,0,Tier A,tier_a_primary,Tier_A_full_context,c08_exclude_weak_session_bucket,morning_60_120,-0.1698966408268734,0
2026.03.16 17:25:00,2026-03-16T17:25:00Z,oos,6413,0,Tier A,tier_a_primary,Tier_A_full_context,c08_exclude_weak_session_bucket,morning_60_120,-0.1698966408268734,0
2026.03.16 17:30:00,2026-03-16T17:30:00Z,oos,6414,-1,Tier A,tier_a_primary,Tier_A_full_context,c08_exclude_weak_session_bucket,morning_60_120,-0.1698966408268734,-1
2026.03.16 17:35:00,2026-03-16T17:35:00Z,oos,6415,0,Tier A,tier_a_primary,Tier_A_full_context,c08_exclude_weak_session_bucket,midday_lull_120_240,-0.1762380357885976,0
2026.03.16 17:40:00,2026-03-16T17:40:00Z,oos,6416,0,Tier A,tier_a_primary,Tier_A_full_context,c08_exclude_weak_session_bucket,midday_lull_120_240,-0.1762380357885976,0
2026.03.16 17:45:00,2026-03-16T17:45:00Z,oos,6417,0,Tier A,tier_a_primary,Tier_A_full_context,c08_exclude_weak_session_bucket,midday_lull_120_240,-0.1762380357885976,0
2026.03.16 17:50:00,2026-03-16T17:50:00Z,oos,6418,0,Tier A,tier_a_primary,Tier_A_full_context,c08_exclude_weak_session_bucket,midday_lull_120_240,-0.1762380357885976,0
2026.03.16 17:55:00,2026-03-16T17:55:00Z,oos,6419,0,Tier A,tier_a_primary,Tier_A_full_context,c08_exclude_weak_session_bucket,midday_lull_120_240,-0.1762380357885976,0
2026.03.16 18:00:00,2026-03-16T18:00:00Z,oos,6420,0,Tier A,tier_a_primary,Tier_A_full_context,c08_exclude_weak_session_bucket,midday_lull_120_240,-0.1762380357885976,0
2026.03.16 18:05:00,2026-03-16T18:05:00Z,oos,6421,0,Tier A,tier_a_primary,Tier_A_full_context,c08_exclude_weak_session_bucket,midday_lull_120_240,-0.1762380357885976,0
2026.03.16 18:10:00,2026-03-16T18:10:00Z,oos,6422,0,Tier A,tier_a_primary,Tier_A_full_context,c08_exclude_weak_session_bucket,midday_lull_120_240,-0.1762380357885976,0
2026.03.16 18:15:00,2026-03-16T18:15:00Z,oos,6423,0,Tier A,tier_a_primary,Tier_A_full_context,c08_exclude_weak_session_bucket,midday_lull_120_240,-0.1762380357885976,0
2026.03.16 18:20:00,2026-03-16T18:20:00Z,oos,6424,0,Tier A,tier_a_primary,Tier_A_full_context,c08_exclude_weak_session_bucket,midday_lull_120_240,-0.1762380357885976,0
2026.03.16 18:25:00,2026-03-16T18:25:00Z,oos,6425,0,Tier A,tier_a_primary,Tier_A_full_context,c08_exclude_weak_session_bucket,midday_lull_120_240,-0.1762380357885976,0
2026.03.16 18:30:00,2026-03-16T18:30:00Z,oos,6426,0,Tier A,tier_a_primary,Tier_A_full_context,c08_exclude_weak_session_bucket,midday_lull_120_240,-0.1762380357885976,0
2026.03.16 18:35:00,2026-03-16T18:35:00Z,oos,6427,0,Tier A,tier_a_primary,Tier_A_full_context,c08_exclude_weak_session_bucket,midday_lull_120_240,-0.1762380357885976,0
2026.03.16 18:40:00,2026-03-16T18:40:00Z,oos,6428,0,Tier A,tier_a_primary,Tier_A_full_context,c08_exclude_weak_session_bucket,midday_lull_120_240,-0.1762380357885976,0
2026.03.16 18:45:00,2026-03-16T18:45:00Z,oos,6429,0,Tier A,tier_a_primary,Tier_A_full_context,c08_exclude_weak_session_bucket,midday_lull_120_240,-0.1762380357885976,0
2026.03.16 18:50:00,2026-03-16T18:50:00Z,oos,6430,0,Tier A,tier_a_primary,Tier_A_full_context,c08_exclude_weak_session_bucket,midday_lull_120_240,-0.1762380357885976,0
2026.03.16 18:55:00,2026-03-16T18:55:00Z,oos,6431,0,Tier A,tier_a_primary,Tier_A_full_context,c08_exclude_weak_session_bucket,midday_lull_120_240,-0.1762380357885976,0
2026.03.16 19:00:00,2026-03-16T19:00:00Z,oos,6432,0,Tier A,tier_a_primary,Tier_A_full_context,c08_exclude_weak_session_bucket,midday_lull_120_240,-0.1762380357885976,0
2026.03.16 19:05:00,2026-03-16T19:05:00Z,oos,6433,0,Tier A,tier_a_primary,Tier_A_full_context,c08_exclude_weak_session_bucket,midday_lull_120_240,-0.1762380357885976,0
2026.03.16 19:10:00,2026-03-16T19:10:00Z,oos,6434,0,Tier A,tier_a_primary,Tier_A_full_context,c08_exclude_weak_session_bucket,midday_lull_120_240,-0.1762380357885976,0
2026.03.16 19:15:00,2026-03-16T19:15:00Z,oos,6435,0,Tier A,tier_a_primary,Tier_A_full_context,c08_exclude_weak_session_bucket,midday_lull_120_240,-0.1762380357885976,0
2026.03.16 19:20:00,2026-03-16T19:20:00Z,oos,6436,0,Tier A,tier_a_primary,Tier_A_full_context,c08_exclude_weak_session_bucket,midday_lull_120_240,-0.1762380357885976,0
2026.03.16 19:25:00,2026-03-16T19:25:00Z,oos,6437,0,Tier A,tier_a_primary,Tier_A_full_context,c08_exclude_weak_session_bucket,midday_lull_120_240,-0.1762380357885976,0
2026.03.16 19:30:00,2026-03-16T19:30:00Z,oos,6438,0,Tier A,tier_a_primary,Tier_A_full_context,c08_exclude_weak_session_bucket,midday_lull_120_240,-0.1762380357885976,0
2026.03.16 19:35:00,2026-03-16T19:35:00Z,oos,6439,0,Tier A,tier_a_primary,Tier_A_full_context,c08_exclude_weak_session_bucket,late_cash_240_330,-0.17209668943772988,0
2026.03.16 19:40:00,2026-03-16T19:40:00Z,oos,6440,0,Tier A,tier_a_primary,Tier_A_full_context,c08_exclude_weak_session_bucket,late_cash_240_330,-0.17209668943772988,0
2026.03.16 19:45:00,2026-03-16T19:45:00Z,oos,6441,0,Tier A,tier_a_primary,Tier_A_full_context,c08_exclude_weak_session_bucket,late_cash_240_330,-0.17209668943772988,0
2026.03.16 19:50:00,2026-03-16T19:50:00Z,oos,6442,0,Tier A,tier_a_primary,Tier_A_full_context,c08_exclude_weak_session_bucket,late_cash_240_330,-0.17209668943772988,0
2026.03.16 19:55:00,2026-03-16T19:55:00Z,oos,6443,0,Tier A,tier_a_primary,Tier_A_full_context,c08_exclude_weak_session_bucket,late_cash_240_330,-0.17209668943772988,0
2026.03.16 20:00:00,2026-03-16T20:00:00Z,oos,6444,0,Tier A,tier_a_primary,Tier_A_full_context,c08_exclude_weak_session_bucket,late_cash_240_330,-0.17209668943772988,0
2026.03.16 20:05:00,2026-03-16T20:05:00Z,oos,6445,0,Tier A,tier_a_primary,Tier_A_full_context,c08_exclude_weak_session_bucket,late_cash_240_330,-0.17209668943772988,0
2026.03.16 20:15:00,2026-03-16T20:15:00Z,oos,6446,0,Tier A,tier_a_primary,Tier_A_full_context,c08_exclude_weak_session_bucket,late_cash_240_330,-0.17209668943772988,0
2026.03.16 20:20:00,2026-03-16T20:20:00Z,oos,6447,0,Tier A,tier_a_primary,Tier_A_full_context,c08_exclude_weak_session_bucket,late_cash_240_330,-0.17209668943772988,0
2026.03.16 20:25:00,2026-03-16T20:25:00Z,oos,6448,0,Tier A,tier_a_primary,Tier_A_full_context,c08_exclude_weak_session_bucket,late_cash_240_330,-0.17209668943772988,0
2026.03.16 20:30:00,2026-03-16T20:30:00Z,oos,6449,0,Tier A,tier_a_primary,Tier_A_full_context,c08_exclude_weak_session_bucket,late_cash_240_330,-0.17209668943772988,0
2026.03.16 20:35:00,2026-03-16T20:35:00Z,oos,6450,0,Tier A,tier_a_primary,Tier_A_full_context,c08_exclude_weak_session_bucket,late_cash_240_330,-0.17209668943772988,0
2026.03.16 20:40:00,2026-03-16T20:40:00Z,oos,6451,0,Tier A,tier_a_primary,Tier_A_full_context,c08_exclude_weak_session_bucket,late_cash_240_330,-0.17209668943772988,0
2026.03.16 20:45:00,2026-03-16T20:45:00Z,oos,6452,0,Tier A,tier_a_primary,Tier_A_full_context,c08_exclude_weak_session_bucket,late_cash_240_330,-0.17209668943772988,0
2026.03.16 20:50:00,2026-03-16T20:50:00Z,oos,6453,0,Tier A,tier_a_primary,Tier_A_full_context,c08_exclude_weak_session_bucket,late_cash_240_330,-0.17209668943772988,0
2026.03.16 20:55:00,2026-03-16T20:55:00Z,oos,6454,0,Tier A,tier_a_primary,Tier_A_full_context,c08_exclude_weak_session_bucket,late_cash_240_330,-0.17209668943772988,0
2026.03.16 21:00:00,2026-03-16T21:00:00Z,oos,6455,0,Tier A,tier_a_primary,Tier_A_full_context,c08_exclude_weak_session_bucket,late_cash_240_330,-0.17209668943772988,0
2026.03.17 16:35:00,2026-03-17T16:35:00Z,oos,6456,1,Tier A,tier_a_primary,Tier_A_full_context,c08_exclude_weak_session_bucket,morning_60_120,-0.1698966408268734,1
2026.03.17 16:40:00,2026-03-17T16:40:00Z,oos,6457,0,Tier A,tier_a_primary,Tier_A_full_context,c08_exclude_weak_session_bucket,morning_60_120,-0.1698966408268734,0
2026.03.17 16:45:00,2026-03-17T16:45:00Z,oos,6458,-1,Tier A,tier_a_primary,Tier_A_full_context,c08_exclude_weak_session_bucket,morning_60_120,-0.1698966408268734,-1
2026.03.17 16:50:00,2026-03-17T16:50:00Z,oos,6459,1,Tier A,tier_a_primary,Tier_A_full_context,c08_exclude_weak_session_bucket,morning_60_120,-0.1698966408268734,1
2026.03.17 16:55:00,2026-03-17T16:55:00Z,oos,6460,-1,Tier A,tier_a_primary,Tier_A_full_context,c08_exclude_weak_session_bucket,morning_60_120,-0.1698966408268734,-1
2026.03.17 17:00:00,2026-03-17T17:00:00Z,oos,6461,-1,Tier A,tier_a_primary,Tier_A_full_context,c08_exclude_weak_session_bucket,morning_60_120,-0.1698966408268734,-1
2026.03.17 17:05:00,2026-03-17T17:05:00Z,oos,6462,-1,Tier A,tier_a_primary,Tier_A_full_context,c08_exclude_weak_session_bucket,morning_60_120,-0.1698966408268734,-1
2026.03.17 17:10:00,2026-03-17T17:10:00Z,oos,6463,0,Tier A,tier_a_primary,Tier_A_full_context,c08_exclude_weak_session_bucket,morning_60_120,-0.1698966408268734,0
2026.03.17 17:15:00,2026-03-17T17:15:00Z,oos,6464,-1,Tier A,tier_a_primary,Tier_A_full_context,c08_exclude_weak_session_bucket,morning_60_120,-0.1698966408268734,-1
2026.03.17 17:20:00,2026-03-17T17:20:00Z,oos,6465,1,Tier A,tier_a_primary,Tier_A_full_context,c08_exclude_weak_session_bucket,morning_60_120,-0.1698966408268734,1
2026.03.17 17:25:00,2026-03-17T17:25:00Z,oos,6466,0,Tier A,tier_a_primary,Tier_A_full_context,c08_exclude_weak_session_bucket,morning_60_120,-0.1698966408268734,0
2026.03.17 17:30:00,2026-03-17T17:30:00Z,oos,6467,0,Tier A,tier_a_primary,Tier_A_full_context,c08_exclude_weak_session_bucket,morning_60_120,-0.1698966408268734,0
2026.03.17 17:35:00,2026-03-17T17:35:00Z,oos,6468,0,Tier A,tier_a_primary,Tier_A_full_context,c08_exclude_weak_session_bucket,midday_lull_120_240,-0.1762380357885976,0
2026.03.17 17:40:00,2026-03-17T17:40:00Z,oos,6469,0,Tier A,tier_a_primary,Tier_A_full_context,c08_exclude_weak_session_bucket,midday_lull_120_240,-0.1762380357885976,0
2026.03.17 17:45:00,2026-03-17T17:45:00Z,oos,6470,0,Tier A,tier_a_primary,Tier_A_full_context,c08_exclude_weak_session_bucket,midday_lull_120_240,-0.1762380357885976,0
2026.03.17 17:50:00,2026-03-17T17:50:00Z,oos,6471,0,Tier A,tier_a_primary,Tier_A_full_context,c08_exclude_weak_session_bucket,midday_lull_120_240,-0.1762380357885976,0
2026.03.17 17:55:00,2026-03-17T17:55:00Z,oos,6472,0,Tier A,tier_a_primary,Tier_A_full_context,c08_exclude_weak_session_bucket,midday_lull_120_240,-0.1762380357885976,0
2026.03.17 18:00:00,2026-03-17T18:00:00Z,oos,6473,0,Tier A,tier_a_primary,Tier_A_full_context,c08_exclude_weak_session_bucket,midday_lull_120_240,-0.1762380357885976,0
2026.03.17 18:05:00,2026-03-17T18:05:00Z,oos,6474,0,Tier A,tier_a_primary,Tier_A_full_context,c08_exclude_weak_session_bucket,midday_lull_120_240,-0.1762380357885976,0
2026.03.17 18:10:00,2026-03-17T18:10:00Z,oos,6475,0,Tier A,tier_a_primary,Tier_A_full_context,c08_exclude_weak_session_bucket,midday_lull_120_240,-0.1762380357885976,0
2026.03.17 18:15:00,2026-03-17T18:15:00Z,oos,6476,0,Tier A,tier_a_primary,Tier_A_full_context,c08_exclude_weak_session_bucket,midday_lull_120_240,-0.1762380357885976,0
2026.03.17 18:20:00,2026-03-17T18:20:00Z,oos,6477,0,Tier A,tier_a_primary,Tier_A_full_context,c08_exclude_weak_session_bucket,midday_lull_120_240,-0.1762380357885976,0
2026.03.17 18:25:00,2026-03-17T18:25:00Z,oos,6478,0,Tier A,tier_a_primary,Tier_A_full_context,c08_exclude_weak_session_bucket,midday_lull_120_240,-0.1762380357885976,0
2026.03.17 18:30:00,2026-03-17T18:30:00Z,oos,6479,0,Tier A,tier_a_primary,Tier_A_full_context,c08_exclude_weak_session_bucket,midday_lull_120_240,-0.1762380357885976,0
2026.03.17 18:35:00,2026-03-17T18:35:00Z,oos,6480,0,Tier A,tier_a_primary,Tier_A_full_context,c08_exclude_weak_session_bucket,midday_lull_120_240,-0.1762380357885976,0
2026.03.17 18:40:00,2026-03-17T18:40:00Z,oos,6481,0,Tier A,tier_a_primary,Tier_A_full_context,c08_exclude_weak_session_bucket,midday_lull_120_240,-0.1762380357885976,0
2026.03.17 18:45:00,2026-03-17T18:45:00Z,oos,6482,0,Tier A,tier_a_primary,Tier_A_full_context,c08_exclude_weak_session_bucket,midday_lull_120_240,-0.1762380357885976,0
2026.03.17 18:50:00,2026-03-17T18:50:00Z,oos,6483,0,Tier A,tier_a_primary,Tier_A_full_context,c08_exclude_weak_session_bucket,midday_lull_120_240,-0.1762380357885976,0
2026.03.17 18:55:00,2026-03-17T18:55:00Z,oos,6484,0,Tier A,tier_a_primary,Tier_A_full_context,c08_exclude_weak_session_bucket,midday_lull_120_240,-0.1762380357885976,0
2026.03.17 19:00:00,2026-03-17T19:00:00Z,oos,6485,0,Tier A,tier_a_primary,Tier_A_full_context,c08_exclude_weak_session_bucket,midday_lull_120_240,-0.1762380357885976,0
2026.03.17 19:05:00,2026-03-17T19:05:00Z,oos,6486,0,Tier A,tier_a_primary,Tier_A_full_context,c08_exclude_weak_session_bucket,midday_lull_120_240,-0.1762380357885976,0
2026.03.17 19:10:00,2026-03-17T19:10:00Z,oos,6487,0,Tier A,tier_a_primary,Tier_A_full_context,c08_exclude_weak_session_bucket,midday_lull_120_240,-0.1762380357885976,0
2026.03.17 19:15:00,2026-03-17T19:15:00Z,oos,6488,0,Tier A,tier_a_primary,Tier_A_full_context,c08_exclude_weak_session_bucket,midday_lull_120_240,-0.1762380357885976,0
2026.03.17 19:20:00,2026-03-17T19:20:00Z,oos,6489,0,Tier A,tier_a_primary,Tier_A_full_context,c08_exclude_weak_session_bucket,midday_lull_120_240,-0.1762380357885976,0
2026.03.17 19:25:00,2026-03-17T19:25:00Z,oos,6490,0,Tier A,tier_a_primary,Tier_A_full_context,c08_exclude_weak_session_bucket,midday_lull_120_240,-0.1762380357885976,0
2026.03.17 19:30:00,2026-03-17T19:30:00Z,oos,6491,0,Tier A,tier_a_primary,Tier_A_full_context,c08_exclude_weak_session_bucket,midday_lull_120_240,-0.1762380357885976,0
2026.03.17 19:35:00,2026-03-17T19:35:00Z,oos,6492,0,Tier A,tier_a_primary,Tier_A_full_context,c08_exclude_weak_session_bucket,late_cash_240_330,-0.17209668943772988,0
2026.03.17 19:40:00,2026-03-17T19:40:00Z,oos,6493,0,Tier A,tier_a_primary,Tier_A_full_context,c08_exclude_weak_session_bucket,late_cash_240_330,-0.17209668943772988,0
2026.03.17 19:45:00,2026-03-17T19:45:00Z,oos,6494,1,Tier A,tier_a_primary,Tier_A_full_context,c08_exclude_weak_session_bucket,late_cash_240_330,-0.17209668943772988,1
2026.03.17 19:50:00,2026-03-17T19:50:00Z,oos,6495,0,Tier A,tier_a_primary,Tier_A_full_context,c08_exclude_weak_session_bucket,late_cash_240_330,-0.17209668943772988,0
2026.03.17 19:55:00,2026-03-17T19:55:00Z,oos,6496,0,Tier A,tier_a_primary,Tier_A_full_context,c08_exclude_weak_session_bucket,late_cash_240_330,-0.17209668943772988,0
2026.03.17 20:00:00,2026-03-17T20:00:00Z,oos,6497,0,Tier A,tier_a_primary,Tier_A_full_context,c08_exclude_weak_session_bucket,late_cash_240_330,-0.17209668943772988,0
2026.03.17 20:05:00,2026-03-17T20:05:00Z,oos,6498,1,Tier A,tier_a_primary,Tier_A_full_context,c08_exclude_weak_session_bucket,late_cash_240_330,-0.17209668943772988,1
2026.03.17 20:10:00,2026-03-17T20:10:00Z,oos,6499,0,Tier A,tier_a_primary,Tier_A_full_context,c08_exclude_weak_session_bucket,late_cash_240_330,-0.17209668943772988,0
2026.03.17 20:15:00,2026-03-17T20:15:00Z,oos,6500,0,Tier A,tier_a_primary,Tier_A_full_context,c08_exclude_weak_session_bucket,late_cash_240_330,-0.17209668943772988,0
2026.03.17 20:20:00,2026-03-17T20:20:00Z,oos,6501,0,Tier A,tier_a_primary,Tier_A_full_context,c08_exclude_weak_session_bucket,late_cash_240_330,-0.17209668943772988,0
2026.03.17 20:25:00,2026-03-17T20:25:00Z,oos,6502,0,Tier A,tier_a_primary,Tier_A_full_context,c08_exclude_weak_session_bucket,late_cash_240_330,-0.17209668943772988,0
2026.03.17 20:30:00,2026-03-17T20:30:00Z,oos,6503,0,Tier A,tier_a_primary,Tier_A_full_context,c08_exclude_weak_session_bucket,late_cash_240_330,-0.17209668943772988,0
2026.03.17 20:35:00,2026-03-17T20:35:00Z,oos,6504,0,Tier A,tier_a_primary,Tier_A_full_context,c08_exclude_weak_session_bucket,late_cash_240_330,-0.17209668943772988,0
2026.03.17 20:40:00,2026-03-17T20:40:00Z,oos,6505,0,Tier A,tier_a_primary,Tier_A_full_context,c08_exclude_weak_session_bucket,late_cash_240_330,-0.17209668943772988,0
2026.03.17 20:45:00,2026-03-17T20:45:00Z,oos,6506,0,Tier A,tier_a_primary,Tier_A_full_context,c08_exclude_weak_session_bucket,late_cash_240_330,-0.17209668943772988,0
2026.03.17 20:50:00,2026-03-17T20:50:00Z,oos,6507,0,Tier A,tier_a_primary,Tier_A_full_context,c08_exclude_weak_session_bucket,late_cash_240_330,-0.17209668943772988,0
2026.03.18 16:35:00,2026-03-18T16:35:00Z,oos,6508,1,Tier A,tier_a_primary,Tier_A_full_context,c08_exclude_weak_session_bucket,morning_60_120,-0.1698966408268734,1
2026.03.18 16:40:00,2026-03-18T16:40:00Z,oos,6509,1,Tier A,tier_a_primary,Tier_A_full_context,c08_exclude_weak_session_bucket,morning_60_120,-0.1698966408268734,1
2026.03.18 16:45:00,2026-03-18T16:45:00Z,oos,6510,0,Tier A,tier_a_primary,Tier_A_full_context,c08_exclude_weak_session_bucket,morning_60_120,-0.1698966408268734,0
2026.03.18 16:50:00,2026-03-18T16:50:00Z,oos,6511,0,Tier A,tier_a_primary,Tier_A_full_context,c08_exclude_weak_session_bucket,morning_60_120,-0.1698966408268734,0
2026.03.18 16:55:00,2026-03-18T16:55:00Z,oos,6512,-1,Tier A,tier_a_primary,Tier_A_full_context,c08_exclude_weak_session_bucket,morning_60_120,-0.1698966408268734,-1
2026.03.18 17:00:00,2026-03-18T17:00:00Z,oos,6513,1,Tier A,tier_a_primary,Tier_A_full_context,c08_exclude_weak_session_bucket,morning_60_120,-0.1698966408268734,1
2026.03.18 17:05:00,2026-03-18T17:05:00Z,oos,6514,-1,Tier A,tier_a_primary,Tier_A_full_context,c08_exclude_weak_session_bucket,morning_60_120,-0.1698966408268734,-1
2026.03.18 17:10:00,2026-03-18T17:10:00Z,oos,6515,1,Tier A,tier_a_primary,Tier_A_full_context,c08_exclude_weak_session_bucket,morning_60_120,-0.1698966408268734,1
2026.03.18 17:15:00,2026-03-18T17:15:00Z,oos,6516,-1,Tier A,tier_a_primary,Tier_A_full_context,c08_exclude_weak_session_bucket,morning_60_120,-0.1698966408268734,-1
2026.03.18 17:20:00,2026-03-18T17:20:00Z,oos,6517,0,Tier A,tier_a_primary,Tier_A_full_context,c08_exclude_weak_session_bucket,morning_60_120,-0.1698966408268734,0
2026.03.18 17:25:00,2026-03-18T17:25:00Z,oos,6518,0,Tier A,tier_a_primary,Tier_A_full_context,c08_exclude_weak_session_bucket,morning_60_120,-0.1698966408268734,0
2026.03.18 17:30:00,2026-03-18T17:30:00Z,oos,6519,-1,Tier A,tier_a_primary,Tier_A_full_context,c08_exclude_weak_session_bucket,morning_60_120,-0.1698966408268734,-1
2026.03.18 17:35:00,2026-03-18T17:35:00Z,oos,6520,0,Tier A,tier_a_primary,Tier_A_full_context,c08_exclude_weak_session_bucket,midday_lull_120_240,-0.1762380357885976,0
2026.03.18 17:40:00,2026-03-18T17:40:00Z,oos,6521,0,Tier A,tier_a_primary,Tier_A_full_context,c08_exclude_weak_session_bucket,midday_lull_120_240,-0.1762380357885976,0
2026.03.18 17:45:00,2026-03-18T17:45:00Z,oos,6522,0,Tier A,tier_a_primary,Tier_A_full_context,c08_exclude_weak_session_bucket,midday_lull_120_240,-0.1762380357885976,0
2026.03.18 17:50:00,2026-03-18T17:50:00Z,oos,6523,0,Tier A,tier_a_primary,Tier_A_full_context,c08_exclude_weak_session_bucket,midday_lull_120_240,-0.1762380357885976,0
2026.03.18 17:55:00,2026-03-18T17:55:00Z,oos,6524,0,Tier A,tier_a_primary,Tier_A_full_context,c08_exclude_weak_session_bucket,midday_lull_120_240,-0.1762380357885976,0
2026.03.18 18:00:00,2026-03-18T18:00:00Z,oos,6525,0,Tier A,tier_a_primary,Tier_A_full_context,c08_exclude_weak_session_bucket,midday_lull_120_240,-0.1762380357885976,0
2026.03.18 18:05:00,2026-03-18T18:05:00Z,oos,6526,0,Tier A,tier_a_primary,Tier_A_full_context,c08_exclude_weak_session_bucket,midday_lull_120_240,-0.1762380357885976,0
2026.03.18 18:10:00,2026-03-18T18:10:00Z,oos,6527,0,Tier A,tier_a_primary,Tier_A_full_context,c08_exclude_weak_session_bucket,midday_lull_120_240,-0.1762380357885976,0
2026.03.18 18:15:00,2026-03-18T18:15:00Z,oos,6528,0,Tier A,tier_a_primary,Tier_A_full_context,c08_exclude_weak_session_bucket,midday_lull_120_240,-0.1762380357885976,0
2026.03.18 18:20:00,2026-03-18T18:20:00Z,oos,6529,0,Tier A,tier_a_primary,Tier_A_full_context,c08_exclude_weak_session_bucket,midday_lull_120_240,-0.1762380357885976,0
2026.03.18 18:25:00,2026-03-18T18:25:00Z,oos,6530,0,Tier A,tier_a_primary,Tier_A_full_context,c08_exclude_weak_session_bucket,midday_lull_120_240,-0.1762380357885976,0
2026.03.18 18:30:00,2026-03-18T18:30:00Z,oos,6531,0,Tier A,tier_a_primary,Tier_A_full_context,c08_exclude_weak_session_bucket,midday_lull_120_240,-0.1762380357885976,0
2026.03.18 18:35:00,2026-03-18T18:35:00Z,oos,6532,0,Tier A,tier_a_primary,Tier_A_full_context,c08_exclude_weak_session_bucket,midday_lull_120_240,-0.1762380357885976,0
2026.03.18 18:40:00,2026-03-18T18:40:00Z,oos,6533,0,Tier A,tier_a_primary,Tier_A_full_context,c08_exclude_weak_session_bucket,midday_lull_120_240,-0.1762380357885976,0
2026.03.18 18:45:00,2026-03-18T18:45:00Z,oos,6534,0,Tier A,tier_a_primary,Tier_A_full_context,c08_exclude_weak_session_bucket,midday_lull_120_240,-0.1762380357885976,0
2026.03.18 18:50:00,2026-03-18T18:50:00Z,oos,6535,0,Tier A,tier_a_primary,Tier_A_full_context,c08_exclude_weak_session_bucket,midday_lull_120_240,-0.1762380357885976,0
2026.03.18 18:55:00,2026-03-18T18:55:00Z,oos,6536,0,Tier A,tier_a_primary,Tier_A_full_context,c08_exclude_weak_session_bucket,midday_lull_120_240,-0.1762380357885976,0
2026.03.18 19:05:00,2026-03-18T19:05:00Z,oos,6537,0,Tier A,tier_a_primary,Tier_A_full_context,c08_exclude_weak_session_bucket,midday_lull_120_240,-0.1762380357885976,0
2026.03.18 19:10:00,2026-03-18T19:10:00Z,oos,6538,0,Tier A,tier_a_primary,Tier_A_full_context,c08_exclude_weak_session_bucket,midday_lull_120_240,-0.1762380357885976,0
2026.03.18 19:15:00,2026-03-18T19:15:00Z,oos,6539,0,Tier A,tier_a_primary,Tier_A_full_context,c08_exclude_weak_session_bucket,midday_lull_120_240,-0.1762380357885976,0
2026.03.18 19:20:00,2026-03-18T19:20:00Z,oos,6540,0,Tier A,tier_a_primary,Tier_A_full_context,c08_exclude_weak_session_bucket,midday_lull_120_240,-0.1762380357885976,0
2026.03.18 19:25:00,2026-03-18T19:25:00Z,oos,6541,0,Tier A,tier_a_primary,Tier_A_full_context,c08_exclude_weak_session_bucket,midday_lull_120_240,-0.1762380357885976,0
2026.03.18 19:30:00,2026-03-18T19:30:00Z,oos,6542,0,Tier A,tier_a_primary,Tier_A_full_context,c08_exclude_weak_session_bucket,midday_lull_120_240,-0.1762380357885976,0
2026.03.18 19:35:00,2026-03-18T19:35:00Z,oos,6543,0,Tier A,tier_a_primary,Tier_A_full_context,c08_exclude_weak_session_bucket,late_cash_240_330,-0.17209668943772988,0
2026.03.18 19:40:00,2026-03-18T19:40:00Z,oos,6544,0,Tier A,tier_a_primary,Tier_A_full_context,c08_exclude_weak_session_bucket,late_cash_240_330,-0.17209668943772988,0
2026.03.18 19:50:00,2026-03-18T19:50:00Z,oos,6545,0,Tier A,tier_a_primary,Tier_A_full_context,c08_exclude_weak_session_bucket,late_cash_240_330,-0.17209668943772988,0
2026.03.18 19:55:00,2026-03-18T19:55:00Z,oos,6546,0,Tier A,tier_a_primary,Tier_A_full_context,c08_exclude_weak_session_bucket,late_cash_240_330,-0.17209668943772988,0
2026.03.18 20:00:00,2026-03-18T20:00:00Z,oos,6547,0,Tier A,tier_a_primary,Tier_A_full_context,c08_exclude_weak_session_bucket,late_cash_240_330,-0.17209668943772988,0
2026.03.18 20:05:00,2026-03-18T20:05:00Z,oos,6548,0,Tier A,tier_a_primary,Tier_A_full_context,c08_exclude_weak_session_bucket,late_cash_240_330,-0.17209668943772988,0
2026.03.18 20:10:00,2026-03-18T20:10:00Z,oos,6549,0,Tier A,tier_a_primary,Tier_A_full_context,c08_exclude_weak_session_bucket,late_cash_240_330,-0.17209668943772988,0
2026.03.18 20:15:00,2026-03-18T20:15:00Z,oos,6550,0,Tier A,tier_a_primary,Tier_A_full_context,c08_exclude_weak_session_bucket,late_cash_240_330,-0.17209668943772988,0
2026.03.18 20:20:00,2026-03-18T20:20:00Z,oos,6551,1,Tier A,tier_a_primary,Tier_A_full_context,c08_exclude_weak_session_bucket,late_cash_240_330,-0.17209668943772988,1
2026.03.18 20:30:00,2026-03-18T20:30:00Z,oos,6552,0,Tier A,tier_a_primary,Tier_A_full_context,c08_exclude_weak_session_bucket,late_cash_240_330,-0.17209668943772988,0
2026.03.18 20:35:00,2026-03-18T20:35:00Z,oos,6553,1,Tier A,tier_a_primary,Tier_A_full_context,c08_exclude_weak_session_bucket,late_cash_240_330,-0.17209668943772988,1
2026.03.18 20:40:00,2026-03-18T20:40:00Z,oos,6554,1,Tier A,tier_a_primary,Tier_A_full_context,c08_exclude_weak_session_bucket,late_cash_240_330,-0.17209668943772988,1
2026.03.18 20:45:00,2026-03-18T20:45:00Z,oos,6555,0,Tier A,tier_a_primary,Tier_A_full_context,c08_exclude_weak_session_bucket,late_cash_240_330,-0.17209668943772988,0
2026.03.18 20:50:00,2026-03-18T20:50:00Z,oos,6556,0,Tier A,tier_a_primary,Tier_A_full_context,c08_exclude_weak_session_bucket,late_cash_240_330,-0.17209668943772988,0
2026.03.18 20:55:00,2026-03-18T20:55:00Z,oos,6557,0,Tier A,tier_a_primary,Tier_A_full_context,c08_exclude_weak_session_bucket,late_cash_240_330,-0.17209668943772988,0
2026.03.18 21:00:00,2026-03-18T21:00:00Z,oos,6558,0,Tier A,tier_a_primary,Tier_A_full_context,c08_exclude_weak_session_bucket,late_cash_240_330,-0.17209668943772988,0
2026.03.19 16:35:00,2026-03-19T16:35:00Z,oos,6559,-1,Tier A,tier_a_primary,Tier_A_full_context,c08_exclude_weak_session_bucket,morning_60_120,-0.1698966408268734,-1
2026.03.19 16:40:00,2026-03-19T16:40:00Z,oos,6560,1,Tier A,tier_a_primary,Tier_A_full_context,c08_exclude_weak_session_bucket,morning_60_120,-0.1698966408268734,1
2026.03.19 16:45:00,2026-03-19T16:45:00Z,oos,6561,1,Tier A,tier_a_primary,Tier_A_full_context,c08_exclude_weak_session_bucket,morning_60_120,-0.1698966408268734,1
2026.03.19 16:50:00,2026-03-19T16:50:00Z,oos,6562,1,Tier A,tier_a_primary,Tier_A_full_context,c08_exclude_weak_session_bucket,morning_60_120,-0.1698966408268734,1
2026.03.19 16:55:00,2026-03-19T16:55:00Z,oos,6563,1,Tier A,tier_a_primary,Tier_A_full_context,c08_exclude_weak_session_bucket,morning_60_120,-0.1698966408268734,1
2026.03.19 17:00:00,2026-03-19T17:00:00Z,oos,6564,0,Tier A,tier_a_primary,Tier_A_full_context,c08_exclude_weak_session_bucket,morning_60_120,-0.1698966408268734,0
2026.03.19 17:05:00,2026-03-19T17:05:00Z,oos,6565,0,Tier A,tier_a_primary,Tier_A_full_context,c08_exclude_weak_session_bucket,morning_60_120,-0.1698966408268734,0
2026.03.19 17:10:00,2026-03-19T17:10:00Z,oos,6566,0,Tier A,tier_a_primary,Tier_A_full_context,c08_exclude_weak_session_bucket,morning_60_120,-0.1698966408268734,0
2026.03.19 17:15:00,2026-03-19T17:15:00Z,oos,6567,0,Tier A,tier_a_primary,Tier_A_full_context,c08_exclude_weak_session_bucket,morning_60_120,-0.1698966408268734,0
2026.03.19 17:20:00,2026-03-19T17:20:00Z,oos,6568,0,Tier A,tier_a_primary,Tier_A_full_context,c08_exclude_weak_session_bucket,morning_60_120,-0.1698966408268734,0
2026.03.19 17:25:00,2026-03-19T17:25:00Z,oos,6569,0,Tier A,tier_a_primary,Tier_A_full_context,c08_exclude_weak_session_bucket,morning_60_120,-0.1698966408268734,0
2026.03.19 17:30:00,2026-03-19T17:30:00Z,oos,6570,0,Tier A,tier_a_primary,Tier_A_full_context,c08_exclude_weak_session_bucket,morning_60_120,-0.1698966408268734,0
2026.03.19 17:35:00,2026-03-19T17:35:00Z,oos,6571,0,Tier A,tier_a_primary,Tier_A_full_context,c08_exclude_weak_session_bucket,midday_lull_120_240,-0.1762380357885976,0
2026.03.19 17:40:00,2026-03-19T17:40:00Z,oos,6572,0,Tier A,tier_a_primary,Tier_A_full_context,c08_exclude_weak_session_bucket,midday_lull_120_240,-0.1762380357885976,0
2026.03.19 17:45:00,2026-03-19T17:45:00Z,oos,6573,0,Tier A,tier_a_primary,Tier_A_full_context,c08_exclude_weak_session_bucket,midday_lull_120_240,-0.1762380357885976,0
2026.03.19 17:50:00,2026-03-19T17:50:00Z,oos,6574,0,Tier A,tier_a_primary,Tier_A_full_context,c08_exclude_weak_session_bucket,midday_lull_120_240,-0.1762380357885976,0
2026.03.19 17:55:00,2026-03-19T17:55:00Z,oos,6575,0,Tier A,tier_a_primary,Tier_A_full_context,c08_exclude_weak_session_bucket,midday_lull_120_240,-0.1762380357885976,0
2026.03.19 18:00:00,2026-03-19T18:00:00Z,oos,6576,0,Tier A,tier_a_primary,Tier_A_full_context,c08_exclude_weak_session_bucket,midday_lull_120_240,-0.1762380357885976,0
2026.03.19 18:05:00,2026-03-19T18:05:00Z,oos,6577,0,Tier A,tier_a_primary,Tier_A_full_context,c08_exclude_weak_session_bucket,midday_lull_120_240,-0.1762380357885976,0
2026.03.19 18:10:00,2026-03-19T18:10:00Z,oos,6578,0,Tier A,tier_a_primary,Tier_A_full_context,c08_exclude_weak_session_bucket,midday_lull_120_240,-0.1762380357885976,0
2026.03.19 18:15:00,2026-03-19T18:15:00Z,oos,6579,0,Tier A,tier_a_primary,Tier_A_full_context,c08_exclude_weak_session_bucket,midday_lull_120_240,-0.1762380357885976,0
2026.03.19 18:20:00,2026-03-19T18:20:00Z,oos,6580,0,Tier A,tier_a_primary,Tier_A_full_context,c08_exclude_weak_session_bucket,midday_lull_120_240,-0.1762380357885976,0
2026.03.19 18:25:00,2026-03-19T18:25:00Z,oos,6581,0,Tier A,tier_a_primary,Tier_A_full_context,c08_exclude_weak_session_bucket,midday_lull_120_240,-0.1762380357885976,0
2026.03.19 18:30:00,2026-03-19T18:30:00Z,oos,6582,0,Tier A,tier_a_primary,Tier_A_full_context,c08_exclude_weak_session_bucket,midday_lull_120_240,-0.1762380357885976,0
2026.03.19 18:35:00,2026-03-19T18:35:00Z,oos,6583,0,Tier A,tier_a_primary,Tier_A_full_context,c08_exclude_weak_session_bucket,midday_lull_120_240,-0.1762380357885976,0
2026.03.19 18:40:00,2026-03-19T18:40:00Z,oos,6584,0,Tier A,tier_a_primary,Tier_A_full_context,c08_exclude_weak_session_bucket,midday_lull_120_240,-0.1762380357885976,0
2026.03.19 18:45:00,2026-03-19T18:45:00Z,oos,6585,0,Tier A,tier_a_primary,Tier_A_full_context,c08_exclude_weak_session_bucket,midday_lull_120_240,-0.1762380357885976,0
2026.03.19 18:50:00,2026-03-19T18:50:00Z,oos,6586,0,Tier A,tier_a_primary,Tier_A_full_context,c08_exclude_weak_session_bucket,midday_lull_120_240,-0.1762380357885976,0
2026.03.19 18:55:00,2026-03-19T18:55:00Z,oos,6587,0,Tier A,tier_a_primary,Tier_A_full_context,c08_exclude_weak_session_bucket,midday_lull_120_240,-0.1762380357885976,0
2026.03.19 19:00:00,2026-03-19T19:00:00Z,oos,6588,0,Tier A,tier_a_primary,Tier_A_full_context,c08_exclude_weak_session_bucket,midday_lull_120_240,-0.1762380357885976,0
2026.03.19 19:05:00,2026-03-19T19:05:00Z,oos,6589,0,Tier A,tier_a_primary,Tier_A_full_context,c08_exclude_weak_session_bucket,midday_lull_120_240,-0.1762380357885976,0
2026.03.19 19:10:00,2026-03-19T19:10:00Z,oos,6590,0,Tier A,tier_a_primary,Tier_A_full_context,c08_exclude_weak_session_bucket,midday_lull_120_240,-0.1762380357885976,0
2026.03.19 19:15:00,2026-03-19T19:15:00Z,oos,6591,0,Tier A,tier_a_primary,Tier_A_full_context,c08_exclude_weak_session_bucket,midday_lull_120_240,-0.1762380357885976,0
2026.03.19 19:20:00,2026-03-19T19:20:00Z,oos,6592,0,Tier A,tier_a_primary,Tier_A_full_context,c08_exclude_weak_session_bucket,midday_lull_120_240,-0.1762380357885976,0
2026.03.19 19:25:00,2026-03-19T19:25:00Z,oos,6593,0,Tier A,tier_a_primary,Tier_A_full_context,c08_exclude_weak_session_bucket,midday_lull_120_240,-0.1762380357885976,0
2026.03.19 19:30:00,2026-03-19T19:30:00Z,oos,6594,0,Tier A,tier_a_primary,Tier_A_full_context,c08_exclude_weak_session_bucket,midday_lull_120_240,-0.1762380357885976,0
2026.03.19 19:35:00,2026-03-19T19:35:00Z,oos,6595,0,Tier A,tier_a_primary,Tier_A_full_context,c08_exclude_weak_session_bucket,late_cash_240_330,-0.17209668943772988,0
2026.03.19 19:40:00,2026-03-19T19:40:00Z,oos,6596,0,Tier A,tier_a_primary,Tier_A_full_context,c08_exclude_weak_session_bucket,late_cash_240_330,-0.17209668943772988,0
2026.03.19 19:45:00,2026-03-19T19:45:00Z,oos,6597,0,Tier A,tier_a_primary,Tier_A_full_context,c08_exclude_weak_session_bucket,late_cash_240_330,-0.17209668943772988,0
2026.03.19 19:50:00,2026-03-19T19:50:00Z,oos,6598,0,Tier A,tier_a_primary,Tier_A_full_context,c08_exclude_weak_session_bucket,late_cash_240_330,-0.17209668943772988,0
2026.03.19 19:55:00,2026-03-19T19:55:00Z,oos,6599,0,Tier A,tier_a_primary,Tier_A_full_context,c08_exclude_weak_session_bucket,late_cash_240_330,-0.17209668943772988,0
2026.03.19 20:00:00,2026-03-19T20:00:00Z,oos,6600,0,Tier A,tier_a_primary,Tier_A_full_context,c08_exclude_weak_session_bucket,late_cash_240_330,-0.17209668943772988,0
2026.03.19 20:05:00,2026-03-19T20:05:00Z,oos,6601,0,Tier A,tier_a_primary,Tier_A_full_context,c08_exclude_weak_session_bucket,late_cash_240_330,-0.17209668943772988,0
2026.03.19 20:10:00,2026-03-19T20:10:00Z,oos,6602,0,Tier A,tier_a_primary,Tier_A_full_context,c08_exclude_weak_session_bucket,late_cash_240_330,-0.17209668943772988,0
2026.03.19 20:15:00,2026-03-19T20:15:00Z,oos,6603,0,Tier A,tier_a_primary,Tier_A_full_context,c08_exclude_weak_session_bucket,late_cash_240_330,-0.17209668943772988,0
2026.03.19 20:20:00,2026-03-19T20:20:00Z,oos,6604,0,Tier A,tier_a_primary,Tier_A_full_context,c08_exclude_weak_session_bucket,late_cash_240_330,-0.17209668943772988,0
2026.03.19 20:25:00,2026-03-19T20:25:00Z,oos,6605,0,Tier A,tier_a_primary,Tier_A_full_context,c08_exclude_weak_session_bucket,late_cash_240_330,-0.17209668943772988,0
2026.03.19 20:30:00,2026-03-19T20:30:00Z,oos,6606,0,Tier A,tier_a_primary,Tier_A_full_context,c08_exclude_weak_session_bucket,late_cash_240_330,-0.17209668943772988,0
2026.03.19 20:35:00,2026-03-19T20:35:00Z,oos,6607,0,Tier A,tier_a_primary,Tier_A_full_context,c08_exclude_weak_session_bucket,late_cash_240_330,-0.17209668943772988,0
2026.03.19 20:40:00,2026-03-19T20:40:00Z,oos,6608,0,Tier A,tier_a_primary,Tier_A_full_context,c08_exclude_weak_session_bucket,late_cash_240_330,-0.17209668943772988,0
2026.03.19 20:45:00,2026-03-19T20:45:00Z,oos,6609,0,Tier A,tier_a_primary,Tier_A_full_context,c08_exclude_weak_session_bucket,late_cash_240_330,-0.17209668943772988,0
2026.03.19 20:50:00,2026-03-19T20:50:00Z,oos,6610,0,Tier A,tier_a_primary,Tier_A_full_context,c08_exclude_weak_session_bucket,late_cash_240_330,-0.17209668943772988,0
2026.03.19 20:55:00,2026-03-19T20:55:00Z,oos,6611,0,Tier A,tier_a_primary,Tier_A_full_context,c08_exclude_weak_session_bucket,late_cash_240_330,-0.17209668943772988,0
2026.03.19 21:00:00,2026-03-19T21:00:00Z,oos,6612,0,Tier A,tier_a_primary,Tier_A_full_context,c08_exclude_weak_session_bucket,late_cash_240_330,-0.17209668943772988,0
2026.03.20 16:35:00,2026-03-20T16:35:00Z,oos,6613,0,Tier A,tier_a_primary,Tier_A_full_context,c08_exclude_weak_session_bucket,morning_60_120,-0.1698966408268734,0
2026.03.20 16:40:00,2026-03-20T16:40:00Z,oos,6614,0,Tier A,tier_a_primary,Tier_A_full_context,c08_exclude_weak_session_bucket,morning_60_120,-0.1698966408268734,0
2026.03.20 16:45:00,2026-03-20T16:45:00Z,oos,6615,0,Tier A,tier_a_primary,Tier_A_full_context,c08_exclude_weak_session_bucket,morning_60_120,-0.1698966408268734,0
2026.03.20 16:50:00,2026-03-20T16:50:00Z,oos,6616,0,Tier A,tier_a_primary,Tier_A_full_context,c08_exclude_weak_session_bucket,morning_60_120,-0.1698966408268734,0
2026.03.20 16:55:00,2026-03-20T16:55:00Z,oos,6617,0,Tier A,tier_a_primary,Tier_A_full_context,c08_exclude_weak_session_bucket,morning_60_120,-0.1698966408268734,0
2026.03.20 17:00:00,2026-03-20T17:00:00Z,oos,6618,0,Tier A,tier_a_primary,Tier_A_full_context,c08_exclude_weak_session_bucket,morning_60_120,-0.1698966408268734,0
2026.03.20 17:05:00,2026-03-20T17:05:00Z,oos,6619,0,Tier A,tier_a_primary,Tier_A_full_context,c08_exclude_weak_session_bucket,morning_60_120,-0.1698966408268734,0
2026.03.20 17:10:00,2026-03-20T17:10:00Z,oos,6620,0,Tier A,tier_a_primary,Tier_A_full_context,c08_exclude_weak_session_bucket,morning_60_120,-0.1698966408268734,0
2026.03.20 17:15:00,2026-03-20T17:15:00Z,oos,6621,0,Tier A,tier_a_primary,Tier_A_full_context,c08_exclude_weak_session_bucket,morning_60_120,-0.1698966408268734,0
2026.03.20 17:20:00,2026-03-20T17:20:00Z,oos,6622,0,Tier A,tier_a_primary,Tier_A_full_context,c08_exclude_weak_session_bucket,morning_60_120,-0.1698966408268734,0
2026.03.20 17:25:00,2026-03-20T17:25:00Z,oos,6623,0,Tier A,tier_a_primary,Tier_A_full_context,c08_exclude_weak_session_bucket,morning_60_120,-0.1698966408268734,0
2026.03.20 17:30:00,2026-03-20T17:30:00Z,oos,6624,0,Tier A,tier_a_primary,Tier_A_full_context,c08_exclude_weak_session_bucket,morning_60_120,-0.1698966408268734,0
2026.03.20 17:35:00,2026-03-20T17:35:00Z,oos,6625,0,Tier A,tier_a_primary,Tier_A_full_context,c08_exclude_weak_session_bucket,midday_lull_120_240,-0.1762380357885976,0
2026.03.20 17:40:00,2026-03-20T17:40:00Z,oos,6626,0,Tier A,tier_a_primary,Tier_A_full_context,c08_exclude_weak_session_bucket,midday_lull_120_240,-0.1762380357885976,0
2026.03.20 17:45:00,2026-03-20T17:45:00Z,oos,6627,0,Tier A,tier_a_primary,Tier_A_full_context,c08_exclude_weak_session_bucket,midday_lull_120_240,-0.1762380357885976,0
2026.03.20 17:50:00,2026-03-20T17:50:00Z,oos,6628,0,Tier A,tier_a_primary,Tier_A_full_context,c08_exclude_weak_session_bucket,midday_lull_120_240,-0.1762380357885976,0
2026.03.20 17:55:00,2026-03-20T17:55:00Z,oos,6629,0,Tier A,tier_a_primary,Tier_A_full_context,c08_exclude_weak_session_bucket,midday_lull_120_240,-0.1762380357885976,0
2026.03.20 18:00:00,2026-03-20T18:00:00Z,oos,6630,0,Tier A,tier_a_primary,Tier_A_full_context,c08_exclude_weak_session_bucket,midday_lull_120_240,-0.1762380357885976,0
2026.03.20 18:05:00,2026-03-20T18:05:00Z,oos,6631,0,Tier A,tier_a_primary,Tier_A_full_context,c08_exclude_weak_session_bucket,midday_lull_120_240,-0.1762380357885976,0
2026.03.20 18:10:00,2026-03-20T18:10:00Z,oos,6632,0,Tier A,tier_a_primary,Tier_A_full_context,c08_exclude_weak_session_bucket,midday_lull_120_240,-0.1762380357885976,0
2026.03.20 18:15:00,2026-03-20T18:15:00Z,oos,6633,0,Tier A,tier_a_primary,Tier_A_full_context,c08_exclude_weak_session_bucket,midday_lull_120_240,-0.1762380357885976,0
2026.03.20 18:20:00,2026-03-20T18:20:00Z,oos,6634,0,Tier A,tier_a_primary,Tier_A_full_context,c08_exclude_weak_session_bucket,midday_lull_120_240,-0.1762380357885976,0
2026.03.20 18:25:00,2026-03-20T18:25:00Z,oos,6635,0,Tier A,tier_a_primary,Tier_A_full_context,c08_exclude_weak_session_bucket,midday_lull_120_240,-0.1762380357885976,0
2026.03.20 18:30:00,2026-03-20T18:30:00Z,oos,6636,0,Tier A,tier_a_primary,Tier_A_full_context,c08_exclude_weak_session_bucket,midday_lull_120_240,-0.1762380357885976,0
2026.03.20 18:35:00,2026-03-20T18:35:00Z,oos,6637,0,Tier A,tier_a_primary,Tier_A_full_context,c08_exclude_weak_session_bucket,midday_lull_120_240,-0.1762380357885976,0
2026.03.20 18:40:00,2026-03-20T18:40:00Z,oos,6638,0,Tier A,tier_a_primary,Tier_A_full_context,c08_exclude_weak_session_bucket,midday_lull_120_240,-0.1762380357885976,0
2026.03.20 18:45:00,2026-03-20T18:45:00Z,oos,6639,0,Tier A,tier_a_primary,Tier_A_full_context,c08_exclude_weak_session_bucket,midday_lull_120_240,-0.1762380357885976,0
2026.03.20 18:50:00,2026-03-20T18:50:00Z,oos,6640,0,Tier A,tier_a_primary,Tier_A_full_context,c08_exclude_weak_session_bucket,midday_lull_120_240,-0.1762380357885976,0
2026.03.20 18:55:00,2026-03-20T18:55:00Z,oos,6641,0,Tier A,tier_a_primary,Tier_A_full_context,c08_exclude_weak_session_bucket,midday_lull_120_240,-0.1762380357885976,0
2026.03.20 19:00:00,2026-03-20T19:00:00Z,oos,6642,0,Tier A,tier_a_primary,Tier_A_full_context,c08_exclude_weak_session_bucket,midday_lull_120_240,-0.1762380357885976,0
2026.03.20 19:05:00,2026-03-20T19:05:00Z,oos,6643,0,Tier A,tier_a_primary,Tier_A_full_context,c08_exclude_weak_session_bucket,midday_lull_120_240,-0.1762380357885976,0
2026.03.20 19:10:00,2026-03-20T19:10:00Z,oos,6644,0,Tier A,tier_a_primary,Tier_A_full_context,c08_exclude_weak_session_bucket,midday_lull_120_240,-0.1762380357885976,0
2026.03.20 19:15:00,2026-03-20T19:15:00Z,oos,6645,0,Tier A,tier_a_primary,Tier_A_full_context,c08_exclude_weak_session_bucket,midday_lull_120_240,-0.1762380357885976,0
2026.03.20 19:20:00,2026-03-20T19:20:00Z,oos,6646,0,Tier A,tier_a_primary,Tier_A_full_context,c08_exclude_weak_session_bucket,midday_lull_120_240,-0.1762380357885976,0
2026.03.20 19:25:00,2026-03-20T19:25:00Z,oos,6647,0,Tier A,tier_a_primary,Tier_A_full_context,c08_exclude_weak_session_bucket,midday_lull_120_240,-0.1762380357885976,0
2026.03.20 19:30:00,2026-03-20T19:30:00Z,oos,6648,0,Tier A,tier_a_primary,Tier_A_full_context,c08_exclude_weak_session_bucket,midday_lull_120_240,-0.1762380357885976,0
2026.03.20 19:35:00,2026-03-20T19:35:00Z,oos,6649,0,Tier A,tier_a_primary,Tier_A_full_context,c08_exclude_weak_session_bucket,late_cash_240_330,-0.17209668943772988,0
2026.03.20 19:40:00,2026-03-20T19:40:00Z,oos,6650,0,Tier A,tier_a_primary,Tier_A_full_context,c08_exclude_weak_session_bucket,late_cash_240_330,-0.17209668943772988,0
2026.03.20 19:45:00,2026-03-20T19:45:00Z,oos,6651,0,Tier A,tier_a_primary,Tier_A_full_context,c08_exclude_weak_session_bucket,late_cash_240_330,-0.17209668943772988,0
2026.03.20 19:50:00,2026-03-20T19:50:00Z,oos,6652,0,Tier A,tier_a_primary,Tier_A_full_context,c08_exclude_weak_session_bucket,late_cash_240_330,-0.17209668943772988,0
2026.03.20 19:55:00,2026-03-20T19:55:00Z,oos,6653,0,Tier A,tier_a_primary,Tier_A_full_context,c08_exclude_weak_session_bucket,late_cash_240_330,-0.17209668943772988,0
2026.03.20 20:00:00,2026-03-20T20:00:00Z,oos,6654,0,Tier A,tier_a_primary,Tier_A_full_context,c08_exclude_weak_session_bucket,late_cash_240_330,-0.17209668943772988,0
2026.03.20 20:05:00,2026-03-20T20:05:00Z,oos,6655,0,Tier A,tier_a_primary,Tier_A_full_context,c08_exclude_weak_session_bucket,late_cash_240_330,-0.17209668943772988,0
2026.03.20 20:10:00,2026-03-20T20:10:00Z,oos,6656,0,Tier A,tier_a_primary,Tier_A_full_context,c08_exclude_weak_session_bucket,late_cash_240_330,-0.17209668943772988,0
2026.03.20 20:15:00,2026-03-20T20:15:00Z,oos,6657,0,Tier A,tier_a_primary,Tier_A_full_context,c08_exclude_weak_session_bucket,late_cash_240_330,-0.17209668943772988,0
2026.03.20 20:20:00,2026-03-20T20:20:00Z,oos,6658,0,Tier A,tier_a_primary,Tier_A_full_context,c08_exclude_weak_session_bucket,late_cash_240_330,-0.17209668943772988,0
2026.03.20 20:25:00,2026-03-20T20:25:00Z,oos,6659,0,Tier A,tier_a_primary,Tier_A_full_context,c08_exclude_weak_session_bucket,late_cash_240_330,-0.17209668943772988,0
2026.03.20 20:30:00,2026-03-20T20:30:00Z,oos,6660,0,Tier A,tier_a_primary,Tier_A_full_context,c08_exclude_weak_session_bucket,late_cash_240_330,-0.17209668943772988,0
2026.03.20 20:35:00,2026-03-20T20:35:00Z,oos,6661,0,Tier A,tier_a_primary,Tier_A_full_context,c08_exclude_weak_session_bucket,late_cash_240_330,-0.17209668943772988,0
2026.03.20 20:40:00,2026-03-20T20:40:00Z,oos,6662,0,Tier A,tier_a_primary,Tier_A_full_context,c08_exclude_weak_session_bucket,late_cash_240_330,-0.17209668943772988,0
2026.03.20 20:45:00,2026-03-20T20:45:00Z,oos,6663,0,Tier A,tier_a_primary,Tier_A_full_context,c08_exclude_weak_session_bucket,late_cash_240_330,-0.17209668943772988,0
2026.03.20 20:50:00,2026-03-20T20:50:00Z,oos,6664,0,Tier A,tier_a_primary,Tier_A_full_context,c08_exclude_weak_session_bucket,late_cash_240_330,-0.17209668943772988,0
2026.03.20 20:55:00,2026-03-20T20:55:00Z,oos,6665,1,Tier A,tier_a_primary,Tier_A_full_context,c08_exclude_weak_session_bucket,late_cash_240_330,-0.17209668943772988,1
2026.03.20 21:00:00,2026-03-20T21:00:00Z,oos,6666,1,Tier A,tier_a_primary,Tier_A_full_context,c08_exclude_weak_session_bucket,late_cash_240_330,-0.17209668943772988,1
2026.03.23 16:35:00,2026-03-23T16:35:00Z,oos,6667,0,Tier A,tier_a_primary,Tier_A_full_context,c08_exclude_weak_session_bucket,morning_60_120,-0.1698966408268734,0
2026.03.23 16:40:00,2026-03-23T16:40:00Z,oos,6668,1,Tier A,tier_a_primary,Tier_A_full_context,c08_exclude_weak_session_bucket,morning_60_120,-0.1698966408268734,1
2026.03.23 16:45:00,2026-03-23T16:45:00Z,oos,6669,-1,Tier A,tier_a_primary,Tier_A_full_context,c08_exclude_weak_session_bucket,morning_60_120,-0.1698966408268734,-1
2026.03.23 16:50:00,2026-03-23T16:50:00Z,oos,6670,1,Tier A,tier_a_primary,Tier_A_full_context,c08_exclude_weak_session_bucket,morning_60_120,-0.1698966408268734,1
2026.03.23 16:55:00,2026-03-23T16:55:00Z,oos,6671,0,Tier A,tier_a_primary,Tier_A_full_context,c08_exclude_weak_session_bucket,morning_60_120,-0.1698966408268734,0
2026.03.23 17:00:00,2026-03-23T17:00:00Z,oos,6672,0,Tier A,tier_a_primary,Tier_A_full_context,c08_exclude_weak_session_bucket,morning_60_120,-0.1698966408268734,0
2026.03.23 17:05:00,2026-03-23T17:05:00Z,oos,6673,0,Tier A,tier_a_primary,Tier_A_full_context,c08_exclude_weak_session_bucket,morning_60_120,-0.1698966408268734,0
2026.03.23 17:10:00,2026-03-23T17:10:00Z,oos,6674,0,Tier A,tier_a_primary,Tier_A_full_context,c08_exclude_weak_session_bucket,morning_60_120,-0.1698966408268734,0
2026.03.23 17:15:00,2026-03-23T17:15:00Z,oos,6675,0,Tier A,tier_a_primary,Tier_A_full_context,c08_exclude_weak_session_bucket,morning_60_120,-0.1698966408268734,0
2026.03.23 17:20:00,2026-03-23T17:20:00Z,oos,6676,0,Tier A,tier_a_primary,Tier_A_full_context,c08_exclude_weak_session_bucket,morning_60_120,-0.1698966408268734,0
2026.03.23 17:25:00,2026-03-23T17:25:00Z,oos,6677,0,Tier A,tier_a_primary,Tier_A_full_context,c08_exclude_weak_session_bucket,morning_60_120,-0.1698966408268734,0
2026.03.23 17:30:00,2026-03-23T17:30:00Z,oos,6678,-1,Tier A,tier_a_primary,Tier_A_full_context,c08_exclude_weak_session_bucket,morning_60_120,-0.1698966408268734,-1
2026.03.23 17:35:00,2026-03-23T17:35:00Z,oos,6679,0,Tier A,tier_a_primary,Tier_A_full_context,c08_exclude_weak_session_bucket,midday_lull_120_240,-0.1762380357885976,0
2026.03.23 17:40:00,2026-03-23T17:40:00Z,oos,6680,0,Tier A,tier_a_primary,Tier_A_full_context,c08_exclude_weak_session_bucket,midday_lull_120_240,-0.1762380357885976,0
2026.03.23 17:45:00,2026-03-23T17:45:00Z,oos,6681,0,Tier A,tier_a_primary,Tier_A_full_context,c08_exclude_weak_session_bucket,midday_lull_120_240,-0.1762380357885976,0
2026.03.23 17:50:00,2026-03-23T17:50:00Z,oos,6682,0,Tier A,tier_a_primary,Tier_A_full_context,c08_exclude_weak_session_bucket,midday_lull_120_240,-0.1762380357885976,0
2026.03.23 17:55:00,2026-03-23T17:55:00Z,oos,6683,0,Tier A,tier_a_primary,Tier_A_full_context,c08_exclude_weak_session_bucket,midday_lull_120_240,-0.1762380357885976,0
2026.03.23 18:00:00,2026-03-23T18:00:00Z,oos,6684,0,Tier A,tier_a_primary,Tier_A_full_context,c08_exclude_weak_session_bucket,midday_lull_120_240,-0.1762380357885976,0
2026.03.23 18:05:00,2026-03-23T18:05:00Z,oos,6685,0,Tier A,tier_a_primary,Tier_A_full_context,c08_exclude_weak_session_bucket,midday_lull_120_240,-0.1762380357885976,0
2026.03.23 18:10:00,2026-03-23T18:10:00Z,oos,6686,0,Tier A,tier_a_primary,Tier_A_full_context,c08_exclude_weak_session_bucket,midday_lull_120_240,-0.1762380357885976,0
2026.03.23 18:15:00,2026-03-23T18:15:00Z,oos,6687,0,Tier A,tier_a_primary,Tier_A_full_context,c08_exclude_weak_session_bucket,midday_lull_120_240,-0.1762380357885976,0
2026.03.23 18:20:00,2026-03-23T18:20:00Z,oos,6688,0,Tier A,tier_a_primary,Tier_A_full_context,c08_exclude_weak_session_bucket,midday_lull_120_240,-0.1762380357885976,0
2026.03.23 18:25:00,2026-03-23T18:25:00Z,oos,6689,0,Tier A,tier_a_primary,Tier_A_full_context,c08_exclude_weak_session_bucket,midday_lull_120_240,-0.1762380357885976,0
2026.03.23 18:30:00,2026-03-23T18:30:00Z,oos,6690,0,Tier A,tier_a_primary,Tier_A_full_context,c08_exclude_weak_session_bucket,midday_lull_120_240,-0.1762380357885976,0
2026.03.23 18:35:00,2026-03-23T18:35:00Z,oos,6691,0,Tier A,tier_a_primary,Tier_A_full_context,c08_exclude_weak_session_bucket,midday_lull_120_240,-0.1762380357885976,0
2026.03.23 18:40:00,2026-03-23T18:40:00Z,oos,6692,0,Tier A,tier_a_primary,Tier_A_full_context,c08_exclude_weak_session_bucket,midday_lull_120_240,-0.1762380357885976,0
2026.03.23 18:45:00,2026-03-23T18:45:00Z,oos,6693,0,Tier A,tier_a_primary,Tier_A_full_context,c08_exclude_weak_session_bucket,midday_lull_120_240,-0.1762380357885976,0
2026.03.23 18:50:00,2026-03-23T18:50:00Z,oos,6694,0,Tier A,tier_a_primary,Tier_A_full_context,c08_exclude_weak_session_bucket,midday_lull_120_240,-0.1762380357885976,0
2026.03.23 18:55:00,2026-03-23T18:55:00Z,oos,6695,0,Tier A,tier_a_primary,Tier_A_full_context,c08_exclude_weak_session_bucket,midday_lull_120_240,-0.1762380357885976,0
2026.03.23 19:00:00,2026-03-23T19:00:00Z,oos,6696,0,Tier A,tier_a_primary,Tier_A_full_context,c08_exclude_weak_session_bucket,midday_lull_120_240,-0.1762380357885976,0
2026.03.23 19:05:00,2026-03-23T19:05:00Z,oos,6697,0,Tier A,tier_a_primary,Tier_A_full_context,c08_exclude_weak_session_bucket,midday_lull_120_240,-0.1762380357885976,0
2026.03.23 19:10:00,2026-03-23T19:10:00Z,oos,6698,0,Tier A,tier_a_primary,Tier_A_full_context,c08_exclude_weak_session_bucket,midday_lull_120_240,-0.1762380357885976,0
2026.03.23 19:15:00,2026-03-23T19:15:00Z,oos,6699,0,Tier A,tier_a_primary,Tier_A_full_context,c08_exclude_weak_session_bucket,midday_lull_120_240,-0.1762380357885976,0
2026.03.23 19:20:00,2026-03-23T19:20:00Z,oos,6700,0,Tier A,tier_a_primary,Tier_A_full_context,c08_exclude_weak_session_bucket,midday_lull_120_240,-0.1762380357885976,0
2026.03.23 19:25:00,2026-03-23T19:25:00Z,oos,6701,0,Tier A,tier_a_primary,Tier_A_full_context,c08_exclude_weak_session_bucket,midday_lull_120_240,-0.1762380357885976,0
2026.03.23 19:30:00,2026-03-23T19:30:00Z,oos,6702,0,Tier A,tier_a_primary,Tier_A_full_context,c08_exclude_weak_session_bucket,midday_lull_120_240,-0.1762380357885976,0
2026.03.23 19:35:00,2026-03-23T19:35:00Z,oos,6703,1,Tier A,tier_a_primary,Tier_A_full_context,c08_exclude_weak_session_bucket,late_cash_240_330,-0.17209668943772988,1
2026.03.23 19:40:00,2026-03-23T19:40:00Z,oos,6704,0,Tier A,tier_a_primary,Tier_A_full_context,c08_exclude_weak_session_bucket,late_cash_240_330,-0.17209668943772988,0
2026.03.23 19:45:00,2026-03-23T19:45:00Z,oos,6705,1,Tier A,tier_a_primary,Tier_A_full_context,c08_exclude_weak_session_bucket,late_cash_240_330,-0.17209668943772988,1
2026.03.23 19:50:00,2026-03-23T19:50:00Z,oos,6706,0,Tier A,tier_a_primary,Tier_A_full_context,c08_exclude_weak_session_bucket,late_cash_240_330,-0.17209668943772988,0
2026.03.23 19:55:00,2026-03-23T19:55:00Z,oos,6707,0,Tier A,tier_a_primary,Tier_A_full_context,c08_exclude_weak_session_bucket,late_cash_240_330,-0.17209668943772988,0
2026.03.23 20:00:00,2026-03-23T20:00:00Z,oos,6708,0,Tier A,tier_a_primary,Tier_A_full_context,c08_exclude_weak_session_bucket,late_cash_240_330,-0.17209668943772988,0
2026.03.23 20:05:00,2026-03-23T20:05:00Z,oos,6709,0,Tier A,tier_a_primary,Tier_A_full_context,c08_exclude_weak_session_bucket,late_cash_240_330,-0.17209668943772988,0
2026.03.23 20:10:00,2026-03-23T20:10:00Z,oos,6710,1,Tier A,tier_a_primary,Tier_A_full_context,c08_exclude_weak_session_bucket,late_cash_240_330,-0.17209668943772988,1
2026.03.23 20:15:00,2026-03-23T20:15:00Z,oos,6711,0,Tier A,tier_a_primary,Tier_A_full_context,c08_exclude_weak_session_bucket,late_cash_240_330,-0.17209668943772988,0
2026.03.23 20:20:00,2026-03-23T20:20:00Z,oos,6712,0,Tier A,tier_a_primary,Tier_A_full_context,c08_exclude_weak_session_bucket,late_cash_240_330,-0.17209668943772988,0
2026.03.23 20:25:00,2026-03-23T20:25:00Z,oos,6713,0,Tier A,tier_a_primary,Tier_A_full_context,c08_exclude_weak_session_bucket,late_cash_240_330,-0.17209668943772988,0
2026.03.23 20:30:00,2026-03-23T20:30:00Z,oos,6714,1,Tier A,tier_a_primary,Tier_A_full_context,c08_exclude_weak_session_bucket,late_cash_240_330,-0.17209668943772988,1
2026.03.23 20:35:00,2026-03-23T20:35:00Z,oos,6715,1,Tier A,tier_a_primary,Tier_A_full_context,c08_exclude_weak_session_bucket,late_cash_240_330,-0.17209668943772988,1
2026.03.23 20:40:00,2026-03-23T20:40:00Z,oos,6716,0,Tier A,tier_a_primary,Tier_A_full_context,c08_exclude_weak_session_bucket,late_cash_240_330,-0.17209668943772988,0
2026.03.23 20:45:00,2026-03-23T20:45:00Z,oos,6717,-1,Tier A,tier_a_primary,Tier_A_full_context,c08_exclude_weak_session_bucket,late_cash_240_330,-0.17209668943772988,-1
2026.03.23 20:50:00,2026-03-23T20:50:00Z,oos,6718,0,Tier A,tier_a_primary,Tier_A_full_context,c08_exclude_weak_session_bucket,late_cash_240_330,-0.17209668943772988,0
2026.03.23 20:55:00,2026-03-23T20:55:00Z,oos,6719,1,Tier A,tier_a_primary,Tier_A_full_context,c08_exclude_weak_session_bucket,late_cash_240_330,-0.17209668943772988,1
2026.03.23 21:00:00,2026-03-23T21:00:00Z,oos,6720,0,Tier A,tier_a_primary,Tier_A_full_context,c08_exclude_weak_session_bucket,late_cash_240_330,-0.17209668943772988,0
2026.03.24 16:35:00,2026-03-24T16:35:00Z,oos,6721,1,Tier A,tier_a_primary,Tier_A_full_context,c08_exclude_weak_session_bucket,morning_60_120,-0.1698966408268734,1
2026.03.24 16:40:00,2026-03-24T16:40:00Z,oos,6722,-1,Tier A,tier_a_primary,Tier_A_full_context,c08_exclude_weak_session_bucket,morning_60_120,-0.1698966408268734,-1
2026.03.24 16:45:00,2026-03-24T16:45:00Z,oos,6723,-1,Tier A,tier_a_primary,Tier_A_full_context,c08_exclude_weak_session_bucket,morning_60_120,-0.1698966408268734,-1
2026.03.24 16:50:00,2026-03-24T16:50:00Z,oos,6724,0,Tier A,tier_a_primary,Tier_A_full_context,c08_exclude_weak_session_bucket,morning_60_120,-0.1698966408268734,0
2026.03.24 16:55:00,2026-03-24T16:55:00Z,oos,6725,0,Tier A,tier_a_primary,Tier_A_full_context,c08_exclude_weak_session_bucket,morning_60_120,-0.1698966408268734,0
2026.03.24 17:00:00,2026-03-24T17:00:00Z,oos,6726,1,Tier A,tier_a_primary,Tier_A_full_context,c08_exclude_weak_session_bucket,morning_60_120,-0.1698966408268734,1
2026.03.24 17:05:00,2026-03-24T17:05:00Z,oos,6727,0,Tier A,tier_a_primary,Tier_A_full_context,c08_exclude_weak_session_bucket,morning_60_120,-0.1698966408268734,0
2026.03.24 17:10:00,2026-03-24T17:10:00Z,oos,6728,1,Tier A,tier_a_primary,Tier_A_full_context,c08_exclude_weak_session_bucket,morning_60_120,-0.1698966408268734,1
2026.03.24 17:15:00,2026-03-24T17:15:00Z,oos,6729,-1,Tier A,tier_a_primary,Tier_A_full_context,c08_exclude_weak_session_bucket,morning_60_120,-0.1698966408268734,-1
2026.03.24 17:20:00,2026-03-24T17:20:00Z,oos,6730,0,Tier A,tier_a_primary,Tier_A_full_context,c08_exclude_weak_session_bucket,morning_60_120,-0.1698966408268734,0
2026.03.24 17:25:00,2026-03-24T17:25:00Z,oos,6731,0,Tier A,tier_a_primary,Tier_A_full_context,c08_exclude_weak_session_bucket,morning_60_120,-0.1698966408268734,0
2026.03.24 17:30:00,2026-03-24T17:30:00Z,oos,6732,0,Tier A,tier_a_primary,Tier_A_full_context,c08_exclude_weak_session_bucket,morning_60_120,-0.1698966408268734,0
2026.03.24 17:35:00,2026-03-24T17:35:00Z,oos,6733,0,Tier A,tier_a_primary,Tier_A_full_context,c08_exclude_weak_session_bucket,midday_lull_120_240,-0.1762380357885976,0
2026.03.24 17:40:00,2026-03-24T17:40:00Z,oos,6734,0,Tier A,tier_a_primary,Tier_A_full_context,c08_exclude_weak_session_bucket,midday_lull_120_240,-0.1762380357885976,0
2026.03.24 17:45:00,2026-03-24T17:45:00Z,oos,6735,0,Tier A,tier_a_primary,Tier_A_full_context,c08_exclude_weak_session_bucket,midday_lull_120_240,-0.1762380357885976,0
2026.03.24 17:50:00,2026-03-24T17:50:00Z,oos,6736,0,Tier A,tier_a_primary,Tier_A_full_context,c08_exclude_weak_session_bucket,midday_lull_120_240,-0.1762380357885976,0
2026.03.24 17:55:00,2026-03-24T17:55:00Z,oos,6737,0,Tier A,tier_a_primary,Tier_A_full_context,c08_exclude_weak_session_bucket,midday_lull_120_240,-0.1762380357885976,0
2026.03.24 18:00:00,2026-03-24T18:00:00Z,oos,6738,0,Tier A,tier_a_primary,Tier_A_full_context,c08_exclude_weak_session_bucket,midday_lull_120_240,-0.1762380357885976,0
2026.03.24 18:05:00,2026-03-24T18:05:00Z,oos,6739,0,Tier A,tier_a_primary,Tier_A_full_context,c08_exclude_weak_session_bucket,midday_lull_120_240,-0.1762380357885976,0
2026.03.24 18:10:00,2026-03-24T18:10:00Z,oos,6740,0,Tier A,tier_a_primary,Tier_A_full_context,c08_exclude_weak_session_bucket,midday_lull_120_240,-0.1762380357885976,0
2026.03.24 18:15:00,2026-03-24T18:15:00Z,oos,6741,0,Tier A,tier_a_primary,Tier_A_full_context,c08_exclude_weak_session_bucket,midday_lull_120_240,-0.1762380357885976,0
2026.03.24 18:20:00,2026-03-24T18:20:00Z,oos,6742,0,Tier A,tier_a_primary,Tier_A_full_context,c08_exclude_weak_session_bucket,midday_lull_120_240,-0.1762380357885976,0
2026.03.24 18:25:00,2026-03-24T18:25:00Z,oos,6743,0,Tier A,tier_a_primary,Tier_A_full_context,c08_exclude_weak_session_bucket,midday_lull_120_240,-0.1762380357885976,0
2026.03.24 18:30:00,2026-03-24T18:30:00Z,oos,6744,0,Tier A,tier_a_primary,Tier_A_full_context,c08_exclude_weak_session_bucket,midday_lull_120_240,-0.1762380357885976,0
2026.03.24 18:35:00,2026-03-24T18:35:00Z,oos,6745,0,Tier A,tier_a_primary,Tier_A_full_context,c08_exclude_weak_session_bucket,midday_lull_120_240,-0.1762380357885976,0
2026.03.24 18:40:00,2026-03-24T18:40:00Z,oos,6746,0,Tier A,tier_a_primary,Tier_A_full_context,c08_exclude_weak_session_bucket,midday_lull_120_240,-0.1762380357885976,0
2026.03.24 18:45:00,2026-03-24T18:45:00Z,oos,6747,0,Tier A,tier_a_primary,Tier_A_full_context,c08_exclude_weak_session_bucket,midday_lull_120_240,-0.1762380357885976,0
2026.03.24 18:50:00,2026-03-24T18:50:00Z,oos,6748,0,Tier A,tier_a_primary,Tier_A_full_context,c08_exclude_weak_session_bucket,midday_lull_120_240,-0.1762380357885976,0
2026.03.24 18:55:00,2026-03-24T18:55:00Z,oos,6749,0,Tier A,tier_a_primary,Tier_A_full_context,c08_exclude_weak_session_bucket,midday_lull_120_240,-0.1762380357885976,0
2026.03.24 19:00:00,2026-03-24T19:00:00Z,oos,6750,0,Tier A,tier_a_primary,Tier_A_full_context,c08_exclude_weak_session_bucket,midday_lull_120_240,-0.1762380357885976,0
2026.03.24 19:05:00,2026-03-24T19:05:00Z,oos,6751,0,Tier A,tier_a_primary,Tier_A_full_context,c08_exclude_weak_session_bucket,midday_lull_120_240,-0.1762380357885976,0
2026.03.24 19:10:00,2026-03-24T19:10:00Z,oos,6752,0,Tier A,tier_a_primary,Tier_A_full_context,c08_exclude_weak_session_bucket,midday_lull_120_240,-0.1762380357885976,0
2026.03.24 19:15:00,2026-03-24T19:15:00Z,oos,6753,0,Tier A,tier_a_primary,Tier_A_full_context,c08_exclude_weak_session_bucket,midday_lull_120_240,-0.1762380357885976,0
2026.03.24 19:20:00,2026-03-24T19:20:00Z,oos,6754,0,Tier A,tier_a_primary,Tier_A_full_context,c08_exclude_weak_session_bucket,midday_lull_120_240,-0.1762380357885976,0
2026.03.24 19:25:00,2026-03-24T19:25:00Z,oos,6755,0,Tier A,tier_a_primary,Tier_A_full_context,c08_exclude_weak_session_bucket,midday_lull_120_240,-0.1762380357885976,0
2026.03.24 19:30:00,2026-03-24T19:30:00Z,oos,6756,0,Tier A,tier_a_primary,Tier_A_full_context,c08_exclude_weak_session_bucket,midday_lull_120_240,-0.1762380357885976,0
2026.03.24 19:35:00,2026-03-24T19:35:00Z,oos,6757,0,Tier A,tier_a_primary,Tier_A_full_context,c08_exclude_weak_session_bucket,late_cash_240_330,-0.17209668943772988,0
2026.03.24 19:40:00,2026-03-24T19:40:00Z,oos,6758,0,Tier A,tier_a_primary,Tier_A_full_context,c08_exclude_weak_session_bucket,late_cash_240_330,-0.17209668943772988,0
2026.03.24 19:45:00,2026-03-24T19:45:00Z,oos,6759,0,Tier A,tier_a_primary,Tier_A_full_context,c08_exclude_weak_session_bucket,late_cash_240_330,-0.17209668943772988,0
2026.03.24 19:50:00,2026-03-24T19:50:00Z,oos,6760,0,Tier A,tier_a_primary,Tier_A_full_context,c08_exclude_weak_session_bucket,late_cash_240_330,-0.17209668943772988,0
2026.03.24 19:55:00,2026-03-24T19:55:00Z,oos,6761,0,Tier A,tier_a_primary,Tier_A_full_context,c08_exclude_weak_session_bucket,late_cash_240_330,-0.17209668943772988,0
2026.03.24 20:00:00,2026-03-24T20:00:00Z,oos,6762,0,Tier A,tier_a_primary,Tier_A_full_context,c08_exclude_weak_session_bucket,late_cash_240_330,-0.17209668943772988,0
2026.03.24 20:05:00,2026-03-24T20:05:00Z,oos,6763,0,Tier A,tier_a_primary,Tier_A_full_context,c08_exclude_weak_session_bucket,late_cash_240_330,-0.17209668943772988,0
2026.03.24 20:10:00,2026-03-24T20:10:00Z,oos,6764,0,Tier A,tier_a_primary,Tier_A_full_context,c08_exclude_weak_session_bucket,late_cash_240_330,-0.17209668943772988,0
2026.03.24 20:15:00,2026-03-24T20:15:00Z,oos,6765,0,Tier A,tier_a_primary,Tier_A_full_context,c08_exclude_weak_session_bucket,late_cash_240_330,-0.17209668943772988,0
2026.03.24 20:20:00,2026-03-24T20:20:00Z,oos,6766,0,Tier A,tier_a_primary,Tier_A_full_context,c08_exclude_weak_session_bucket,late_cash_240_330,-0.17209668943772988,0
2026.03.24 20:25:00,2026-03-24T20:25:00Z,oos,6767,0,Tier A,tier_a_primary,Tier_A_full_context,c08_exclude_weak_session_bucket,late_cash_240_330,-0.17209668943772988,0
2026.03.24 20:30:00,2026-03-24T20:30:00Z,oos,6768,1,Tier A,tier_a_primary,Tier_A_full_context,c08_exclude_weak_session_bucket,late_cash_240_330,-0.17209668943772988,1
2026.03.24 20:35:00,2026-03-24T20:35:00Z,oos,6769,0,Tier A,tier_a_primary,Tier_A_full_context,c08_exclude_weak_session_bucket,late_cash_240_330,-0.17209668943772988,0
2026.03.24 20:40:00,2026-03-24T20:40:00Z,oos,6770,1,Tier A,tier_a_primary,Tier_A_full_context,c08_exclude_weak_session_bucket,late_cash_240_330,-0.17209668943772988,1
2026.03.24 20:45:00,2026-03-24T20:45:00Z,oos,6771,-1,Tier A,tier_a_primary,Tier_A_full_context,c08_exclude_weak_session_bucket,late_cash_240_330,-0.17209668943772988,-1
2026.03.24 20:50:00,2026-03-24T20:50:00Z,oos,6772,0,Tier A,tier_a_primary,Tier_A_full_context,c08_exclude_weak_session_bucket,late_cash_240_330,-0.17209668943772988,0
2026.03.24 20:55:00,2026-03-24T20:55:00Z,oos,6773,0,Tier A,tier_a_primary,Tier_A_full_context,c08_exclude_weak_session_bucket,late_cash_240_330,-0.17209668943772988,0
2026.03.24 21:00:00,2026-03-24T21:00:00Z,oos,6774,0,Tier A,tier_a_primary,Tier_A_full_context,c08_exclude_weak_session_bucket,late_cash_240_330,-0.17209668943772988,0
2026.03.25 16:35:00,2026-03-25T16:35:00Z,oos,6775,1,Tier A,tier_a_primary,Tier_A_full_context,c08_exclude_weak_session_bucket,morning_60_120,-0.1698966408268734,1
2026.03.25 16:40:00,2026-03-25T16:40:00Z,oos,6776,0,Tier A,tier_a_primary,Tier_A_full_context,c08_exclude_weak_session_bucket,morning_60_120,-0.1698966408268734,0
2026.03.25 16:45:00,2026-03-25T16:45:00Z,oos,6777,0,Tier A,tier_a_primary,Tier_A_full_context,c08_exclude_weak_session_bucket,morning_60_120,-0.1698966408268734,0
2026.03.25 16:50:00,2026-03-25T16:50:00Z,oos,6778,0,Tier A,tier_a_primary,Tier_A_full_context,c08_exclude_weak_session_bucket,morning_60_120,-0.1698966408268734,0
2026.03.25 16:55:00,2026-03-25T16:55:00Z,oos,6779,0,Tier A,tier_a_primary,Tier_A_full_context,c08_exclude_weak_session_bucket,morning_60_120,-0.1698966408268734,0
2026.03.25 17:00:00,2026-03-25T17:00:00Z,oos,6780,0,Tier A,tier_a_primary,Tier_A_full_context,c08_exclude_weak_session_bucket,morning_60_120,-0.1698966408268734,0
2026.03.25 17:05:00,2026-03-25T17:05:00Z,oos,6781,0,Tier A,tier_a_primary,Tier_A_full_context,c08_exclude_weak_session_bucket,morning_60_120,-0.1698966408268734,0
2026.03.25 17:10:00,2026-03-25T17:10:00Z,oos,6782,0,Tier A,tier_a_primary,Tier_A_full_context,c08_exclude_weak_session_bucket,morning_60_120,-0.1698966408268734,0
2026.03.25 17:15:00,2026-03-25T17:15:00Z,oos,6783,0,Tier A,tier_a_primary,Tier_A_full_context,c08_exclude_weak_session_bucket,morning_60_120,-0.1698966408268734,0
2026.03.25 17:20:00,2026-03-25T17:20:00Z,oos,6784,0,Tier A,tier_a_primary,Tier_A_full_context,c08_exclude_weak_session_bucket,morning_60_120,-0.1698966408268734,0
2026.03.25 17:25:00,2026-03-25T17:25:00Z,oos,6785,0,Tier A,tier_a_primary,Tier_A_full_context,c08_exclude_weak_session_bucket,morning_60_120,-0.1698966408268734,0
2026.03.25 17:30:00,2026-03-25T17:30:00Z,oos,6786,0,Tier A,tier_a_primary,Tier_A_full_context,c08_exclude_weak_session_bucket,morning_60_120,-0.1698966408268734,0
2026.03.25 17:35:00,2026-03-25T17:35:00Z,oos,6787,0,Tier A,tier_a_primary,Tier_A_full_context,c08_exclude_weak_session_bucket,midday_lull_120_240,-0.1762380357885976,0
2026.03.25 17:40:00,2026-03-25T17:40:00Z,oos,6788,0,Tier A,tier_a_primary,Tier_A_full_context,c08_exclude_weak_session_bucket,midday_lull_120_240,-0.1762380357885976,0
2026.03.25 17:45:00,2026-03-25T17:45:00Z,oos,6789,0,Tier A,tier_a_primary,Tier_A_full_context,c08_exclude_weak_session_bucket,midday_lull_120_240,-0.1762380357885976,0
2026.03.25 17:50:00,2026-03-25T17:50:00Z,oos,6790,0,Tier A,tier_a_primary,Tier_A_full_context,c08_exclude_weak_session_bucket,midday_lull_120_240,-0.1762380357885976,0
2026.03.25 17:55:00,2026-03-25T17:55:00Z,oos,6791,0,Tier A,tier_a_primary,Tier_A_full_context,c08_exclude_weak_session_bucket,midday_lull_120_240,-0.1762380357885976,0
2026.03.25 18:00:00,2026-03-25T18:00:00Z,oos,6792,0,Tier A,tier_a_primary,Tier_A_full_context,c08_exclude_weak_session_bucket,midday_lull_120_240,-0.1762380357885976,0
2026.03.25 18:05:00,2026-03-25T18:05:00Z,oos,6793,0,Tier A,tier_a_primary,Tier_A_full_context,c08_exclude_weak_session_bucket,midday_lull_120_240,-0.1762380357885976,0
2026.03.25 18:10:00,2026-03-25T18:10:00Z,oos,6794,0,Tier A,tier_a_primary,Tier_A_full_context,c08_exclude_weak_session_bucket,midday_lull_120_240,-0.1762380357885976,0
2026.03.25 18:15:00,2026-03-25T18:15:00Z,oos,6795,0,Tier A,tier_a_primary,Tier_A_full_context,c08_exclude_weak_session_bucket,midday_lull_120_240,-0.1762380357885976,0
2026.03.25 18:20:00,2026-03-25T18:20:00Z,oos,6796,0,Tier A,tier_a_primary,Tier_A_full_context,c08_exclude_weak_session_bucket,midday_lull_120_240,-0.1762380357885976,0
2026.03.25 18:25:00,2026-03-25T18:25:00Z,oos,6797,0,Tier A,tier_a_primary,Tier_A_full_context,c08_exclude_weak_session_bucket,midday_lull_120_240,-0.1762380357885976,0
2026.03.25 18:30:00,2026-03-25T18:30:00Z,oos,6798,0,Tier A,tier_a_primary,Tier_A_full_context,c08_exclude_weak_session_bucket,midday_lull_120_240,-0.1762380357885976,0
2026.03.25 18:35:00,2026-03-25T18:35:00Z,oos,6799,0,Tier A,tier_a_primary,Tier_A_full_context,c08_exclude_weak_session_bucket,midday_lull_120_240,-0.1762380357885976,0
2026.03.25 18:40:00,2026-03-25T18:40:00Z,oos,6800,0,Tier A,tier_a_primary,Tier_A_full_context,c08_exclude_weak_session_bucket,midday_lull_120_240,-0.1762380357885976,0
2026.03.25 18:45:00,2026-03-25T18:45:00Z,oos,6801,0,Tier A,tier_a_primary,Tier_A_full_context,c08_exclude_weak_session_bucket,midday_lull_120_240,-0.1762380357885976,0
2026.03.25 18:50:00,2026-03-25T18:50:00Z,oos,6802,0,Tier A,tier_a_primary,Tier_A_full_context,c08_exclude_weak_session_bucket,midday_lull_120_240,-0.1762380357885976,0
2026.03.25 18:55:00,2026-03-25T18:55:00Z,oos,6803,0,Tier A,tier_a_primary,Tier_A_full_context,c08_exclude_weak_session_bucket,midday_lull_120_240,-0.1762380357885976,0
2026.03.25 19:00:00,2026-03-25T19:00:00Z,oos,6804,0,Tier A,tier_a_primary,Tier_A_full_context,c08_exclude_weak_session_bucket,midday_lull_120_240,-0.1762380357885976,0
2026.03.25 19:05:00,2026-03-25T19:05:00Z,oos,6805,0,Tier A,tier_a_primary,Tier_A_full_context,c08_exclude_weak_session_bucket,midday_lull_120_240,-0.1762380357885976,0
2026.03.25 19:10:00,2026-03-25T19:10:00Z,oos,6806,0,Tier A,tier_a_primary,Tier_A_full_context,c08_exclude_weak_session_bucket,midday_lull_120_240,-0.1762380357885976,0
2026.03.25 19:15:00,2026-03-25T19:15:00Z,oos,6807,0,Tier A,tier_a_primary,Tier_A_full_context,c08_exclude_weak_session_bucket,midday_lull_120_240,-0.1762380357885976,0
2026.03.25 19:20:00,2026-03-25T19:20:00Z,oos,6808,0,Tier A,tier_a_primary,Tier_A_full_context,c08_exclude_weak_session_bucket,midday_lull_120_240,-0.1762380357885976,0
2026.03.25 19:25:00,2026-03-25T19:25:00Z,oos,6809,0,Tier A,tier_a_primary,Tier_A_full_context,c08_exclude_weak_session_bucket,midday_lull_120_240,-0.1762380357885976,0
2026.03.25 19:30:00,2026-03-25T19:30:00Z,oos,6810,0,Tier A,tier_a_primary,Tier_A_full_context,c08_exclude_weak_session_bucket,midday_lull_120_240,-0.1762380357885976,0
2026.03.25 19:35:00,2026-03-25T19:35:00Z,oos,6811,0,Tier A,tier_a_primary,Tier_A_full_context,c08_exclude_weak_session_bucket,late_cash_240_330,-0.17209668943772988,0
2026.03.25 19:40:00,2026-03-25T19:40:00Z,oos,6812,0,Tier A,tier_a_primary,Tier_A_full_context,c08_exclude_weak_session_bucket,late_cash_240_330,-0.17209668943772988,0
2026.03.25 19:45:00,2026-03-25T19:45:00Z,oos,6813,0,Tier A,tier_a_primary,Tier_A_full_context,c08_exclude_weak_session_bucket,late_cash_240_330,-0.17209668943772988,0
2026.03.25 19:50:00,2026-03-25T19:50:00Z,oos,6814,0,Tier A,tier_a_primary,Tier_A_full_context,c08_exclude_weak_session_bucket,late_cash_240_330,-0.17209668943772988,0
2026.03.25 19:55:00,2026-03-25T19:55:00Z,oos,6815,0,Tier A,tier_a_primary,Tier_A_full_context,c08_exclude_weak_session_bucket,late_cash_240_330,-0.17209668943772988,0
2026.03.25 20:00:00,2026-03-25T20:00:00Z,oos,6816,0,Tier A,tier_a_primary,Tier_A_full_context,c08_exclude_weak_session_bucket,late_cash_240_330,-0.17209668943772988,0
2026.03.25 20:05:00,2026-03-25T20:05:00Z,oos,6817,0,Tier A,tier_a_primary,Tier_A_full_context,c08_exclude_weak_session_bucket,late_cash_240_330,-0.17209668943772988,0
2026.03.25 20:10:00,2026-03-25T20:10:00Z,oos,6818,0,Tier A,tier_a_primary,Tier_A_full_context,c08_exclude_weak_session_bucket,late_cash_240_330,-0.17209668943772988,0
2026.03.25 20:15:00,2026-03-25T20:15:00Z,oos,6819,0,Tier A,tier_a_primary,Tier_A_full_context,c08_exclude_weak_session_bucket,late_cash_240_330,-0.17209668943772988,0
2026.03.25 20:20:00,2026-03-25T20:20:00Z,oos,6820,0,Tier A,tier_a_primary,Tier_A_full_context,c08_exclude_weak_session_bucket,late_cash_240_330,-0.17209668943772988,0
2026.03.25 20:25:00,2026-03-25T20:25:00Z,oos,6821,0,Tier A,tier_a_primary,Tier_A_full_context,c08_exclude_weak_session_bucket,late_cash_240_330,-0.17209668943772988,0
2026.03.25 20:30:00,2026-03-25T20:30:00Z,oos,6822,0,Tier A,tier_a_primary,Tier_A_full_context,c08_exclude_weak_session_bucket,late_cash_240_330,-0.17209668943772988,0
2026.03.25 20:35:00,2026-03-25T20:35:00Z,oos,6823,0,Tier A,tier_a_primary,Tier_A_full_context,c08_exclude_weak_session_bucket,late_cash_240_330,-0.17209668943772988,0
2026.03.25 20:40:00,2026-03-25T20:40:00Z,oos,6824,0,Tier A,tier_a_primary,Tier_A_full_context,c08_exclude_weak_session_bucket,late_cash_240_330,-0.17209668943772988,0
2026.03.25 20:45:00,2026-03-25T20:45:00Z,oos,6825,0,Tier A,tier_a_primary,Tier_A_full_context,c08_exclude_weak_session_bucket,late_cash_240_330,-0.17209668943772988,0
2026.03.25 20:50:00,2026-03-25T20:50:00Z,oos,6826,0,Tier A,tier_a_primary,Tier_A_full_context,c08_exclude_weak_session_bucket,late_cash_240_330,-0.17209668943772988,0
2026.03.25 20:55:00,2026-03-25T20:55:00Z,oos,6827,0,Tier A,tier_a_primary,Tier_A_full_context,c08_exclude_weak_session_bucket,late_cash_240_330,-0.17209668943772988,0
2026.03.25 21:00:00,2026-03-25T21:00:00Z,oos,6828,0,Tier A,tier_a_primary,Tier_A_full_context,c08_exclude_weak_session_bucket,late_cash_240_330,-0.17209668943772988,0
2026.03.26 16:35:00,2026-03-26T16:35:00Z,oos,6829,-1,Tier A,tier_a_primary,Tier_A_full_context,c08_exclude_weak_session_bucket,morning_60_120,-0.1698966408268734,-1
2026.03.26 16:40:00,2026-03-26T16:40:00Z,oos,6830,-1,Tier A,tier_a_primary,Tier_A_full_context,c08_exclude_weak_session_bucket,morning_60_120,-0.1698966408268734,-1
2026.03.26 16:45:00,2026-03-26T16:45:00Z,oos,6831,1,Tier A,tier_a_primary,Tier_A_full_context,c08_exclude_weak_session_bucket,morning_60_120,-0.1698966408268734,1
2026.03.26 16:50:00,2026-03-26T16:50:00Z,oos,6832,0,Tier A,tier_a_primary,Tier_A_full_context,c08_exclude_weak_session_bucket,morning_60_120,-0.1698966408268734,0
2026.03.26 16:55:00,2026-03-26T16:55:00Z,oos,6833,1,Tier A,tier_a_primary,Tier_A_full_context,c08_exclude_weak_session_bucket,morning_60_120,-0.1698966408268734,1
2026.03.26 17:00:00,2026-03-26T17:00:00Z,oos,6834,0,Tier A,tier_a_primary,Tier_A_full_context,c08_exclude_weak_session_bucket,morning_60_120,-0.1698966408268734,0
2026.03.26 17:05:00,2026-03-26T17:05:00Z,oos,6835,0,Tier A,tier_a_primary,Tier_A_full_context,c08_exclude_weak_session_bucket,morning_60_120,-0.1698966408268734,0
2026.03.26 17:10:00,2026-03-26T17:10:00Z,oos,6836,0,Tier A,tier_a_primary,Tier_A_full_context,c08_exclude_weak_session_bucket,morning_60_120,-0.1698966408268734,0
2026.03.26 17:15:00,2026-03-26T17:15:00Z,oos,6837,0,Tier A,tier_a_primary,Tier_A_full_context,c08_exclude_weak_session_bucket,morning_60_120,-0.1698966408268734,0
2026.03.26 17:20:00,2026-03-26T17:20:00Z,oos,6838,0,Tier A,tier_a_primary,Tier_A_full_context,c08_exclude_weak_session_bucket,morning_60_120,-0.1698966408268734,0
2026.03.26 17:25:00,2026-03-26T17:25:00Z,oos,6839,0,Tier A,tier_a_primary,Tier_A_full_context,c08_exclude_weak_session_bucket,morning_60_120,-0.1698966408268734,0
2026.03.26 17:30:00,2026-03-26T17:30:00Z,oos,6840,0,Tier A,tier_a_primary,Tier_A_full_context,c08_exclude_weak_session_bucket,morning_60_120,-0.1698966408268734,0
2026.03.26 17:35:00,2026-03-26T17:35:00Z,oos,6841,0,Tier A,tier_a_primary,Tier_A_full_context,c08_exclude_weak_session_bucket,midday_lull_120_240,-0.1762380357885976,0
2026.03.26 17:40:00,2026-03-26T17:40:00Z,oos,6842,0,Tier A,tier_a_primary,Tier_A_full_context,c08_exclude_weak_session_bucket,midday_lull_120_240,-0.1762380357885976,0
2026.03.26 17:45:00,2026-03-26T17:45:00Z,oos,6843,0,Tier A,tier_a_primary,Tier_A_full_context,c08_exclude_weak_session_bucket,midday_lull_120_240,-0.1762380357885976,0
2026.03.26 17:50:00,2026-03-26T17:50:00Z,oos,6844,0,Tier A,tier_a_primary,Tier_A_full_context,c08_exclude_weak_session_bucket,midday_lull_120_240,-0.1762380357885976,0
2026.03.26 17:55:00,2026-03-26T17:55:00Z,oos,6845,0,Tier A,tier_a_primary,Tier_A_full_context,c08_exclude_weak_session_bucket,midday_lull_120_240,-0.1762380357885976,0
2026.03.26 18:00:00,2026-03-26T18:00:00Z,oos,6846,0,Tier A,tier_a_primary,Tier_A_full_context,c08_exclude_weak_session_bucket,midday_lull_120_240,-0.1762380357885976,0
2026.03.26 18:05:00,2026-03-26T18:05:00Z,oos,6847,0,Tier A,tier_a_primary,Tier_A_full_context,c08_exclude_weak_session_bucket,midday_lull_120_240,-0.1762380357885976,0
2026.03.26 18:10:00,2026-03-26T18:10:00Z,oos,6848,0,Tier A,tier_a_primary,Tier_A_full_context,c08_exclude_weak_session_bucket,midday_lull_120_240,-0.1762380357885976,0
2026.03.26 18:15:00,2026-03-26T18:15:00Z,oos,6849,0,Tier A,tier_a_primary,Tier_A_full_context,c08_exclude_weak_session_bucket,midday_lull_120_240,-0.1762380357885976,0
2026.03.26 18:20:00,2026-03-26T18:20:00Z,oos,6850,0,Tier A,tier_a_primary,Tier_A_full_context,c08_exclude_weak_session_bucket,midday_lull_120_240,-0.1762380357885976,0
2026.03.26 18:25:00,2026-03-26T18:25:00Z,oos,6851,0,Tier A,tier_a_primary,Tier_A_full_context,c08_exclude_weak_session_bucket,midday_lull_120_240,-0.1762380357885976,0
2026.03.26 18:30:00,2026-03-26T18:30:00Z,oos,6852,0,Tier A,tier_a_primary,Tier_A_full_context,c08_exclude_weak_session_bucket,midday_lull_120_240,-0.1762380357885976,0
2026.03.26 18:35:00,2026-03-26T18:35:00Z,oos,6853,0,Tier A,tier_a_primary,Tier_A_full_context,c08_exclude_weak_session_bucket,midday_lull_120_240,-0.1762380357885976,0
2026.03.26 18:40:00,2026-03-26T18:40:00Z,oos,6854,0,Tier A,tier_a_primary,Tier_A_full_context,c08_exclude_weak_session_bucket,midday_lull_120_240,-0.1762380357885976,0
2026.03.26 18:45:00,2026-03-26T18:45:00Z,oos,6855,0,Tier A,tier_a_primary,Tier_A_full_context,c08_exclude_weak_session_bucket,midday_lull_120_240,-0.1762380357885976,0
2026.03.26 18:50:00,2026-03-26T18:50:00Z,oos,6856,0,Tier A,tier_a_primary,Tier_A_full_context,c08_exclude_weak_session_bucket,midday_lull_120_240,-0.1762380357885976,0
2026.03.26 18:55:00,2026-03-26T18:55:00Z,oos,6857,0,Tier A,tier_a_primary,Tier_A_full_context,c08_exclude_weak_session_bucket,midday_lull_120_240,-0.1762380357885976,0
2026.03.26 19:00:00,2026-03-26T19:00:00Z,oos,6858,0,Tier A,tier_a_primary,Tier_A_full_context,c08_exclude_weak_session_bucket,midday_lull_120_240,-0.1762380357885976,0
2026.03.26 19:05:00,2026-03-26T19:05:00Z,oos,6859,0,Tier A,tier_a_primary,Tier_A_full_context,c08_exclude_weak_session_bucket,midday_lull_120_240,-0.1762380357885976,0
2026.03.26 19:10:00,2026-03-26T19:10:00Z,oos,6860,0,Tier A,tier_a_primary,Tier_A_full_context,c08_exclude_weak_session_bucket,midday_lull_120_240,-0.1762380357885976,0
2026.03.26 19:15:00,2026-03-26T19:15:00Z,oos,6861,0,Tier A,tier_a_primary,Tier_A_full_context,c08_exclude_weak_session_bucket,midday_lull_120_240,-0.1762380357885976,0
2026.03.26 19:20:00,2026-03-26T19:20:00Z,oos,6862,0,Tier A,tier_a_primary,Tier_A_full_context,c08_exclude_weak_session_bucket,midday_lull_120_240,-0.1762380357885976,0
2026.03.26 19:25:00,2026-03-26T19:25:00Z,oos,6863,0,Tier A,tier_a_primary,Tier_A_full_context,c08_exclude_weak_session_bucket,midday_lull_120_240,-0.1762380357885976,0
2026.03.26 19:30:00,2026-03-26T19:30:00Z,oos,6864,0,Tier A,tier_a_primary,Tier_A_full_context,c08_exclude_weak_session_bucket,midday_lull_120_240,-0.1762380357885976,0
2026.03.26 19:35:00,2026-03-26T19:35:00Z,oos,6865,0,Tier A,tier_a_primary,Tier_A_full_context,c08_exclude_weak_session_bucket,late_cash_240_330,-0.17209668943772988,0
2026.03.26 19:40:00,2026-03-26T19:40:00Z,oos,6866,0,Tier A,tier_a_primary,Tier_A_full_context,c08_exclude_weak_session_bucket,late_cash_240_330,-0.17209668943772988,0
2026.03.26 19:45:00,2026-03-26T19:45:00Z,oos,6867,1,Tier A,tier_a_primary,Tier_A_full_context,c08_exclude_weak_session_bucket,late_cash_240_330,-0.17209668943772988,1
2026.03.26 19:50:00,2026-03-26T19:50:00Z,oos,6868,0,Tier A,tier_a_primary,Tier_A_full_context,c08_exclude_weak_session_bucket,late_cash_240_330,-0.17209668943772988,0
2026.03.26 19:55:00,2026-03-26T19:55:00Z,oos,6869,1,Tier A,tier_a_primary,Tier_A_full_context,c08_exclude_weak_session_bucket,late_cash_240_330,-0.17209668943772988,1
2026.03.26 20:00:00,2026-03-26T20:00:00Z,oos,6870,0,Tier A,tier_a_primary,Tier_A_full_context,c08_exclude_weak_session_bucket,late_cash_240_330,-0.17209668943772988,0
2026.03.26 20:05:00,2026-03-26T20:05:00Z,oos,6871,0,Tier A,tier_a_primary,Tier_A_full_context,c08_exclude_weak_session_bucket,late_cash_240_330,-0.17209668943772988,0
2026.03.26 20:10:00,2026-03-26T20:10:00Z,oos,6872,0,Tier A,tier_a_primary,Tier_A_full_context,c08_exclude_weak_session_bucket,late_cash_240_330,-0.17209668943772988,0
2026.03.26 20:15:00,2026-03-26T20:15:00Z,oos,6873,-1,Tier A,tier_a_primary,Tier_A_full_context,c08_exclude_weak_session_bucket,late_cash_240_330,-0.17209668943772988,-1
2026.03.26 20:20:00,2026-03-26T20:20:00Z,oos,6874,1,Tier A,tier_a_primary,Tier_A_full_context,c08_exclude_weak_session_bucket,late_cash_240_330,-0.17209668943772988,1
2026.03.26 20:25:00,2026-03-26T20:25:00Z,oos,6875,-1,Tier A,tier_a_primary,Tier_A_full_context,c08_exclude_weak_session_bucket,late_cash_240_330,-0.17209668943772988,-1
2026.03.26 20:30:00,2026-03-26T20:30:00Z,oos,6876,1,Tier A,tier_a_primary,Tier_A_full_context,c08_exclude_weak_session_bucket,late_cash_240_330,-0.17209668943772988,1
2026.03.26 20:35:00,2026-03-26T20:35:00Z,oos,6877,1,Tier A,tier_a_primary,Tier_A_full_context,c08_exclude_weak_session_bucket,late_cash_240_330,-0.17209668943772988,1
2026.03.26 20:40:00,2026-03-26T20:40:00Z,oos,6878,-1,Tier A,tier_a_primary,Tier_A_full_context,c08_exclude_weak_session_bucket,late_cash_240_330,-0.17209668943772988,-1
2026.03.26 20:45:00,2026-03-26T20:45:00Z,oos,6879,-1,Tier A,tier_a_primary,Tier_A_full_context,c08_exclude_weak_session_bucket,late_cash_240_330,-0.17209668943772988,-1
2026.03.26 20:50:00,2026-03-26T20:50:00Z,oos,6880,-1,Tier A,tier_a_primary,Tier_A_full_context,c08_exclude_weak_session_bucket,late_cash_240_330,-0.17209668943772988,-1
2026.03.26 20:55:00,2026-03-26T20:55:00Z,oos,6881,0,Tier A,tier_a_primary,Tier_A_full_context,c08_exclude_weak_session_bucket,late_cash_240_330,-0.17209668943772988,0
2026.03.26 21:00:00,2026-03-26T21:00:00Z,oos,6882,0,Tier A,tier_a_primary,Tier_A_full_context,c08_exclude_weak_session_bucket,late_cash_240_330,-0.17209668943772988,0
2026.03.27 16:35:00,2026-03-27T16:35:00Z,oos,6883,-1,Tier A,tier_a_primary,Tier_A_full_context,c08_exclude_weak_session_bucket,morning_60_120,-0.1698966408268734,-1
2026.03.27 16:40:00,2026-03-27T16:40:00Z,oos,6884,1,Tier A,tier_a_primary,Tier_A_full_context,c08_exclude_weak_session_bucket,morning_60_120,-0.1698966408268734,1
2026.03.27 16:45:00,2026-03-27T16:45:00Z,oos,6885,0,Tier A,tier_a_primary,Tier_A_full_context,c08_exclude_weak_session_bucket,morning_60_120,-0.1698966408268734,0
2026.03.27 16:50:00,2026-03-27T16:50:00Z,oos,6886,1,Tier A,tier_a_primary,Tier_A_full_context,c08_exclude_weak_session_bucket,morning_60_120,-0.1698966408268734,1
2026.03.27 16:55:00,2026-03-27T16:55:00Z,oos,6887,-1,Tier A,tier_a_primary,Tier_A_full_context,c08_exclude_weak_session_bucket,morning_60_120,-0.1698966408268734,-1
2026.03.27 17:00:00,2026-03-27T17:00:00Z,oos,6888,-1,Tier A,tier_a_primary,Tier_A_full_context,c08_exclude_weak_session_bucket,morning_60_120,-0.1698966408268734,-1
2026.03.27 17:05:00,2026-03-27T17:05:00Z,oos,6889,1,Tier A,tier_a_primary,Tier_A_full_context,c08_exclude_weak_session_bucket,morning_60_120,-0.1698966408268734,1
2026.03.27 17:10:00,2026-03-27T17:10:00Z,oos,6890,0,Tier A,tier_a_primary,Tier_A_full_context,c08_exclude_weak_session_bucket,morning_60_120,-0.1698966408268734,0
2026.03.27 17:15:00,2026-03-27T17:15:00Z,oos,6891,1,Tier A,tier_a_primary,Tier_A_full_context,c08_exclude_weak_session_bucket,morning_60_120,-0.1698966408268734,1
2026.03.27 17:20:00,2026-03-27T17:20:00Z,oos,6892,0,Tier A,tier_a_primary,Tier_A_full_context,c08_exclude_weak_session_bucket,morning_60_120,-0.1698966408268734,0
2026.03.27 17:25:00,2026-03-27T17:25:00Z,oos,6893,0,Tier A,tier_a_primary,Tier_A_full_context,c08_exclude_weak_session_bucket,morning_60_120,-0.1698966408268734,0
2026.03.27 17:30:00,2026-03-27T17:30:00Z,oos,6894,0,Tier A,tier_a_primary,Tier_A_full_context,c08_exclude_weak_session_bucket,morning_60_120,-0.1698966408268734,0
2026.03.27 17:35:00,2026-03-27T17:35:00Z,oos,6895,0,Tier A,tier_a_primary,Tier_A_full_context,c08_exclude_weak_session_bucket,midday_lull_120_240,-0.1762380357885976,0
2026.03.27 17:40:00,2026-03-27T17:40:00Z,oos,6896,0,Tier A,tier_a_primary,Tier_A_full_context,c08_exclude_weak_session_bucket,midday_lull_120_240,-0.1762380357885976,0
2026.03.27 17:45:00,2026-03-27T17:45:00Z,oos,6897,0,Tier A,tier_a_primary,Tier_A_full_context,c08_exclude_weak_session_bucket,midday_lull_120_240,-0.1762380357885976,0
2026.03.27 17:50:00,2026-03-27T17:50:00Z,oos,6898,0,Tier A,tier_a_primary,Tier_A_full_context,c08_exclude_weak_session_bucket,midday_lull_120_240,-0.1762380357885976,0
2026.03.27 17:55:00,2026-03-27T17:55:00Z,oos,6899,0,Tier A,tier_a_primary,Tier_A_full_context,c08_exclude_weak_session_bucket,midday_lull_120_240,-0.1762380357885976,0
2026.03.27 18:00:00,2026-03-27T18:00:00Z,oos,6900,0,Tier A,tier_a_primary,Tier_A_full_context,c08_exclude_weak_session_bucket,midday_lull_120_240,-0.1762380357885976,0
2026.03.27 18:05:00,2026-03-27T18:05:00Z,oos,6901,0,Tier A,tier_a_primary,Tier_A_full_context,c08_exclude_weak_session_bucket,midday_lull_120_240,-0.1762380357885976,0
2026.03.27 18:10:00,2026-03-27T18:10:00Z,oos,6902,0,Tier A,tier_a_primary,Tier_A_full_context,c08_exclude_weak_session_bucket,midday_lull_120_240,-0.1762380357885976,0
2026.03.27 18:15:00,2026-03-27T18:15:00Z,oos,6903,0,Tier A,tier_a_primary,Tier_A_full_context,c08_exclude_weak_session_bucket,midday_lull_120_240,-0.1762380357885976,0
2026.03.27 18:20:00,2026-03-27T18:20:00Z,oos,6904,0,Tier A,tier_a_primary,Tier_A_full_context,c08_exclude_weak_session_bucket,midday_lull_120_240,-0.1762380357885976,0
2026.03.27 18:25:00,2026-03-27T18:25:00Z,oos,6905,0,Tier A,tier_a_primary,Tier_A_full_context,c08_exclude_weak_session_bucket,midday_lull_120_240,-0.1762380357885976,0
2026.03.27 18:30:00,2026-03-27T18:30:00Z,oos,6906,0,Tier A,tier_a_primary,Tier_A_full_context,c08_exclude_weak_session_bucket,midday_lull_120_240,-0.1762380357885976,0
2026.03.27 18:35:00,2026-03-27T18:35:00Z,oos,6907,0,Tier A,tier_a_primary,Tier_A_full_context,c08_exclude_weak_session_bucket,midday_lull_120_240,-0.1762380357885976,0
2026.03.27 18:40:00,2026-03-27T18:40:00Z,oos,6908,0,Tier A,tier_a_primary,Tier_A_full_context,c08_exclude_weak_session_bucket,midday_lull_120_240,-0.1762380357885976,0
2026.03.27 18:45:00,2026-03-27T18:45:00Z,oos,6909,0,Tier A,tier_a_primary,Tier_A_full_context,c08_exclude_weak_session_bucket,midday_lull_120_240,-0.1762380357885976,0
2026.03.27 18:50:00,2026-03-27T18:50:00Z,oos,6910,0,Tier A,tier_a_primary,Tier_A_full_context,c08_exclude_weak_session_bucket,midday_lull_120_240,-0.1762380357885976,0
2026.03.27 18:55:00,2026-03-27T18:55:00Z,oos,6911,0,Tier A,tier_a_primary,Tier_A_full_context,c08_exclude_weak_session_bucket,midday_lull_120_240,-0.1762380357885976,0
2026.03.27 19:00:00,2026-03-27T19:00:00Z,oos,6912,0,Tier A,tier_a_primary,Tier_A_full_context,c08_exclude_weak_session_bucket,midday_lull_120_240,-0.1762380357885976,0
2026.03.27 19:05:00,2026-03-27T19:05:00Z,oos,6913,0,Tier A,tier_a_primary,Tier_A_full_context,c08_exclude_weak_session_bucket,midday_lull_120_240,-0.1762380357885976,0
2026.03.27 19:10:00,2026-03-27T19:10:00Z,oos,6914,0,Tier A,tier_a_primary,Tier_A_full_context,c08_exclude_weak_session_bucket,midday_lull_120_240,-0.1762380357885976,0
2026.03.27 19:15:00,2026-03-27T19:15:00Z,oos,6915,0,Tier A,tier_a_primary,Tier_A_full_context,c08_exclude_weak_session_bucket,midday_lull_120_240,-0.1762380357885976,0
2026.03.27 19:20:00,2026-03-27T19:20:00Z,oos,6916,0,Tier A,tier_a_primary,Tier_A_full_context,c08_exclude_weak_session_bucket,midday_lull_120_240,-0.1762380357885976,0
2026.03.27 19:25:00,2026-03-27T19:25:00Z,oos,6917,0,Tier A,tier_a_primary,Tier_A_full_context,c08_exclude_weak_session_bucket,midday_lull_120_240,-0.1762380357885976,0
2026.03.27 19:30:00,2026-03-27T19:30:00Z,oos,6918,0,Tier A,tier_a_primary,Tier_A_full_context,c08_exclude_weak_session_bucket,midday_lull_120_240,-0.1762380357885976,0
2026.03.27 19:35:00,2026-03-27T19:35:00Z,oos,6919,0,Tier A,tier_a_primary,Tier_A_full_context,c08_exclude_weak_session_bucket,late_cash_240_330,-0.17209668943772988,0
2026.03.27 19:40:00,2026-03-27T19:40:00Z,oos,6920,0,Tier A,tier_a_primary,Tier_A_full_context,c08_exclude_weak_session_bucket,late_cash_240_330,-0.17209668943772988,0
2026.03.27 19:45:00,2026-03-27T19:45:00Z,oos,6921,0,Tier A,tier_a_primary,Tier_A_full_context,c08_exclude_weak_session_bucket,late_cash_240_330,-0.17209668943772988,0
2026.03.27 19:50:00,2026-03-27T19:50:00Z,oos,6922,0,Tier A,tier_a_primary,Tier_A_full_context,c08_exclude_weak_session_bucket,late_cash_240_330,-0.17209668943772988,0
2026.03.27 19:55:00,2026-03-27T19:55:00Z,oos,6923,0,Tier A,tier_a_primary,Tier_A_full_context,c08_exclude_weak_session_bucket,late_cash_240_330,-0.17209668943772988,0
2026.03.27 20:00:00,2026-03-27T20:00:00Z,oos,6924,0,Tier A,tier_a_primary,Tier_A_full_context,c08_exclude_weak_session_bucket,late_cash_240_330,-0.17209668943772988,0
2026.03.27 20:05:00,2026-03-27T20:05:00Z,oos,6925,0,Tier A,tier_a_primary,Tier_A_full_context,c08_exclude_weak_session_bucket,late_cash_240_330,-0.17209668943772988,0
2026.03.27 20:10:00,2026-03-27T20:10:00Z,oos,6926,0,Tier A,tier_a_primary,Tier_A_full_context,c08_exclude_weak_session_bucket,late_cash_240_330,-0.17209668943772988,0
2026.03.27 20:15:00,2026-03-27T20:15:00Z,oos,6927,0,Tier A,tier_a_primary,Tier_A_full_context,c08_exclude_weak_session_bucket,late_cash_240_330,-0.17209668943772988,0
2026.03.27 20:20:00,2026-03-27T20:20:00Z,oos,6928,0,Tier A,tier_a_primary,Tier_A_full_context,c08_exclude_weak_session_bucket,late_cash_240_330,-0.17209668943772988,0
2026.03.27 20:25:00,2026-03-27T20:25:00Z,oos,6929,0,Tier A,tier_a_primary,Tier_A_full_context,c08_exclude_weak_session_bucket,late_cash_240_330,-0.17209668943772988,0
2026.03.27 20:30:00,2026-03-27T20:30:00Z,oos,6930,0,Tier A,tier_a_primary,Tier_A_full_context,c08_exclude_weak_session_bucket,late_cash_240_330,-0.17209668943772988,0
2026.03.27 20:35:00,2026-03-27T20:35:00Z,oos,6931,0,Tier A,tier_a_primary,Tier_A_full_context,c08_exclude_weak_session_bucket,late_cash_240_330,-0.17209668943772988,0
2026.03.27 20:40:00,2026-03-27T20:40:00Z,oos,6932,0,Tier A,tier_a_primary,Tier_A_full_context,c08_exclude_weak_session_bucket,late_cash_240_330,-0.17209668943772988,0
2026.03.27 20:45:00,2026-03-27T20:45:00Z,oos,6933,0,Tier A,tier_a_primary,Tier_A_full_context,c08_exclude_weak_session_bucket,late_cash_240_330,-0.17209668943772988,0
2026.03.27 20:50:00,2026-03-27T20:50:00Z,oos,6934,0,Tier A,tier_a_primary,Tier_A_full_context,c08_exclude_weak_session_bucket,late_cash_240_330,-0.17209668943772988,0
2026.03.27 20:55:00,2026-03-27T20:55:00Z,oos,6935,0,Tier A,tier_a_primary,Tier_A_full_context,c08_exclude_weak_session_bucket,late_cash_240_330,-0.17209668943772988,0
2026.03.27 21:00:00,2026-03-27T21:00:00Z,oos,6936,0,Tier A,tier_a_primary,Tier_A_full_context,c08_exclude_weak_session_bucket,late_cash_240_330,-0.17209668943772988,0
2026.03.30 16:35:00,2026-03-30T16:35:00Z,oos,6937,-1,Tier A,tier_a_primary,Tier_A_full_context,c08_exclude_weak_session_bucket,cash_open_0_30,-0.09635811836115327,-1
2026.03.30 16:40:00,2026-03-30T16:40:00Z,oos,6938,-1,Tier A,tier_a_primary,Tier_A_full_context,c08_exclude_weak_session_bucket,cash_open_0_30,-0.09635811836115327,-1
2026.03.30 16:45:00,2026-03-30T16:45:00Z,oos,6939,-1,Tier A,tier_a_primary,Tier_A_full_context,c08_exclude_weak_session_bucket,cash_open_0_30,-0.09635811836115327,-1
2026.03.30 16:50:00,2026-03-30T16:50:00Z,oos,6940,-1,Tier A,tier_a_primary,Tier_A_full_context,c08_exclude_weak_session_bucket,cash_open_0_30,-0.09635811836115327,-1
2026.03.30 16:55:00,2026-03-30T16:55:00Z,oos,6941,0,Tier A,tier_a_primary,Tier_A_full_context,c08_exclude_weak_session_bucket,cash_open_0_30,-0.09635811836115327,0
2026.03.30 17:00:00,2026-03-30T17:00:00Z,oos,6942,-1,Tier A,tier_a_primary,Tier_A_full_context,c08_exclude_weak_session_bucket,cash_open_0_30,-0.09635811836115327,-1
2026.03.30 17:05:00,2026-03-30T17:05:00Z,oos,6943,1,Tier A,tier_a_primary,Tier_A_full_context,c08_exclude_weak_session_bucket,early_cash_30_60,-0.12775735294117646,1
2026.03.30 17:10:00,2026-03-30T17:10:00Z,oos,6944,1,Tier A,tier_a_primary,Tier_A_full_context,c08_exclude_weak_session_bucket,early_cash_30_60,-0.12775735294117646,1
2026.03.30 17:15:00,2026-03-30T17:15:00Z,oos,6945,1,Tier A,tier_a_primary,Tier_A_full_context,c08_exclude_weak_session_bucket,early_cash_30_60,-0.12775735294117646,1
2026.03.30 17:20:00,2026-03-30T17:20:00Z,oos,6946,0,Tier A,tier_a_primary,Tier_A_full_context,c08_exclude_weak_session_bucket,early_cash_30_60,-0.12775735294117646,0
2026.03.30 17:25:00,2026-03-30T17:25:00Z,oos,6947,1,Tier A,tier_a_primary,Tier_A_full_context,c08_exclude_weak_session_bucket,early_cash_30_60,-0.12775735294117646,1
2026.03.30 17:30:00,2026-03-30T17:30:00Z,oos,6948,-1,Tier A,tier_a_primary,Tier_A_full_context,c08_exclude_weak_session_bucket,early_cash_30_60,-0.12775735294117646,-1
2026.03.30 17:35:00,2026-03-30T17:35:00Z,oos,6949,0,Tier A,tier_a_primary,Tier_A_full_context,c08_exclude_weak_session_bucket,morning_60_120,-0.1698966408268734,0
2026.03.30 17:40:00,2026-03-30T17:40:00Z,oos,6950,0,Tier A,tier_a_primary,Tier_A_full_context,c08_exclude_weak_session_bucket,morning_60_120,-0.1698966408268734,0
2026.03.30 17:45:00,2026-03-30T17:45:00Z,oos,6951,-1,Tier A,tier_a_primary,Tier_A_full_context,c08_exclude_weak_session_bucket,morning_60_120,-0.1698966408268734,-1
2026.03.30 17:50:00,2026-03-30T17:50:00Z,oos,6952,1,Tier A,tier_a_primary,Tier_A_full_context,c08_exclude_weak_session_bucket,morning_60_120,-0.1698966408268734,1
2026.03.30 17:55:00,2026-03-30T17:55:00Z,oos,6953,1,Tier A,tier_a_primary,Tier_A_full_context,c08_exclude_weak_session_bucket,morning_60_120,-0.1698966408268734,1
2026.03.30 18:00:00,2026-03-30T18:00:00Z,oos,6954,1,Tier A,tier_a_primary,Tier_A_full_context,c08_exclude_weak_session_bucket,morning_60_120,-0.1698966408268734,1
2026.03.30 18:05:00,2026-03-30T18:05:00Z,oos,6955,1,Tier A,tier_a_primary,Tier_A_full_context,c08_exclude_weak_session_bucket,morning_60_120,-0.1698966408268734,1
2026.03.30 18:10:00,2026-03-30T18:10:00Z,oos,6956,-1,Tier A,tier_a_primary,Tier_A_full_context,c08_exclude_weak_session_bucket,morning_60_120,-0.1698966408268734,-1
2026.03.30 18:15:00,2026-03-30T18:15:00Z,oos,6957,0,Tier A,tier_a_primary,Tier_A_full_context,c08_exclude_weak_session_bucket,morning_60_120,-0.1698966408268734,0
2026.03.30 18:20:00,2026-03-30T18:20:00Z,oos,6958,0,Tier A,tier_a_primary,Tier_A_full_context,c08_exclude_weak_session_bucket,morning_60_120,-0.1698966408268734,0
2026.03.30 18:25:00,2026-03-30T18:25:00Z,oos,6959,1,Tier A,tier_a_primary,Tier_A_full_context,c08_exclude_weak_session_bucket,morning_60_120,-0.1698966408268734,1
2026.03.30 18:30:00,2026-03-30T18:30:00Z,oos,6960,0,Tier A,tier_a_primary,Tier_A_full_context,c08_exclude_weak_session_bucket,morning_60_120,-0.1698966408268734,0
2026.03.30 18:35:00,2026-03-30T18:35:00Z,oos,6961,0,Tier A,tier_a_primary,Tier_A_full_context,c08_exclude_weak_session_bucket,midday_lull_120_240,-0.1762380357885976,0
2026.03.30 18:40:00,2026-03-30T18:40:00Z,oos,6962,0,Tier A,tier_a_primary,Tier_A_full_context,c08_exclude_weak_session_bucket,midday_lull_120_240,-0.1762380357885976,0
2026.03.30 18:45:00,2026-03-30T18:45:00Z,oos,6963,0,Tier A,tier_a_primary,Tier_A_full_context,c08_exclude_weak_session_bucket,midday_lull_120_240,-0.1762380357885976,0
2026.03.30 18:50:00,2026-03-30T18:50:00Z,oos,6964,0,Tier A,tier_a_primary,Tier_A_full_context,c08_exclude_weak_session_bucket,midday_lull_120_240,-0.1762380357885976,0
2026.03.30 18:55:00,2026-03-30T18:55:00Z,oos,6965,0,Tier A,tier_a_primary,Tier_A_full_context,c08_exclude_weak_session_bucket,midday_lull_120_240,-0.1762380357885976,0
2026.03.30 19:00:00,2026-03-30T19:00:00Z,oos,6966,0,Tier A,tier_a_primary,Tier_A_full_context,c08_exclude_weak_session_bucket,midday_lull_120_240,-0.1762380357885976,0
2026.03.30 19:05:00,2026-03-30T19:05:00Z,oos,6967,0,Tier A,tier_a_primary,Tier_A_full_context,c08_exclude_weak_session_bucket,midday_lull_120_240,-0.1762380357885976,0
2026.03.30 19:10:00,2026-03-30T19:10:00Z,oos,6968,0,Tier A,tier_a_primary,Tier_A_full_context,c08_exclude_weak_session_bucket,midday_lull_120_240,-0.1762380357885976,0
2026.03.30 19:15:00,2026-03-30T19:15:00Z,oos,6969,0,Tier A,tier_a_primary,Tier_A_full_context,c08_exclude_weak_session_bucket,midday_lull_120_240,-0.1762380357885976,0
2026.03.30 19:20:00,2026-03-30T19:20:00Z,oos,6970,0,Tier A,tier_a_primary,Tier_A_full_context,c08_exclude_weak_session_bucket,midday_lull_120_240,-0.1762380357885976,0
2026.03.30 19:25:00,2026-03-30T19:25:00Z,oos,6971,0,Tier A,tier_a_primary,Tier_A_full_context,c08_exclude_weak_session_bucket,midday_lull_120_240,-0.1762380357885976,0
2026.03.30 19:30:00,2026-03-30T19:30:00Z,oos,6972,0,Tier A,tier_a_primary,Tier_A_full_context,c08_exclude_weak_session_bucket,midday_lull_120_240,-0.1762380357885976,0
2026.03.30 19:35:00,2026-03-30T19:35:00Z,oos,6973,0,Tier A,tier_a_primary,Tier_A_full_context,c08_exclude_weak_session_bucket,midday_lull_120_240,-0.1762380357885976,0
2026.03.30 19:40:00,2026-03-30T19:40:00Z,oos,6974,0,Tier A,tier_a_primary,Tier_A_full_context,c08_exclude_weak_session_bucket,midday_lull_120_240,-0.1762380357885976,0
2026.03.30 19:45:00,2026-03-30T19:45:00Z,oos,6975,0,Tier A,tier_a_primary,Tier_A_full_context,c08_exclude_weak_session_bucket,midday_lull_120_240,-0.1762380357885976,0
2026.03.30 19:50:00,2026-03-30T19:50:00Z,oos,6976,0,Tier A,tier_a_primary,Tier_A_full_context,c08_exclude_weak_session_bucket,midday_lull_120_240,-0.1762380357885976,0
2026.03.30 19:55:00,2026-03-30T19:55:00Z,oos,6977,0,Tier A,tier_a_primary,Tier_A_full_context,c08_exclude_weak_session_bucket,midday_lull_120_240,-0.1762380357885976,0
2026.03.30 20:00:00,2026-03-30T20:00:00Z,oos,6978,0,Tier A,tier_a_primary,Tier_A_full_context,c08_exclude_weak_session_bucket,midday_lull_120_240,-0.1762380357885976,0
2026.03.30 20:05:00,2026-03-30T20:05:00Z,oos,6979,0,Tier A,tier_a_primary,Tier_A_full_context,c08_exclude_weak_session_bucket,midday_lull_120_240,-0.1762380357885976,0
2026.03.30 20:10:00,2026-03-30T20:10:00Z,oos,6980,0,Tier A,tier_a_primary,Tier_A_full_context,c08_exclude_weak_session_bucket,midday_lull_120_240,-0.1762380357885976,0
2026.03.30 20:15:00,2026-03-30T20:15:00Z,oos,6981,0,Tier A,tier_a_primary,Tier_A_full_context,c08_exclude_weak_session_bucket,midday_lull_120_240,-0.1762380357885976,0
2026.03.30 20:20:00,2026-03-30T20:20:00Z,oos,6982,0,Tier A,tier_a_primary,Tier_A_full_context,c08_exclude_weak_session_bucket,midday_lull_120_240,-0.1762380357885976,0
2026.03.30 20:25:00,2026-03-30T20:25:00Z,oos,6983,0,Tier A,tier_a_primary,Tier_A_full_context,c08_exclude_weak_session_bucket,midday_lull_120_240,-0.1762380357885976,0
2026.03.30 20:30:00,2026-03-30T20:30:00Z,oos,6984,0,Tier A,tier_a_primary,Tier_A_full_context,c08_exclude_weak_session_bucket,midday_lull_120_240,-0.1762380357885976,0
2026.03.30 20:35:00,2026-03-30T20:35:00Z,oos,6985,0,Tier A,tier_a_primary,Tier_A_full_context,c08_exclude_weak_session_bucket,late_cash_240_330,-0.17209668943772988,0
2026.03.30 20:40:00,2026-03-30T20:40:00Z,oos,6986,1,Tier A,tier_a_primary,Tier_A_full_context,c08_exclude_weak_session_bucket,late_cash_240_330,-0.17209668943772988,1
2026.03.30 20:45:00,2026-03-30T20:45:00Z,oos,6987,1,Tier A,tier_a_primary,Tier_A_full_context,c08_exclude_weak_session_bucket,late_cash_240_330,-0.17209668943772988,1
2026.03.30 20:50:00,2026-03-30T20:50:00Z,oos,6988,0,Tier A,tier_a_primary,Tier_A_full_context,c08_exclude_weak_session_bucket,late_cash_240_330,-0.17209668943772988,0
2026.03.30 20:55:00,2026-03-30T20:55:00Z,oos,6989,0,Tier A,tier_a_primary,Tier_A_full_context,c08_exclude_weak_session_bucket,late_cash_240_330,-0.17209668943772988,0
2026.03.30 21:00:00,2026-03-30T21:00:00Z,oos,6990,0,Tier A,tier_a_primary,Tier_A_full_context,c08_exclude_weak_session_bucket,late_cash_240_330,-0.17209668943772988,0
2026.03.30 21:10:00,2026-03-30T21:10:00Z,oos,6991,0,Tier A,tier_a_primary,Tier_A_full_context,c08_exclude_weak_session_bucket,late_cash_240_330,-0.17209668943772988,0
2026.03.30 21:15:00,2026-03-30T21:15:00Z,oos,6992,1,Tier A,tier_a_primary,Tier_A_full_context,c08_exclude_weak_session_bucket,late_cash_240_330,-0.17209668943772988,1
2026.03.30 21:20:00,2026-03-30T21:20:00Z,oos,6993,0,Tier A,tier_a_primary,Tier_A_full_context,c08_exclude_weak_session_bucket,late_cash_240_330,-0.17209668943772988,0
2026.03.30 21:25:00,2026-03-30T21:25:00Z,oos,6994,0,Tier A,tier_a_primary,Tier_A_full_context,c08_exclude_weak_session_bucket,late_cash_240_330,-0.17209668943772988,0
2026.03.30 21:30:00,2026-03-30T21:30:00Z,oos,6995,-1,Tier A,tier_a_primary,Tier_A_full_context,c08_exclude_weak_session_bucket,late_cash_240_330,-0.17209668943772988,-1
2026.03.30 21:35:00,2026-03-30T21:35:00Z,oos,6996,1,Tier A,tier_a_primary,Tier_A_full_context,c08_exclude_weak_session_bucket,late_cash_240_330,-0.17209668943772988,1
2026.03.30 21:40:00,2026-03-30T21:40:00Z,oos,6997,0,Tier A,tier_a_primary,Tier_A_full_context,c08_exclude_weak_session_bucket,late_cash_240_330,-0.17209668943772988,0
2026.03.30 21:45:00,2026-03-30T21:45:00Z,oos,6998,0,Tier A,tier_a_primary,Tier_A_full_context,c08_exclude_weak_session_bucket,late_cash_240_330,-0.17209668943772988,0
2026.03.30 21:50:00,2026-03-30T21:50:00Z,oos,6999,0,Tier A,tier_a_primary,Tier_A_full_context,c08_exclude_weak_session_bucket,late_cash_240_330,-0.17209668943772988,0
2026.03.30 21:55:00,2026-03-30T21:55:00Z,oos,7000,0,Tier A,tier_a_primary,Tier_A_full_context,c08_exclude_weak_session_bucket,late_cash_240_330,-0.17209668943772988,0
2026.03.30 22:00:00,2026-03-30T22:00:00Z,oos,7001,0,Tier A,tier_a_primary,Tier_A_full_context,c08_exclude_weak_session_bucket,late_cash_240_330,-0.17209668943772988,0
2026.03.31 16:35:00,2026-03-31T16:35:00Z,oos,7002,1,Tier A,tier_a_primary,Tier_A_full_context,c08_exclude_weak_session_bucket,cash_open_0_30,-0.09635811836115327,1
2026.03.31 16:40:00,2026-03-31T16:40:00Z,oos,7003,0,Tier A,tier_a_primary,Tier_A_full_context,c08_exclude_weak_session_bucket,cash_open_0_30,-0.09635811836115327,0
2026.03.31 16:45:00,2026-03-31T16:45:00Z,oos,7004,-1,Tier A,tier_a_primary,Tier_A_full_context,c08_exclude_weak_session_bucket,cash_open_0_30,-0.09635811836115327,-1
2026.03.31 16:50:00,2026-03-31T16:50:00Z,oos,7005,1,Tier A,tier_a_primary,Tier_A_full_context,c08_exclude_weak_session_bucket,cash_open_0_30,-0.09635811836115327,1
2026.03.31 16:55:00,2026-03-31T16:55:00Z,oos,7006,0,Tier A,tier_a_primary,Tier_A_full_context,c08_exclude_weak_session_bucket,cash_open_0_30,-0.09635811836115327,0
2026.03.31 17:00:00,2026-03-31T17:00:00Z,oos,7007,0,Tier A,tier_a_primary,Tier_A_full_context,c08_exclude_weak_session_bucket,cash_open_0_30,-0.09635811836115327,0
2026.03.31 17:05:00,2026-03-31T17:05:00Z,oos,7008,0,Tier A,tier_a_primary,Tier_A_full_context,c08_exclude_weak_session_bucket,early_cash_30_60,-0.12775735294117646,0
2026.03.31 17:10:00,2026-03-31T17:10:00Z,oos,7009,-1,Tier A,tier_a_primary,Tier_A_full_context,c08_exclude_weak_session_bucket,early_cash_30_60,-0.12775735294117646,-1
2026.03.31 17:15:00,2026-03-31T17:15:00Z,oos,7010,0,Tier A,tier_a_primary,Tier_A_full_context,c08_exclude_weak_session_bucket,early_cash_30_60,-0.12775735294117646,0
2026.03.31 17:20:00,2026-03-31T17:20:00Z,oos,7011,0,Tier A,tier_a_primary,Tier_A_full_context,c08_exclude_weak_session_bucket,early_cash_30_60,-0.12775735294117646,0
2026.03.31 17:25:00,2026-03-31T17:25:00Z,oos,7012,0,Tier A,tier_a_primary,Tier_A_full_context,c08_exclude_weak_session_bucket,early_cash_30_60,-0.12775735294117646,0
2026.03.31 17:30:00,2026-03-31T17:30:00Z,oos,7013,0,Tier A,tier_a_primary,Tier_A_full_context,c08_exclude_weak_session_bucket,early_cash_30_60,-0.12775735294117646,0
2026.03.31 17:35:00,2026-03-31T17:35:00Z,oos,7014,0,Tier A,tier_a_primary,Tier_A_full_context,c08_exclude_weak_session_bucket,morning_60_120,-0.1698966408268734,0
2026.03.31 17:40:00,2026-03-31T17:40:00Z,oos,7015,-1,Tier A,tier_a_primary,Tier_A_full_context,c08_exclude_weak_session_bucket,morning_60_120,-0.1698966408268734,-1
2026.03.31 17:45:00,2026-03-31T17:45:00Z,oos,7016,-1,Tier A,tier_a_primary,Tier_A_full_context,c08_exclude_weak_session_bucket,morning_60_120,-0.1698966408268734,-1
2026.03.31 17:50:00,2026-03-31T17:50:00Z,oos,7017,-1,Tier A,tier_a_primary,Tier_A_full_context,c08_exclude_weak_session_bucket,morning_60_120,-0.1698966408268734,-1
2026.03.31 17:55:00,2026-03-31T17:55:00Z,oos,7018,-1,Tier A,tier_a_primary,Tier_A_full_context,c08_exclude_weak_session_bucket,morning_60_120,-0.1698966408268734,-1
2026.03.31 18:00:00,2026-03-31T18:00:00Z,oos,7019,0,Tier A,tier_a_primary,Tier_A_full_context,c08_exclude_weak_session_bucket,morning_60_120,-0.1698966408268734,0
2026.03.31 18:05:00,2026-03-31T18:05:00Z,oos,7020,1,Tier A,tier_a_primary,Tier_A_full_context,c08_exclude_weak_session_bucket,morning_60_120,-0.1698966408268734,1
2026.03.31 18:10:00,2026-03-31T18:10:00Z,oos,7021,0,Tier A,tier_a_primary,Tier_A_full_context,c08_exclude_weak_session_bucket,morning_60_120,-0.1698966408268734,0
2026.03.31 18:15:00,2026-03-31T18:15:00Z,oos,7022,1,Tier A,tier_a_primary,Tier_A_full_context,c08_exclude_weak_session_bucket,morning_60_120,-0.1698966408268734,1
2026.03.31 18:20:00,2026-03-31T18:20:00Z,oos,7023,0,Tier A,tier_a_primary,Tier_A_full_context,c08_exclude_weak_session_bucket,morning_60_120,-0.1698966408268734,0
2026.03.31 18:25:00,2026-03-31T18:25:00Z,oos,7024,0,Tier A,tier_a_primary,Tier_A_full_context,c08_exclude_weak_session_bucket,morning_60_120,-0.1698966408268734,0
2026.03.31 18:30:00,2026-03-31T18:30:00Z,oos,7025,-1,Tier A,tier_a_primary,Tier_A_full_context,c08_exclude_weak_session_bucket,morning_60_120,-0.1698966408268734,-1
2026.03.31 18:35:00,2026-03-31T18:35:00Z,oos,7026,0,Tier A,tier_a_primary,Tier_A_full_context,c08_exclude_weak_session_bucket,midday_lull_120_240,-0.1762380357885976,0
2026.03.31 18:40:00,2026-03-31T18:40:00Z,oos,7027,0,Tier A,tier_a_primary,Tier_A_full_context,c08_exclude_weak_session_bucket,midday_lull_120_240,-0.1762380357885976,0
2026.03.31 18:45:00,2026-03-31T18:45:00Z,oos,7028,0,Tier A,tier_a_primary,Tier_A_full_context,c08_exclude_weak_session_bucket,midday_lull_120_240,-0.1762380357885976,0
2026.03.31 18:50:00,2026-03-31T18:50:00Z,oos,7029,0,Tier A,tier_a_primary,Tier_A_full_context,c08_exclude_weak_session_bucket,midday_lull_120_240,-0.1762380357885976,0
2026.03.31 18:55:00,2026-03-31T18:55:00Z,oos,7030,0,Tier A,tier_a_primary,Tier_A_full_context,c08_exclude_weak_session_bucket,midday_lull_120_240,-0.1762380357885976,0
2026.03.31 19:00:00,2026-03-31T19:00:00Z,oos,7031,0,Tier A,tier_a_primary,Tier_A_full_context,c08_exclude_weak_session_bucket,midday_lull_120_240,-0.1762380357885976,0
2026.03.31 19:05:00,2026-03-31T19:05:00Z,oos,7032,0,Tier A,tier_a_primary,Tier_A_full_context,c08_exclude_weak_session_bucket,midday_lull_120_240,-0.1762380357885976,0
2026.03.31 19:10:00,2026-03-31T19:10:00Z,oos,7033,0,Tier A,tier_a_primary,Tier_A_full_context,c08_exclude_weak_session_bucket,midday_lull_120_240,-0.1762380357885976,0
2026.03.31 19:15:00,2026-03-31T19:15:00Z,oos,7034,0,Tier A,tier_a_primary,Tier_A_full_context,c08_exclude_weak_session_bucket,midday_lull_120_240,-0.1762380357885976,0
2026.03.31 19:20:00,2026-03-31T19:20:00Z,oos,7035,0,Tier A,tier_a_primary,Tier_A_full_context,c08_exclude_weak_session_bucket,midday_lull_120_240,-0.1762380357885976,0
2026.03.31 19:25:00,2026-03-31T19:25:00Z,oos,7036,0,Tier A,tier_a_primary,Tier_A_full_context,c08_exclude_weak_session_bucket,midday_lull_120_240,-0.1762380357885976,0
2026.03.31 19:30:00,2026-03-31T19:30:00Z,oos,7037,0,Tier A,tier_a_primary,Tier_A_full_context,c08_exclude_weak_session_bucket,midday_lull_120_240,-0.1762380357885976,0
2026.03.31 19:35:00,2026-03-31T19:35:00Z,oos,7038,0,Tier A,tier_a_primary,Tier_A_full_context,c08_exclude_weak_session_bucket,midday_lull_120_240,-0.1762380357885976,0
2026.03.31 19:40:00,2026-03-31T19:40:00Z,oos,7039,0,Tier A,tier_a_primary,Tier_A_full_context,c08_exclude_weak_session_bucket,midday_lull_120_240,-0.1762380357885976,0
2026.03.31 19:45:00,2026-03-31T19:45:00Z,oos,7040,0,Tier A,tier_a_primary,Tier_A_full_context,c08_exclude_weak_session_bucket,midday_lull_120_240,-0.1762380357885976,0
2026.03.31 19:50:00,2026-03-31T19:50:00Z,oos,7041,0,Tier A,tier_a_primary,Tier_A_full_context,c08_exclude_weak_session_bucket,midday_lull_120_240,-0.1762380357885976,0
2026.03.31 19:55:00,2026-03-31T19:55:00Z,oos,7042,0,Tier A,tier_a_primary,Tier_A_full_context,c08_exclude_weak_session_bucket,midday_lull_120_240,-0.1762380357885976,0
2026.03.31 20:00:00,2026-03-31T20:00:00Z,oos,7043,0,Tier A,tier_a_primary,Tier_A_full_context,c08_exclude_weak_session_bucket,midday_lull_120_240,-0.1762380357885976,0
2026.03.31 20:05:00,2026-03-31T20:05:00Z,oos,7044,0,Tier A,tier_a_primary,Tier_A_full_context,c08_exclude_weak_session_bucket,midday_lull_120_240,-0.1762380357885976,0
2026.03.31 20:10:00,2026-03-31T20:10:00Z,oos,7045,0,Tier A,tier_a_primary,Tier_A_full_context,c08_exclude_weak_session_bucket,midday_lull_120_240,-0.1762380357885976,0
2026.03.31 20:15:00,2026-03-31T20:15:00Z,oos,7046,0,Tier A,tier_a_primary,Tier_A_full_context,c08_exclude_weak_session_bucket,midday_lull_120_240,-0.1762380357885976,0
2026.03.31 20:20:00,2026-03-31T20:20:00Z,oos,7047,0,Tier A,tier_a_primary,Tier_A_full_context,c08_exclude_weak_session_bucket,midday_lull_120_240,-0.1762380357885976,0
2026.03.31 20:25:00,2026-03-31T20:25:00Z,oos,7048,0,Tier A,tier_a_primary,Tier_A_full_context,c08_exclude_weak_session_bucket,midday_lull_120_240,-0.1762380357885976,0
2026.03.31 20:30:00,2026-03-31T20:30:00Z,oos,7049,0,Tier A,tier_a_primary,Tier_A_full_context,c08_exclude_weak_session_bucket,midday_lull_120_240,-0.1762380357885976,0
2026.03.31 20:35:00,2026-03-31T20:35:00Z,oos,7050,0,Tier A,tier_a_primary,Tier_A_full_context,c08_exclude_weak_session_bucket,late_cash_240_330,-0.17209668943772988,0
2026.03.31 20:40:00,2026-03-31T20:40:00Z,oos,7051,-1,Tier A,tier_a_primary,Tier_A_full_context,c08_exclude_weak_session_bucket,late_cash_240_330,-0.17209668943772988,-1
2026.03.31 20:45:00,2026-03-31T20:45:00Z,oos,7052,0,Tier A,tier_a_primary,Tier_A_full_context,c08_exclude_weak_session_bucket,late_cash_240_330,-0.17209668943772988,0
2026.03.31 20:50:00,2026-03-31T20:50:00Z,oos,7053,0,Tier A,tier_a_primary,Tier_A_full_context,c08_exclude_weak_session_bucket,late_cash_240_330,-0.17209668943772988,0
2026.03.31 20:55:00,2026-03-31T20:55:00Z,oos,7054,0,Tier A,tier_a_primary,Tier_A_full_context,c08_exclude_weak_session_bucket,late_cash_240_330,-0.17209668943772988,0
2026.03.31 21:00:00,2026-03-31T21:00:00Z,oos,7055,-1,Tier A,tier_a_primary,Tier_A_full_context,c08_exclude_weak_session_bucket,late_cash_240_330,-0.17209668943772988,-1
2026.03.31 21:05:00,2026-03-31T21:05:00Z,oos,7056,0,Tier A,tier_a_primary,Tier_A_full_context,c08_exclude_weak_session_bucket,late_cash_240_330,-0.17209668943772988,0
2026.03.31 21:10:00,2026-03-31T21:10:00Z,oos,7057,0,Tier A,tier_a_primary,Tier_A_full_context,c08_exclude_weak_session_bucket,late_cash_240_330,-0.17209668943772988,0
2026.03.31 21:15:00,2026-03-31T21:15:00Z,oos,7058,0,Tier A,tier_a_primary,Tier_A_full_context,c08_exclude_weak_session_bucket,late_cash_240_330,-0.17209668943772988,0
2026.03.31 21:20:00,2026-03-31T21:20:00Z,oos,7059,0,Tier A,tier_a_primary,Tier_A_full_context,c08_exclude_weak_session_bucket,late_cash_240_330,-0.17209668943772988,0
2026.03.31 21:25:00,2026-03-31T21:25:00Z,oos,7060,0,Tier A,tier_a_primary,Tier_A_full_context,c08_exclude_weak_session_bucket,late_cash_240_330,-0.17209668943772988,0
2026.03.31 21:30:00,2026-03-31T21:30:00Z,oos,7061,0,Tier A,tier_a_primary,Tier_A_full_context,c08_exclude_weak_session_bucket,late_cash_240_330,-0.17209668943772988,0
2026.03.31 21:35:00,2026-03-31T21:35:00Z,oos,7062,0,Tier A,tier_a_primary,Tier_A_full_context,c08_exclude_weak_session_bucket,late_cash_240_330,-0.17209668943772988,0
2026.03.31 21:40:00,2026-03-31T21:40:00Z,oos,7063,0,Tier A,tier_a_primary,Tier_A_full_context,c08_exclude_weak_session_bucket,late_cash_240_330,-0.17209668943772988,0
2026.03.31 21:45:00,2026-03-31T21:45:00Z,oos,7064,0,Tier A,tier_a_primary,Tier_A_full_context,c08_exclude_weak_session_bucket,late_cash_240_330,-0.17209668943772988,0
2026.03.31 21:50:00,2026-03-31T21:50:00Z,oos,7065,0,Tier A,tier_a_primary,Tier_A_full_context,c08_exclude_weak_session_bucket,late_cash_240_330,-0.17209668943772988,0
2026.03.31 21:55:00,2026-03-31T21:55:00Z,oos,7066,0,Tier A,tier_a_primary,Tier_A_full_context,c08_exclude_weak_session_bucket,late_cash_240_330,-0.17209668943772988,0
2026.03.31 22:00:00,2026-03-31T22:00:00Z,oos,7067,0,Tier A,tier_a_primary,Tier_A_full_context,c08_exclude_weak_session_bucket,late_cash_240_330,-0.17209668943772988,0
2026.04.01 16:35:00,2026-04-01T16:35:00Z,oos,7068,0,Tier A,tier_a_primary,Tier_A_full_context,c08_exclude_weak_session_bucket,cash_open_0_30,-0.09635811836115327,0
2026.04.01 16:40:00,2026-04-01T16:40:00Z,oos,7069,0,Tier A,tier_a_primary,Tier_A_full_context,c08_exclude_weak_session_bucket,cash_open_0_30,-0.09635811836115327,0
2026.04.01 16:45:00,2026-04-01T16:45:00Z,oos,7070,0,Tier A,tier_a_primary,Tier_A_full_context,c08_exclude_weak_session_bucket,cash_open_0_30,-0.09635811836115327,0
2026.04.01 16:50:00,2026-04-01T16:50:00Z,oos,7071,0,Tier A,tier_a_primary,Tier_A_full_context,c08_exclude_weak_session_bucket,cash_open_0_30,-0.09635811836115327,0
2026.04.01 16:55:00,2026-04-01T16:55:00Z,oos,7072,0,Tier A,tier_a_primary,Tier_A_full_context,c08_exclude_weak_session_bucket,cash_open_0_30,-0.09635811836115327,0
2026.04.01 17:00:00,2026-04-01T17:00:00Z,oos,7073,0,Tier A,tier_a_primary,Tier_A_full_context,c08_exclude_weak_session_bucket,cash_open_0_30,-0.09635811836115327,0
2026.04.01 17:05:00,2026-04-01T17:05:00Z,oos,7074,0,Tier A,tier_a_primary,Tier_A_full_context,c08_exclude_weak_session_bucket,early_cash_30_60,-0.12775735294117646,0
2026.04.01 17:10:00,2026-04-01T17:10:00Z,oos,7075,0,Tier A,tier_a_primary,Tier_A_full_context,c08_exclude_weak_session_bucket,early_cash_30_60,-0.12775735294117646,0
2026.04.01 17:15:00,2026-04-01T17:15:00Z,oos,7076,0,Tier A,tier_a_primary,Tier_A_full_context,c08_exclude_weak_session_bucket,early_cash_30_60,-0.12775735294117646,0
2026.04.01 17:20:00,2026-04-01T17:20:00Z,oos,7077,0,Tier A,tier_a_primary,Tier_A_full_context,c08_exclude_weak_session_bucket,early_cash_30_60,-0.12775735294117646,0
2026.04.01 17:25:00,2026-04-01T17:25:00Z,oos,7078,0,Tier A,tier_a_primary,Tier_A_full_context,c08_exclude_weak_session_bucket,early_cash_30_60,-0.12775735294117646,0
2026.04.01 17:30:00,2026-04-01T17:30:00Z,oos,7079,0,Tier A,tier_a_primary,Tier_A_full_context,c08_exclude_weak_session_bucket,early_cash_30_60,-0.12775735294117646,0
2026.04.01 17:35:00,2026-04-01T17:35:00Z,oos,7080,0,Tier A,tier_a_primary,Tier_A_full_context,c08_exclude_weak_session_bucket,morning_60_120,-0.1698966408268734,0
2026.04.01 17:40:00,2026-04-01T17:40:00Z,oos,7081,1,Tier A,tier_a_primary,Tier_A_full_context,c08_exclude_weak_session_bucket,morning_60_120,-0.1698966408268734,1
2026.04.01 17:45:00,2026-04-01T17:45:00Z,oos,7082,0,Tier A,tier_a_primary,Tier_A_full_context,c08_exclude_weak_session_bucket,morning_60_120,-0.1698966408268734,0
2026.04.01 17:50:00,2026-04-01T17:50:00Z,oos,7083,0,Tier A,tier_a_primary,Tier_A_full_context,c08_exclude_weak_session_bucket,morning_60_120,-0.1698966408268734,0
2026.04.01 17:55:00,2026-04-01T17:55:00Z,oos,7084,0,Tier A,tier_a_primary,Tier_A_full_context,c08_exclude_weak_session_bucket,morning_60_120,-0.1698966408268734,0
2026.04.01 18:00:00,2026-04-01T18:00:00Z,oos,7085,0,Tier A,tier_a_primary,Tier_A_full_context,c08_exclude_weak_session_bucket,morning_60_120,-0.1698966408268734,0
2026.04.01 18:05:00,2026-04-01T18:05:00Z,oos,7086,0,Tier A,tier_a_primary,Tier_A_full_context,c08_exclude_weak_session_bucket,morning_60_120,-0.1698966408268734,0
2026.04.01 18:10:00,2026-04-01T18:10:00Z,oos,7087,0,Tier A,tier_a_primary,Tier_A_full_context,c08_exclude_weak_session_bucket,morning_60_120,-0.1698966408268734,0
2026.04.01 18:15:00,2026-04-01T18:15:00Z,oos,7088,0,Tier A,tier_a_primary,Tier_A_full_context,c08_exclude_weak_session_bucket,morning_60_120,-0.1698966408268734,0
2026.04.01 18:20:00,2026-04-01T18:20:00Z,oos,7089,0,Tier A,tier_a_primary,Tier_A_full_context,c08_exclude_weak_session_bucket,morning_60_120,-0.1698966408268734,0
2026.04.01 18:25:00,2026-04-01T18:25:00Z,oos,7090,-1,Tier A,tier_a_primary,Tier_A_full_context,c08_exclude_weak_session_bucket,morning_60_120,-0.1698966408268734,-1
2026.04.01 18:30:00,2026-04-01T18:30:00Z,oos,7091,-1,Tier A,tier_a_primary,Tier_A_full_context,c08_exclude_weak_session_bucket,morning_60_120,-0.1698966408268734,-1
2026.04.01 18:35:00,2026-04-01T18:35:00Z,oos,7092,0,Tier A,tier_a_primary,Tier_A_full_context,c08_exclude_weak_session_bucket,midday_lull_120_240,-0.1762380357885976,0
2026.04.01 18:40:00,2026-04-01T18:40:00Z,oos,7093,0,Tier A,tier_a_primary,Tier_A_full_context,c08_exclude_weak_session_bucket,midday_lull_120_240,-0.1762380357885976,0
2026.04.01 18:45:00,2026-04-01T18:45:00Z,oos,7094,0,Tier A,tier_a_primary,Tier_A_full_context,c08_exclude_weak_session_bucket,midday_lull_120_240,-0.1762380357885976,0
2026.04.01 18:50:00,2026-04-01T18:50:00Z,oos,7095,0,Tier A,tier_a_primary,Tier_A_full_context,c08_exclude_weak_session_bucket,midday_lull_120_240,-0.1762380357885976,0
2026.04.01 18:55:00,2026-04-01T18:55:00Z,oos,7096,0,Tier A,tier_a_primary,Tier_A_full_context,c08_exclude_weak_session_bucket,midday_lull_120_240,-0.1762380357885976,0
2026.04.01 19:00:00,2026-04-01T19:00:00Z,oos,7097,0,Tier A,tier_a_primary,Tier_A_full_context,c08_exclude_weak_session_bucket,midday_lull_120_240,-0.1762380357885976,0
2026.04.01 19:05:00,2026-04-01T19:05:00Z,oos,7098,0,Tier A,tier_a_primary,Tier_A_full_context,c08_exclude_weak_session_bucket,midday_lull_120_240,-0.1762380357885976,0
2026.04.01 19:10:00,2026-04-01T19:10:00Z,oos,7099,0,Tier A,tier_a_primary,Tier_A_full_context,c08_exclude_weak_session_bucket,midday_lull_120_240,-0.1762380357885976,0
2026.04.01 19:15:00,2026-04-01T19:15:00Z,oos,7100,0,Tier A,tier_a_primary,Tier_A_full_context,c08_exclude_weak_session_bucket,midday_lull_120_240,-0.1762380357885976,0
2026.04.01 19:20:00,2026-04-01T19:20:00Z,oos,7101,0,Tier A,tier_a_primary,Tier_A_full_context,c08_exclude_weak_session_bucket,midday_lull_120_240,-0.1762380357885976,0
2026.04.01 19:25:00,2026-04-01T19:25:00Z,oos,7102,0,Tier A,tier_a_primary,Tier_A_full_context,c08_exclude_weak_session_bucket,midday_lull_120_240,-0.1762380357885976,0
2026.04.01 19:30:00,2026-04-01T19:30:00Z,oos,7103,0,Tier A,tier_a_primary,Tier_A_full_context,c08_exclude_weak_session_bucket,midday_lull_120_240,-0.1762380357885976,0
2026.04.01 19:35:00,2026-04-01T19:35:00Z,oos,7104,0,Tier A,tier_a_primary,Tier_A_full_context,c08_exclude_weak_session_bucket,midday_lull_120_240,-0.1762380357885976,0
2026.04.01 19:40:00,2026-04-01T19:40:00Z,oos,7105,0,Tier A,tier_a_primary,Tier_A_full_context,c08_exclude_weak_session_bucket,midday_lull_120_240,-0.1762380357885976,0
2026.04.01 19:45:00,2026-04-01T19:45:00Z,oos,7106,0,Tier A,tier_a_primary,Tier_A_full_context,c08_exclude_weak_session_bucket,midday_lull_120_240,-0.1762380357885976,0
2026.04.01 19:50:00,2026-04-01T19:50:00Z,oos,7107,0,Tier A,tier_a_primary,Tier_A_full_context,c08_exclude_weak_session_bucket,midday_lull_120_240,-0.1762380357885976,0
2026.04.01 19:55:00,2026-04-01T19:55:00Z,oos,7108,0,Tier A,tier_a_primary,Tier_A_full_context,c08_exclude_weak_session_bucket,midday_lull_120_240,-0.1762380357885976,0
2026.04.01 20:05:00,2026-04-01T20:05:00Z,oos,7109,0,Tier A,tier_a_primary,Tier_A_full_context,c08_exclude_weak_session_bucket,midday_lull_120_240,-0.1762380357885976,0
2026.04.01 20:10:00,2026-04-01T20:10:00Z,oos,7110,0,Tier A,tier_a_primary,Tier_A_full_context,c08_exclude_weak_session_bucket,midday_lull_120_240,-0.1762380357885976,0
2026.04.01 20:15:00,2026-04-01T20:15:00Z,oos,7111,0,Tier A,tier_a_primary,Tier_A_full_context,c08_exclude_weak_session_bucket,midday_lull_120_240,-0.1762380357885976,0
2026.04.01 20:20:00,2026-04-01T20:20:00Z,oos,7112,0,Tier A,tier_a_primary,Tier_A_full_context,c08_exclude_weak_session_bucket,midday_lull_120_240,-0.1762380357885976,0
2026.04.01 20:25:00,2026-04-01T20:25:00Z,oos,7113,0,Tier A,tier_a_primary,Tier_A_full_context,c08_exclude_weak_session_bucket,midday_lull_120_240,-0.1762380357885976,0
2026.04.01 20:35:00,2026-04-01T20:35:00Z,oos,7114,-1,Tier A,tier_a_primary,Tier_A_full_context,c08_exclude_weak_session_bucket,late_cash_240_330,-0.17209668943772988,-1
2026.04.01 20:40:00,2026-04-01T20:40:00Z,oos,7115,1,Tier A,tier_a_primary,Tier_A_full_context,c08_exclude_weak_session_bucket,late_cash_240_330,-0.17209668943772988,1
2026.04.01 20:45:00,2026-04-01T20:45:00Z,oos,7116,0,Tier A,tier_a_primary,Tier_A_full_context,c08_exclude_weak_session_bucket,late_cash_240_330,-0.17209668943772988,0
2026.04.01 20:50:00,2026-04-01T20:50:00Z,oos,7117,0,Tier A,tier_a_primary,Tier_A_full_context,c08_exclude_weak_session_bucket,late_cash_240_330,-0.17209668943772988,0
2026.04.01 20:55:00,2026-04-01T20:55:00Z,oos,7118,0,Tier A,tier_a_primary,Tier_A_full_context,c08_exclude_weak_session_bucket,late_cash_240_330,-0.17209668943772988,0
2026.04.01 21:00:00,2026-04-01T21:00:00Z,oos,7119,-1,Tier A,tier_a_primary,Tier_A_full_context,c08_exclude_weak_session_bucket,late_cash_240_330,-0.17209668943772988,-1
2026.04.01 21:05:00,2026-04-01T21:05:00Z,oos,7120,-1,Tier A,tier_a_primary,Tier_A_full_context,c08_exclude_weak_session_bucket,late_cash_240_330,-0.17209668943772988,-1
2026.04.01 21:10:00,2026-04-01T21:10:00Z,oos,7121,0,Tier A,tier_a_primary,Tier_A_full_context,c08_exclude_weak_session_bucket,late_cash_240_330,-0.17209668943772988,0
2026.04.01 21:15:00,2026-04-01T21:15:00Z,oos,7122,0,Tier A,tier_a_primary,Tier_A_full_context,c08_exclude_weak_session_bucket,late_cash_240_330,-0.17209668943772988,0
2026.04.01 21:20:00,2026-04-01T21:20:00Z,oos,7123,-1,Tier A,tier_a_primary,Tier_A_full_context,c08_exclude_weak_session_bucket,late_cash_240_330,-0.17209668943772988,-1
2026.04.01 21:25:00,2026-04-01T21:25:00Z,oos,7124,-1,Tier A,tier_a_primary,Tier_A_full_context,c08_exclude_weak_session_bucket,late_cash_240_330,-0.17209668943772988,-1
2026.04.01 21:30:00,2026-04-01T21:30:00Z,oos,7125,0,Tier A,tier_a_primary,Tier_A_full_context,c08_exclude_weak_session_bucket,late_cash_240_330,-0.17209668943772988,0
2026.04.01 21:35:00,2026-04-01T21:35:00Z,oos,7126,0,Tier A,tier_a_primary,Tier_A_full_context,c08_exclude_weak_session_bucket,late_cash_240_330,-0.17209668943772988,0
2026.04.01 21:40:00,2026-04-01T21:40:00Z,oos,7127,1,Tier A,tier_a_primary,Tier_A_full_context,c08_exclude_weak_session_bucket,late_cash_240_330,-0.17209668943772988,1
2026.04.01 21:45:00,2026-04-01T21:45:00Z,oos,7128,1,Tier A,tier_a_primary,Tier_A_full_context,c08_exclude_weak_session_bucket,late_cash_240_330,-0.17209668943772988,1
2026.04.01 21:50:00,2026-04-01T21:50:00Z,oos,7129,0,Tier A,tier_a_primary,Tier_A_full_context,c08_exclude_weak_session_bucket,late_cash_240_330,-0.17209668943772988,0
2026.04.01 21:55:00,2026-04-01T21:55:00Z,oos,7130,0,Tier A,tier_a_primary,Tier_A_full_context,c08_exclude_weak_session_bucket,late_cash_240_330,-0.17209668943772988,0
2026.04.01 22:00:00,2026-04-01T22:00:00Z,oos,7131,0,Tier A,tier_a_primary,Tier_A_full_context,c08_exclude_weak_session_bucket,late_cash_240_330,-0.17209668943772988,0
2026.04.02 16:35:00,2026-04-02T16:35:00Z,oos,7132,0,Tier A,tier_a_primary,Tier_A_full_context,c08_exclude_weak_session_bucket,cash_open_0_30,-0.09635811836115327,0
2026.04.02 16:40:00,2026-04-02T16:40:00Z,oos,7133,0,Tier A,tier_a_primary,Tier_A_full_context,c08_exclude_weak_session_bucket,cash_open_0_30,-0.09635811836115327,0
2026.04.02 16:45:00,2026-04-02T16:45:00Z,oos,7134,0,Tier A,tier_a_primary,Tier_A_full_context,c08_exclude_weak_session_bucket,cash_open_0_30,-0.09635811836115327,0
2026.04.02 16:50:00,2026-04-02T16:50:00Z,oos,7135,0,Tier A,tier_a_primary,Tier_A_full_context,c08_exclude_weak_session_bucket,cash_open_0_30,-0.09635811836115327,0
2026.04.02 16:55:00,2026-04-02T16:55:00Z,oos,7136,0,Tier A,tier_a_primary,Tier_A_full_context,c08_exclude_weak_session_bucket,cash_open_0_30,-0.09635811836115327,0
2026.04.02 17:00:00,2026-04-02T17:00:00Z,oos,7137,0,Tier A,tier_a_primary,Tier_A_full_context,c08_exclude_weak_session_bucket,cash_open_0_30,-0.09635811836115327,0
2026.04.02 17:05:00,2026-04-02T17:05:00Z,oos,7138,0,Tier A,tier_a_primary,Tier_A_full_context,c08_exclude_weak_session_bucket,early_cash_30_60,-0.12775735294117646,0
2026.04.02 17:10:00,2026-04-02T17:10:00Z,oos,7139,0,Tier A,tier_a_primary,Tier_A_full_context,c08_exclude_weak_session_bucket,early_cash_30_60,-0.12775735294117646,0
2026.04.02 17:15:00,2026-04-02T17:15:00Z,oos,7140,0,Tier A,tier_a_primary,Tier_A_full_context,c08_exclude_weak_session_bucket,early_cash_30_60,-0.12775735294117646,0
2026.04.02 17:20:00,2026-04-02T17:20:00Z,oos,7141,0,Tier A,tier_a_primary,Tier_A_full_context,c08_exclude_weak_session_bucket,early_cash_30_60,-0.12775735294117646,0
2026.04.02 17:25:00,2026-04-02T17:25:00Z,oos,7142,0,Tier A,tier_a_primary,Tier_A_full_context,c08_exclude_weak_session_bucket,early_cash_30_60,-0.12775735294117646,0
2026.04.02 17:30:00,2026-04-02T17:30:00Z,oos,7143,-1,Tier A,tier_a_primary,Tier_A_full_context,c08_exclude_weak_session_bucket,early_cash_30_60,-0.12775735294117646,-1
2026.04.02 17:35:00,2026-04-02T17:35:00Z,oos,7144,1,Tier A,tier_a_primary,Tier_A_full_context,c08_exclude_weak_session_bucket,morning_60_120,-0.1698966408268734,1
2026.04.02 17:40:00,2026-04-02T17:40:00Z,oos,7145,1,Tier A,tier_a_primary,Tier_A_full_context,c08_exclude_weak_session_bucket,morning_60_120,-0.1698966408268734,1
2026.04.02 17:45:00,2026-04-02T17:45:00Z,oos,7146,0,Tier A,tier_a_primary,Tier_A_full_context,c08_exclude_weak_session_bucket,morning_60_120,-0.1698966408268734,0
2026.04.02 17:50:00,2026-04-02T17:50:00Z,oos,7147,-1,Tier A,tier_a_primary,Tier_A_full_context,c08_exclude_weak_session_bucket,morning_60_120,-0.1698966408268734,-1
2026.04.02 17:55:00,2026-04-02T17:55:00Z,oos,7148,0,Tier A,tier_a_primary,Tier_A_full_context,c08_exclude_weak_session_bucket,morning_60_120,-0.1698966408268734,0
2026.04.02 18:00:00,2026-04-02T18:00:00Z,oos,7149,0,Tier A,tier_a_primary,Tier_A_full_context,c08_exclude_weak_session_bucket,morning_60_120,-0.1698966408268734,0
2026.04.02 18:05:00,2026-04-02T18:05:00Z,oos,7150,0,Tier A,tier_a_primary,Tier_A_full_context,c08_exclude_weak_session_bucket,morning_60_120,-0.1698966408268734,0
2026.04.02 18:10:00,2026-04-02T18:10:00Z,oos,7151,0,Tier A,tier_a_primary,Tier_A_full_context,c08_exclude_weak_session_bucket,morning_60_120,-0.1698966408268734,0
2026.04.02 18:15:00,2026-04-02T18:15:00Z,oos,7152,0,Tier A,tier_a_primary,Tier_A_full_context,c08_exclude_weak_session_bucket,morning_60_120,-0.1698966408268734,0
2026.04.02 18:20:00,2026-04-02T18:20:00Z,oos,7153,0,Tier A,tier_a_primary,Tier_A_full_context,c08_exclude_weak_session_bucket,morning_60_120,-0.1698966408268734,0
2026.04.02 18:25:00,2026-04-02T18:25:00Z,oos,7154,-1,Tier A,tier_a_primary,Tier_A_full_context,c08_exclude_weak_session_bucket,morning_60_120,-0.1698966408268734,-1
2026.04.02 18:30:00,2026-04-02T18:30:00Z,oos,7155,0,Tier A,tier_a_primary,Tier_A_full_context,c08_exclude_weak_session_bucket,morning_60_120,-0.1698966408268734,0
2026.04.02 18:35:00,2026-04-02T18:35:00Z,oos,7156,0,Tier A,tier_a_primary,Tier_A_full_context,c08_exclude_weak_session_bucket,midday_lull_120_240,-0.1762380357885976,0
2026.04.02 18:40:00,2026-04-02T18:40:00Z,oos,7157,0,Tier A,tier_a_primary,Tier_A_full_context,c08_exclude_weak_session_bucket,midday_lull_120_240,-0.1762380357885976,0
2026.04.02 18:45:00,2026-04-02T18:45:00Z,oos,7158,0,Tier A,tier_a_primary,Tier_A_full_context,c08_exclude_weak_session_bucket,midday_lull_120_240,-0.1762380357885976,0
2026.04.02 18:50:00,2026-04-02T18:50:00Z,oos,7159,0,Tier A,tier_a_primary,Tier_A_full_context,c08_exclude_weak_session_bucket,midday_lull_120_240,-0.1762380357885976,0
2026.04.02 18:55:00,2026-04-02T18:55:00Z,oos,7160,0,Tier A,tier_a_primary,Tier_A_full_context,c08_exclude_weak_session_bucket,midday_lull_120_240,-0.1762380357885976,0
2026.04.02 19:00:00,2026-04-02T19:00:00Z,oos,7161,0,Tier A,tier_a_primary,Tier_A_full_context,c08_exclude_weak_session_bucket,midday_lull_120_240,-0.1762380357885976,0
2026.04.02 19:05:00,2026-04-02T19:05:00Z,oos,7162,0,Tier A,tier_a_primary,Tier_A_full_context,c08_exclude_weak_session_bucket,midday_lull_120_240,-0.1762380357885976,0
2026.04.02 19:10:00,2026-04-02T19:10:00Z,oos,7163,0,Tier A,tier_a_primary,Tier_A_full_context,c08_exclude_weak_session_bucket,midday_lull_120_240,-0.1762380357885976,0
2026.04.02 19:15:00,2026-04-02T19:15:00Z,oos,7164,0,Tier A,tier_a_primary,Tier_A_full_context,c08_exclude_weak_session_bucket,midday_lull_120_240,-0.1762380357885976,0
2026.04.02 19:20:00,2026-04-02T19:20:00Z,oos,7165,0,Tier A,tier_a_primary,Tier_A_full_context,c08_exclude_weak_session_bucket,midday_lull_120_240,-0.1762380357885976,0
2026.04.02 19:25:00,2026-04-02T19:25:00Z,oos,7166,0,Tier A,tier_a_primary,Tier_A_full_context,c08_exclude_weak_session_bucket,midday_lull_120_240,-0.1762380357885976,0
2026.04.02 19:30:00,2026-04-02T19:30:00Z,oos,7167,0,Tier A,tier_a_primary,Tier_A_full_context,c08_exclude_weak_session_bucket,midday_lull_120_240,-0.1762380357885976,0
2026.04.02 19:35:00,2026-04-02T19:35:00Z,oos,7168,0,Tier A,tier_a_primary,Tier_A_full_context,c08_exclude_weak_session_bucket,midday_lull_120_240,-0.1762380357885976,0
2026.04.02 19:40:00,2026-04-02T19:40:00Z,oos,7169,0,Tier A,tier_a_primary,Tier_A_full_context,c08_exclude_weak_session_bucket,midday_lull_120_240,-0.1762380357885976,0
2026.04.02 19:45:00,2026-04-02T19:45:00Z,oos,7170,0,Tier A,tier_a_primary,Tier_A_full_context,c08_exclude_weak_session_bucket,midday_lull_120_240,-0.1762380357885976,0
2026.04.02 19:50:00,2026-04-02T19:50:00Z,oos,7171,0,Tier A,tier_a_primary,Tier_A_full_context,c08_exclude_weak_session_bucket,midday_lull_120_240,-0.1762380357885976,0
2026.04.02 19:55:00,2026-04-02T19:55:00Z,oos,7172,0,Tier A,tier_a_primary,Tier_A_full_context,c08_exclude_weak_session_bucket,midday_lull_120_240,-0.1762380357885976,0
2026.04.02 20:00:00,2026-04-02T20:00:00Z,oos,7173,0,Tier A,tier_a_primary,Tier_A_full_context,c08_exclude_weak_session_bucket,midday_lull_120_240,-0.1762380357885976,0
2026.04.02 20:05:00,2026-04-02T20:05:00Z,oos,7174,0,Tier A,tier_a_primary,Tier_A_full_context,c08_exclude_weak_session_bucket,midday_lull_120_240,-0.1762380357885976,0
2026.04.02 20:15:00,2026-04-02T20:15:00Z,oos,7175,0,Tier A,tier_a_primary,Tier_A_full_context,c08_exclude_weak_session_bucket,midday_lull_120_240,-0.1762380357885976,0
2026.04.02 20:20:00,2026-04-02T20:20:00Z,oos,7176,0,Tier A,tier_a_primary,Tier_A_full_context,c08_exclude_weak_session_bucket,midday_lull_120_240,-0.1762380357885976,0
2026.04.02 20:25:00,2026-04-02T20:25:00Z,oos,7177,0,Tier A,tier_a_primary,Tier_A_full_context,c08_exclude_weak_session_bucket,midday_lull_120_240,-0.1762380357885976,0
2026.04.02 20:30:00,2026-04-02T20:30:00Z,oos,7178,0,Tier A,tier_a_primary,Tier_A_full_context,c08_exclude_weak_session_bucket,midday_lull_120_240,-0.1762380357885976,0
2026.04.02 20:35:00,2026-04-02T20:35:00Z,oos,7179,0,Tier A,tier_a_primary,Tier_A_full_context,c08_exclude_weak_session_bucket,late_cash_240_330,-0.17209668943772988,0
2026.04.02 20:40:00,2026-04-02T20:40:00Z,oos,7180,0,Tier A,tier_a_primary,Tier_A_full_context,c08_exclude_weak_session_bucket,late_cash_240_330,-0.17209668943772988,0
2026.04.02 20:45:00,2026-04-02T20:45:00Z,oos,7181,0,Tier A,tier_a_primary,Tier_A_full_context,c08_exclude_weak_session_bucket,late_cash_240_330,-0.17209668943772988,0
2026.04.02 20:50:00,2026-04-02T20:50:00Z,oos,7182,0,Tier A,tier_a_primary,Tier_A_full_context,c08_exclude_weak_session_bucket,late_cash_240_330,-0.17209668943772988,0
2026.04.02 20:55:00,2026-04-02T20:55:00Z,oos,7183,0,Tier A,tier_a_primary,Tier_A_full_context,c08_exclude_weak_session_bucket,late_cash_240_330,-0.17209668943772988,0
2026.04.02 21:05:00,2026-04-02T21:05:00Z,oos,7184,0,Tier A,tier_a_primary,Tier_A_full_context,c08_exclude_weak_session_bucket,late_cash_240_330,-0.17209668943772988,0
2026.04.02 21:10:00,2026-04-02T21:10:00Z,oos,7185,0,Tier A,tier_a_primary,Tier_A_full_context,c08_exclude_weak_session_bucket,late_cash_240_330,-0.17209668943772988,0
2026.04.02 21:15:00,2026-04-02T21:15:00Z,oos,7186,0,Tier A,tier_a_primary,Tier_A_full_context,c08_exclude_weak_session_bucket,late_cash_240_330,-0.17209668943772988,0
2026.04.02 21:20:00,2026-04-02T21:20:00Z,oos,7187,0,Tier A,tier_a_primary,Tier_A_full_context,c08_exclude_weak_session_bucket,late_cash_240_330,-0.17209668943772988,0
2026.04.02 21:25:00,2026-04-02T21:25:00Z,oos,7188,0,Tier A,tier_a_primary,Tier_A_full_context,c08_exclude_weak_session_bucket,late_cash_240_330,-0.17209668943772988,0
2026.04.02 21:30:00,2026-04-02T21:30:00Z,oos,7189,0,Tier A,tier_a_primary,Tier_A_full_context,c08_exclude_weak_session_bucket,late_cash_240_330,-0.17209668943772988,0
2026.04.02 21:35:00,2026-04-02T21:35:00Z,oos,7190,0,Tier A,tier_a_primary,Tier_A_full_context,c08_exclude_weak_session_bucket,late_cash_240_330,-0.17209668943772988,0
2026.04.02 21:40:00,2026-04-02T21:40:00Z,oos,7191,0,Tier A,tier_a_primary,Tier_A_full_context,c08_exclude_weak_session_bucket,late_cash_240_330,-0.17209668943772988,0
2026.04.02 21:45:00,2026-04-02T21:45:00Z,oos,7192,0,Tier A,tier_a_primary,Tier_A_full_context,c08_exclude_weak_session_bucket,late_cash_240_330,-0.17209668943772988,0
2026.04.02 21:50:00,2026-04-02T21:50:00Z,oos,7193,0,Tier A,tier_a_primary,Tier_A_full_context,c08_exclude_weak_session_bucket,late_cash_240_330,-0.17209668943772988,0
2026.04.02 21:55:00,2026-04-02T21:55:00Z,oos,7194,0,Tier A,tier_a_primary,Tier_A_full_context,c08_exclude_weak_session_bucket,late_cash_240_330,-0.17209668943772988,0
2026.04.02 22:00:00,2026-04-02T22:00:00Z,oos,7195,0,Tier A,tier_a_primary,Tier_A_full_context,c08_exclude_weak_session_bucket,late_cash_240_330,-0.17209668943772988,0
2026.04.06 16:35:00,2026-04-06T16:35:00Z,oos,7196,1,Tier A,tier_a_primary,Tier_A_full_context,c08_exclude_weak_session_bucket,cash_open_0_30,-0.09635811836115327,1
2026.04.06 16:40:00,2026-04-06T16:40:00Z,oos,7197,-1,Tier A,tier_a_primary,Tier_A_full_context,c08_exclude_weak_session_bucket,cash_open_0_30,-0.09635811836115327,-1
2026.04.06 16:45:00,2026-04-06T16:45:00Z,oos,7198,1,Tier A,tier_a_primary,Tier_A_full_context,c08_exclude_weak_session_bucket,cash_open_0_30,-0.09635811836115327,1
2026.04.06 16:50:00,2026-04-06T16:50:00Z,oos,7199,0,Tier A,tier_a_primary,Tier_A_full_context,c08_exclude_weak_session_bucket,cash_open_0_30,-0.09635811836115327,0
2026.04.06 16:55:00,2026-04-06T16:55:00Z,oos,7200,0,Tier A,tier_a_primary,Tier_A_full_context,c08_exclude_weak_session_bucket,cash_open_0_30,-0.09635811836115327,0
2026.04.06 17:00:00,2026-04-06T17:00:00Z,oos,7201,1,Tier A,tier_a_primary,Tier_A_full_context,c08_exclude_weak_session_bucket,cash_open_0_30,-0.09635811836115327,1
2026.04.06 17:05:00,2026-04-06T17:05:00Z,oos,7202,0,Tier A,tier_a_primary,Tier_A_full_context,c08_exclude_weak_session_bucket,early_cash_30_60,-0.12775735294117646,0
2026.04.06 17:10:00,2026-04-06T17:10:00Z,oos,7203,0,Tier A,tier_a_primary,Tier_A_full_context,c08_exclude_weak_session_bucket,early_cash_30_60,-0.12775735294117646,0
2026.04.06 17:15:00,2026-04-06T17:15:00Z,oos,7204,0,Tier A,tier_a_primary,Tier_A_full_context,c08_exclude_weak_session_bucket,early_cash_30_60,-0.12775735294117646,0
2026.04.06 17:20:00,2026-04-06T17:20:00Z,oos,7205,0,Tier A,tier_a_primary,Tier_A_full_context,c08_exclude_weak_session_bucket,early_cash_30_60,-0.12775735294117646,0
2026.04.06 17:25:00,2026-04-06T17:25:00Z,oos,7206,0,Tier A,tier_a_primary,Tier_A_full_context,c08_exclude_weak_session_bucket,early_cash_30_60,-0.12775735294117646,0
2026.04.06 17:30:00,2026-04-06T17:30:00Z,oos,7207,0,Tier A,tier_a_primary,Tier_A_full_context,c08_exclude_weak_session_bucket,early_cash_30_60,-0.12775735294117646,0
2026.04.06 17:35:00,2026-04-06T17:35:00Z,oos,7208,0,Tier A,tier_a_primary,Tier_A_full_context,c08_exclude_weak_session_bucket,morning_60_120,-0.1698966408268734,0
2026.04.06 17:40:00,2026-04-06T17:40:00Z,oos,7209,0,Tier A,tier_a_primary,Tier_A_full_context,c08_exclude_weak_session_bucket,morning_60_120,-0.1698966408268734,0
2026.04.06 17:45:00,2026-04-06T17:45:00Z,oos,7210,0,Tier A,tier_a_primary,Tier_A_full_context,c08_exclude_weak_session_bucket,morning_60_120,-0.1698966408268734,0
2026.04.06 17:50:00,2026-04-06T17:50:00Z,oos,7211,0,Tier A,tier_a_primary,Tier_A_full_context,c08_exclude_weak_session_bucket,morning_60_120,-0.1698966408268734,0
2026.04.06 17:55:00,2026-04-06T17:55:00Z,oos,7212,0,Tier A,tier_a_primary,Tier_A_full_context,c08_exclude_weak_session_bucket,morning_60_120,-0.1698966408268734,0
2026.04.06 18:00:00,2026-04-06T18:00:00Z,oos,7213,0,Tier A,tier_a_primary,Tier_A_full_context,c08_exclude_weak_session_bucket,morning_60_120,-0.1698966408268734,0
2026.04.06 18:05:00,2026-04-06T18:05:00Z,oos,7214,0,Tier A,tier_a_primary,Tier_A_full_context,c08_exclude_weak_session_bucket,morning_60_120,-0.1698966408268734,0
2026.04.06 18:10:00,2026-04-06T18:10:00Z,oos,7215,0,Tier A,tier_a_primary,Tier_A_full_context,c08_exclude_weak_session_bucket,morning_60_120,-0.1698966408268734,0
2026.04.06 18:15:00,2026-04-06T18:15:00Z,oos,7216,0,Tier A,tier_a_primary,Tier_A_full_context,c08_exclude_weak_session_bucket,morning_60_120,-0.1698966408268734,0
2026.04.06 18:20:00,2026-04-06T18:20:00Z,oos,7217,0,Tier A,tier_a_primary,Tier_A_full_context,c08_exclude_weak_session_bucket,morning_60_120,-0.1698966408268734,0
2026.04.06 18:25:00,2026-04-06T18:25:00Z,oos,7218,0,Tier A,tier_a_primary,Tier_A_full_context,c08_exclude_weak_session_bucket,morning_60_120,-0.1698966408268734,0
2026.04.06 18:30:00,2026-04-06T18:30:00Z,oos,7219,0,Tier A,tier_a_primary,Tier_A_full_context,c08_exclude_weak_session_bucket,morning_60_120,-0.1698966408268734,0
2026.04.06 18:35:00,2026-04-06T18:35:00Z,oos,7220,0,Tier A,tier_a_primary,Tier_A_full_context,c08_exclude_weak_session_bucket,midday_lull_120_240,-0.1762380357885976,0
2026.04.06 18:40:00,2026-04-06T18:40:00Z,oos,7221,0,Tier A,tier_a_primary,Tier_A_full_context,c08_exclude_weak_session_bucket,midday_lull_120_240,-0.1762380357885976,0
2026.04.06 18:45:00,2026-04-06T18:45:00Z,oos,7222,0,Tier A,tier_a_primary,Tier_A_full_context,c08_exclude_weak_session_bucket,midday_lull_120_240,-0.1762380357885976,0
2026.04.06 18:50:00,2026-04-06T18:50:00Z,oos,7223,0,Tier A,tier_a_primary,Tier_A_full_context,c08_exclude_weak_session_bucket,midday_lull_120_240,-0.1762380357885976,0
2026.04.06 18:55:00,2026-04-06T18:55:00Z,oos,7224,0,Tier A,tier_a_primary,Tier_A_full_context,c08_exclude_weak_session_bucket,midday_lull_120_240,-0.1762380357885976,0
2026.04.06 19:00:00,2026-04-06T19:00:00Z,oos,7225,0,Tier A,tier_a_primary,Tier_A_full_context,c08_exclude_weak_session_bucket,midday_lull_120_240,-0.1762380357885976,0
2026.04.06 19:05:00,2026-04-06T19:05:00Z,oos,7226,0,Tier A,tier_a_primary,Tier_A_full_context,c08_exclude_weak_session_bucket,midday_lull_120_240,-0.1762380357885976,0
2026.04.06 19:10:00,2026-04-06T19:10:00Z,oos,7227,0,Tier A,tier_a_primary,Tier_A_full_context,c08_exclude_weak_session_bucket,midday_lull_120_240,-0.1762380357885976,0
2026.04.06 19:15:00,2026-04-06T19:15:00Z,oos,7228,0,Tier A,tier_a_primary,Tier_A_full_context,c08_exclude_weak_session_bucket,midday_lull_120_240,-0.1762380357885976,0
2026.04.06 19:20:00,2026-04-06T19:20:00Z,oos,7229,0,Tier A,tier_a_primary,Tier_A_full_context,c08_exclude_weak_session_bucket,midday_lull_120_240,-0.1762380357885976,0
2026.04.06 19:25:00,2026-04-06T19:25:00Z,oos,7230,0,Tier A,tier_a_primary,Tier_A_full_context,c08_exclude_weak_session_bucket,midday_lull_120_240,-0.1762380357885976,0
2026.04.06 19:30:00,2026-04-06T19:30:00Z,oos,7231,0,Tier A,tier_a_primary,Tier_A_full_context,c08_exclude_weak_session_bucket,midday_lull_120_240,-0.1762380357885976,0
2026.04.06 19:35:00,2026-04-06T19:35:00Z,oos,7232,0,Tier A,tier_a_primary,Tier_A_full_context,c08_exclude_weak_session_bucket,midday_lull_120_240,-0.1762380357885976,0
2026.04.06 19:40:00,2026-04-06T19:40:00Z,oos,7233,0,Tier A,tier_a_primary,Tier_A_full_context,c08_exclude_weak_session_bucket,midday_lull_120_240,-0.1762380357885976,0
2026.04.06 19:45:00,2026-04-06T19:45:00Z,oos,7234,0,Tier A,tier_a_primary,Tier_A_full_context,c08_exclude_weak_session_bucket,midday_lull_120_240,-0.1762380357885976,0
2026.04.06 19:50:00,2026-04-06T19:50:00Z,oos,7235,0,Tier A,tier_a_primary,Tier_A_full_context,c08_exclude_weak_session_bucket,midday_lull_120_240,-0.1762380357885976,0
2026.04.06 19:55:00,2026-04-06T19:55:00Z,oos,7236,0,Tier A,tier_a_primary,Tier_A_full_context,c08_exclude_weak_session_bucket,midday_lull_120_240,-0.1762380357885976,0
2026.04.06 20:00:00,2026-04-06T20:00:00Z,oos,7237,0,Tier A,tier_a_primary,Tier_A_full_context,c08_exclude_weak_session_bucket,midday_lull_120_240,-0.1762380357885976,0
2026.04.06 20:05:00,2026-04-06T20:05:00Z,oos,7238,0,Tier A,tier_a_primary,Tier_A_full_context,c08_exclude_weak_session_bucket,midday_lull_120_240,-0.1762380357885976,0
2026.04.06 20:10:00,2026-04-06T20:10:00Z,oos,7239,0,Tier A,tier_a_primary,Tier_A_full_context,c08_exclude_weak_session_bucket,midday_lull_120_240,-0.1762380357885976,0
2026.04.06 20:15:00,2026-04-06T20:15:00Z,oos,7240,0,Tier A,tier_a_primary,Tier_A_full_context,c08_exclude_weak_session_bucket,midday_lull_120_240,-0.1762380357885976,0
2026.04.06 20:20:00,2026-04-06T20:20:00Z,oos,7241,0,Tier A,tier_a_primary,Tier_A_full_context,c08_exclude_weak_session_bucket,midday_lull_120_240,-0.1762380357885976,0
2026.04.06 20:25:00,2026-04-06T20:25:00Z,oos,7242,0,Tier A,tier_a_primary,Tier_A_full_context,c08_exclude_weak_session_bucket,midday_lull_120_240,-0.1762380357885976,0
2026.04.06 20:30:00,2026-04-06T20:30:00Z,oos,7243,0,Tier A,tier_a_primary,Tier_A_full_context,c08_exclude_weak_session_bucket,midday_lull_120_240,-0.1762380357885976,0
2026.04.06 20:35:00,2026-04-06T20:35:00Z,oos,7244,0,Tier A,tier_a_primary,Tier_A_full_context,c08_exclude_weak_session_bucket,late_cash_240_330,-0.17209668943772988,0
2026.04.06 20:40:00,2026-04-06T20:40:00Z,oos,7245,0,Tier A,tier_a_primary,Tier_A_full_context,c08_exclude_weak_session_bucket,late_cash_240_330,-0.17209668943772988,0
2026.04.06 20:45:00,2026-04-06T20:45:00Z,oos,7246,0,Tier A,tier_a_primary,Tier_A_full_context,c08_exclude_weak_session_bucket,late_cash_240_330,-0.17209668943772988,0
2026.04.06 20:50:00,2026-04-06T20:50:00Z,oos,7247,0,Tier A,tier_a_primary,Tier_A_full_context,c08_exclude_weak_session_bucket,late_cash_240_330,-0.17209668943772988,0
2026.04.06 20:55:00,2026-04-06T20:55:00Z,oos,7248,0,Tier A,tier_a_primary,Tier_A_full_context,c08_exclude_weak_session_bucket,late_cash_240_330,-0.17209668943772988,0
2026.04.06 21:00:00,2026-04-06T21:00:00Z,oos,7249,0,Tier A,tier_a_primary,Tier_A_full_context,c08_exclude_weak_session_bucket,late_cash_240_330,-0.17209668943772988,0
2026.04.06 21:05:00,2026-04-06T21:05:00Z,oos,7250,0,Tier A,tier_a_primary,Tier_A_full_context,c08_exclude_weak_session_bucket,late_cash_240_330,-0.17209668943772988,0
2026.04.06 21:10:00,2026-04-06T21:10:00Z,oos,7251,0,Tier A,tier_a_primary,Tier_A_full_context,c08_exclude_weak_session_bucket,late_cash_240_330,-0.17209668943772988,0
2026.04.06 21:15:00,2026-04-06T21:15:00Z,oos,7252,0,Tier A,tier_a_primary,Tier_A_full_context,c08_exclude_weak_session_bucket,late_cash_240_330,-0.17209668943772988,0
2026.04.06 21:20:00,2026-04-06T21:20:00Z,oos,7253,0,Tier A,tier_a_primary,Tier_A_full_context,c08_exclude_weak_session_bucket,late_cash_240_330,-0.17209668943772988,0
2026.04.06 21:25:00,2026-04-06T21:25:00Z,oos,7254,0,Tier A,tier_a_primary,Tier_A_full_context,c08_exclude_weak_session_bucket,late_cash_240_330,-0.17209668943772988,0
2026.04.06 21:30:00,2026-04-06T21:30:00Z,oos,7255,0,Tier A,tier_a_primary,Tier_A_full_context,c08_exclude_weak_session_bucket,late_cash_240_330,-0.17209668943772988,0
2026.04.06 21:35:00,2026-04-06T21:35:00Z,oos,7256,0,Tier A,tier_a_primary,Tier_A_full_context,c08_exclude_weak_session_bucket,late_cash_240_330,-0.17209668943772988,0
2026.04.06 21:40:00,2026-04-06T21:40:00Z,oos,7257,0,Tier A,tier_a_primary,Tier_A_full_context,c08_exclude_weak_session_bucket,late_cash_240_330,-0.17209668943772988,0
2026.04.06 21:45:00,2026-04-06T21:45:00Z,oos,7258,0,Tier A,tier_a_primary,Tier_A_full_context,c08_exclude_weak_session_bucket,late_cash_240_330,-0.17209668943772988,0
2026.04.06 21:50:00,2026-04-06T21:50:00Z,oos,7259,0,Tier A,tier_a_primary,Tier_A_full_context,c08_exclude_weak_session_bucket,late_cash_240_330,-0.17209668943772988,0
2026.04.06 22:00:00,2026-04-06T22:00:00Z,oos,7260,0,Tier A,tier_a_primary,Tier_A_full_context,c08_exclude_weak_session_bucket,late_cash_240_330,-0.17209668943772988,0
2026.04.07 16:35:00,2026-04-07T16:35:00Z,oos,7261,-1,Tier A,tier_a_primary,Tier_A_full_context,c08_exclude_weak_session_bucket,cash_open_0_30,-0.09635811836115327,-1
2026.04.07 16:40:00,2026-04-07T16:40:00Z,oos,7262,0,Tier A,tier_a_primary,Tier_A_full_context,c08_exclude_weak_session_bucket,cash_open_0_30,-0.09635811836115327,0
2026.04.07 16:45:00,2026-04-07T16:45:00Z,oos,7263,0,Tier A,tier_a_primary,Tier_A_full_context,c08_exclude_weak_session_bucket,cash_open_0_30,-0.09635811836115327,0
2026.04.07 16:50:00,2026-04-07T16:50:00Z,oos,7264,-1,Tier A,tier_a_primary,Tier_A_full_context,c08_exclude_weak_session_bucket,cash_open_0_30,-0.09635811836115327,-1
2026.04.07 16:55:00,2026-04-07T16:55:00Z,oos,7265,0,Tier A,tier_a_primary,Tier_A_full_context,c08_exclude_weak_session_bucket,cash_open_0_30,-0.09635811836115327,0
2026.04.07 17:00:00,2026-04-07T17:00:00Z,oos,7266,0,Tier A,tier_a_primary,Tier_A_full_context,c08_exclude_weak_session_bucket,cash_open_0_30,-0.09635811836115327,0
2026.04.07 17:05:00,2026-04-07T17:05:00Z,oos,7267,0,Tier A,tier_a_primary,Tier_A_full_context,c08_exclude_weak_session_bucket,early_cash_30_60,-0.12775735294117646,0
2026.04.07 17:10:00,2026-04-07T17:10:00Z,oos,7268,-1,Tier A,tier_a_primary,Tier_A_full_context,c08_exclude_weak_session_bucket,early_cash_30_60,-0.12775735294117646,-1
2026.04.07 17:15:00,2026-04-07T17:15:00Z,oos,7269,1,Tier A,tier_a_primary,Tier_A_full_context,c08_exclude_weak_session_bucket,early_cash_30_60,-0.12775735294117646,1
2026.04.07 17:20:00,2026-04-07T17:20:00Z,oos,7270,1,Tier A,tier_a_primary,Tier_A_full_context,c08_exclude_weak_session_bucket,early_cash_30_60,-0.12775735294117646,1
2026.04.07 17:25:00,2026-04-07T17:25:00Z,oos,7271,1,Tier A,tier_a_primary,Tier_A_full_context,c08_exclude_weak_session_bucket,early_cash_30_60,-0.12775735294117646,1
2026.04.07 17:30:00,2026-04-07T17:30:00Z,oos,7272,0,Tier A,tier_a_primary,Tier_A_full_context,c08_exclude_weak_session_bucket,early_cash_30_60,-0.12775735294117646,0
2026.04.07 17:35:00,2026-04-07T17:35:00Z,oos,7273,0,Tier A,tier_a_primary,Tier_A_full_context,c08_exclude_weak_session_bucket,morning_60_120,-0.1698966408268734,0
2026.04.07 17:40:00,2026-04-07T17:40:00Z,oos,7274,0,Tier A,tier_a_primary,Tier_A_full_context,c08_exclude_weak_session_bucket,morning_60_120,-0.1698966408268734,0
2026.04.07 17:45:00,2026-04-07T17:45:00Z,oos,7275,0,Tier A,tier_a_primary,Tier_A_full_context,c08_exclude_weak_session_bucket,morning_60_120,-0.1698966408268734,0
2026.04.07 17:50:00,2026-04-07T17:50:00Z,oos,7276,0,Tier A,tier_a_primary,Tier_A_full_context,c08_exclude_weak_session_bucket,morning_60_120,-0.1698966408268734,0
2026.04.07 17:55:00,2026-04-07T17:55:00Z,oos,7277,0,Tier A,tier_a_primary,Tier_A_full_context,c08_exclude_weak_session_bucket,morning_60_120,-0.1698966408268734,0
2026.04.07 18:00:00,2026-04-07T18:00:00Z,oos,7278,0,Tier A,tier_a_primary,Tier_A_full_context,c08_exclude_weak_session_bucket,morning_60_120,-0.1698966408268734,0
2026.04.07 18:05:00,2026-04-07T18:05:00Z,oos,7279,0,Tier A,tier_a_primary,Tier_A_full_context,c08_exclude_weak_session_bucket,morning_60_120,-0.1698966408268734,0
2026.04.07 18:10:00,2026-04-07T18:10:00Z,oos,7280,0,Tier A,tier_a_primary,Tier_A_full_context,c08_exclude_weak_session_bucket,morning_60_120,-0.1698966408268734,0
2026.04.07 18:15:00,2026-04-07T18:15:00Z,oos,7281,0,Tier A,tier_a_primary,Tier_A_full_context,c08_exclude_weak_session_bucket,morning_60_120,-0.1698966408268734,0
2026.04.07 18:20:00,2026-04-07T18:20:00Z,oos,7282,0,Tier A,tier_a_primary,Tier_A_full_context,c08_exclude_weak_session_bucket,morning_60_120,-0.1698966408268734,0
2026.04.07 18:25:00,2026-04-07T18:25:00Z,oos,7283,0,Tier A,tier_a_primary,Tier_A_full_context,c08_exclude_weak_session_bucket,morning_60_120,-0.1698966408268734,0
2026.04.07 18:30:00,2026-04-07T18:30:00Z,oos,7284,0,Tier A,tier_a_primary,Tier_A_full_context,c08_exclude_weak_session_bucket,morning_60_120,-0.1698966408268734,0
2026.04.07 18:35:00,2026-04-07T18:35:00Z,oos,7285,0,Tier A,tier_a_primary,Tier_A_full_context,c08_exclude_weak_session_bucket,midday_lull_120_240,-0.1762380357885976,0
2026.04.07 18:40:00,2026-04-07T18:40:00Z,oos,7286,0,Tier A,tier_a_primary,Tier_A_full_context,c08_exclude_weak_session_bucket,midday_lull_120_240,-0.1762380357885976,0
2026.04.07 18:45:00,2026-04-07T18:45:00Z,oos,7287,0,Tier A,tier_a_primary,Tier_A_full_context,c08_exclude_weak_session_bucket,midday_lull_120_240,-0.1762380357885976,0
2026.04.07 18:50:00,2026-04-07T18:50:00Z,oos,7288,0,Tier A,tier_a_primary,Tier_A_full_context,c08_exclude_weak_session_bucket,midday_lull_120_240,-0.1762380357885976,0
2026.04.07 18:55:00,2026-04-07T18:55:00Z,oos,7289,0,Tier A,tier_a_primary,Tier_A_full_context,c08_exclude_weak_session_bucket,midday_lull_120_240,-0.1762380357885976,0
2026.04.07 19:00:00,2026-04-07T19:00:00Z,oos,7290,0,Tier A,tier_a_primary,Tier_A_full_context,c08_exclude_weak_session_bucket,midday_lull_120_240,-0.1762380357885976,0
2026.04.07 19:05:00,2026-04-07T19:05:00Z,oos,7291,0,Tier A,tier_a_primary,Tier_A_full_context,c08_exclude_weak_session_bucket,midday_lull_120_240,-0.1762380357885976,0
2026.04.07 19:10:00,2026-04-07T19:10:00Z,oos,7292,0,Tier A,tier_a_primary,Tier_A_full_context,c08_exclude_weak_session_bucket,midday_lull_120_240,-0.1762380357885976,0
2026.04.07 19:15:00,2026-04-07T19:15:00Z,oos,7293,0,Tier A,tier_a_primary,Tier_A_full_context,c08_exclude_weak_session_bucket,midday_lull_120_240,-0.1762380357885976,0
2026.04.07 19:20:00,2026-04-07T19:20:00Z,oos,7294,0,Tier A,tier_a_primary,Tier_A_full_context,c08_exclude_weak_session_bucket,midday_lull_120_240,-0.1762380357885976,0
2026.04.07 19:25:00,2026-04-07T19:25:00Z,oos,7295,0,Tier A,tier_a_primary,Tier_A_full_context,c08_exclude_weak_session_bucket,midday_lull_120_240,-0.1762380357885976,0
2026.04.07 19:30:00,2026-04-07T19:30:00Z,oos,7296,0,Tier A,tier_a_primary,Tier_A_full_context,c08_exclude_weak_session_bucket,midday_lull_120_240,-0.1762380357885976,0
2026.04.07 19:35:00,2026-04-07T19:35:00Z,oos,7297,0,Tier A,tier_a_primary,Tier_A_full_context,c08_exclude_weak_session_bucket,midday_lull_120_240,-0.1762380357885976,0
2026.04.07 19:40:00,2026-04-07T19:40:00Z,oos,7298,0,Tier A,tier_a_primary,Tier_A_full_context,c08_exclude_weak_session_bucket,midday_lull_120_240,-0.1762380357885976,0
2026.04.07 19:45:00,2026-04-07T19:45:00Z,oos,7299,0,Tier A,tier_a_primary,Tier_A_full_context,c08_exclude_weak_session_bucket,midday_lull_120_240,-0.1762380357885976,0
2026.04.07 19:50:00,2026-04-07T19:50:00Z,oos,7300,0,Tier A,tier_a_primary,Tier_A_full_context,c08_exclude_weak_session_bucket,midday_lull_120_240,-0.1762380357885976,0
2026.04.07 19:55:00,2026-04-07T19:55:00Z,oos,7301,0,Tier A,tier_a_primary,Tier_A_full_context,c08_exclude_weak_session_bucket,midday_lull_120_240,-0.1762380357885976,0
2026.04.07 20:00:00,2026-04-07T20:00:00Z,oos,7302,0,Tier A,tier_a_primary,Tier_A_full_context,c08_exclude_weak_session_bucket,midday_lull_120_240,-0.1762380357885976,0
2026.04.07 20:05:00,2026-04-07T20:05:00Z,oos,7303,0,Tier A,tier_a_primary,Tier_A_full_context,c08_exclude_weak_session_bucket,midday_lull_120_240,-0.1762380357885976,0
2026.04.07 20:10:00,2026-04-07T20:10:00Z,oos,7304,0,Tier A,tier_a_primary,Tier_A_full_context,c08_exclude_weak_session_bucket,midday_lull_120_240,-0.1762380357885976,0
2026.04.07 20:15:00,2026-04-07T20:15:00Z,oos,7305,0,Tier A,tier_a_primary,Tier_A_full_context,c08_exclude_weak_session_bucket,midday_lull_120_240,-0.1762380357885976,0
2026.04.07 20:20:00,2026-04-07T20:20:00Z,oos,7306,0,Tier A,tier_a_primary,Tier_A_full_context,c08_exclude_weak_session_bucket,midday_lull_120_240,-0.1762380357885976,0
2026.04.07 20:25:00,2026-04-07T20:25:00Z,oos,7307,0,Tier A,tier_a_primary,Tier_A_full_context,c08_exclude_weak_session_bucket,midday_lull_120_240,-0.1762380357885976,0
2026.04.07 20:30:00,2026-04-07T20:30:00Z,oos,7308,0,Tier A,tier_a_primary,Tier_A_full_context,c08_exclude_weak_session_bucket,midday_lull_120_240,-0.1762380357885976,0
2026.04.07 20:35:00,2026-04-07T20:35:00Z,oos,7309,1,Tier A,tier_a_primary,Tier_A_full_context,c08_exclude_weak_session_bucket,late_cash_240_330,-0.17209668943772988,1
2026.04.07 20:40:00,2026-04-07T20:40:00Z,oos,7310,1,Tier A,tier_a_primary,Tier_A_full_context,c08_exclude_weak_session_bucket,late_cash_240_330,-0.17209668943772988,1
2026.04.07 20:45:00,2026-04-07T20:45:00Z,oos,7311,-1,Tier A,tier_a_primary,Tier_A_full_context,c08_exclude_weak_session_bucket,late_cash_240_330,-0.17209668943772988,-1
2026.04.07 20:50:00,2026-04-07T20:50:00Z,oos,7312,0,Tier A,tier_a_primary,Tier_A_full_context,c08_exclude_weak_session_bucket,late_cash_240_330,-0.17209668943772988,0
2026.04.07 20:55:00,2026-04-07T20:55:00Z,oos,7313,0,Tier A,tier_a_primary,Tier_A_full_context,c08_exclude_weak_session_bucket,late_cash_240_330,-0.17209668943772988,0
2026.04.07 21:00:00,2026-04-07T21:00:00Z,oos,7314,-1,Tier A,tier_a_primary,Tier_A_full_context,c08_exclude_weak_session_bucket,late_cash_240_330,-0.17209668943772988,-1
2026.04.07 21:05:00,2026-04-07T21:05:00Z,oos,7315,0,Tier A,tier_a_primary,Tier_A_full_context,c08_exclude_weak_session_bucket,late_cash_240_330,-0.17209668943772988,0
2026.04.07 21:10:00,2026-04-07T21:10:00Z,oos,7316,0,Tier A,tier_a_primary,Tier_A_full_context,c08_exclude_weak_session_bucket,late_cash_240_330,-0.17209668943772988,0
2026.04.07 21:15:00,2026-04-07T21:15:00Z,oos,7317,0,Tier A,tier_a_primary,Tier_A_full_context,c08_exclude_weak_session_bucket,late_cash_240_330,-0.17209668943772988,0
2026.04.07 21:20:00,2026-04-07T21:20:00Z,oos,7318,0,Tier A,tier_a_primary,Tier_A_full_context,c08_exclude_weak_session_bucket,late_cash_240_330,-0.17209668943772988,0
2026.04.07 21:25:00,2026-04-07T21:25:00Z,oos,7319,-1,Tier A,tier_a_primary,Tier_A_full_context,c08_exclude_weak_session_bucket,late_cash_240_330,-0.17209668943772988,-1
2026.04.07 21:30:00,2026-04-07T21:30:00Z,oos,7320,0,Tier A,tier_a_primary,Tier_A_full_context,c08_exclude_weak_session_bucket,late_cash_240_330,-0.17209668943772988,0
2026.04.07 21:35:00,2026-04-07T21:35:00Z,oos,7321,0,Tier A,tier_a_primary,Tier_A_full_context,c08_exclude_weak_session_bucket,late_cash_240_330,-0.17209668943772988,0
2026.04.07 21:40:00,2026-04-07T21:40:00Z,oos,7322,0,Tier A,tier_a_primary,Tier_A_full_context,c08_exclude_weak_session_bucket,late_cash_240_330,-0.17209668943772988,0
2026.04.07 21:45:00,2026-04-07T21:45:00Z,oos,7323,-1,Tier A,tier_a_primary,Tier_A_full_context,c08_exclude_weak_session_bucket,late_cash_240_330,-0.17209668943772988,-1
2026.04.07 21:50:00,2026-04-07T21:50:00Z,oos,7324,-1,Tier A,tier_a_primary,Tier_A_full_context,c08_exclude_weak_session_bucket,late_cash_240_330,-0.17209668943772988,-1
2026.04.07 21:55:00,2026-04-07T21:55:00Z,oos,7325,-1,Tier A,tier_a_primary,Tier_A_full_context,c08_exclude_weak_session_bucket,late_cash_240_330,-0.17209668943772988,-1
2026.04.07 22:00:00,2026-04-07T22:00:00Z,oos,7326,0,Tier A,tier_a_primary,Tier_A_full_context,c08_exclude_weak_session_bucket,late_cash_240_330,-0.17209668943772988,0
2026.04.08 16:35:00,2026-04-08T16:35:00Z,oos,7327,0,Tier A,tier_a_primary,Tier_A_full_context,c08_exclude_weak_session_bucket,cash_open_0_30,-0.09635811836115327,0
2026.04.08 16:40:00,2026-04-08T16:40:00Z,oos,7328,0,Tier A,tier_a_primary,Tier_A_full_context,c08_exclude_weak_session_bucket,cash_open_0_30,-0.09635811836115327,0
2026.04.08 16:45:00,2026-04-08T16:45:00Z,oos,7329,0,Tier A,tier_a_primary,Tier_A_full_context,c08_exclude_weak_session_bucket,cash_open_0_30,-0.09635811836115327,0
2026.04.08 16:50:00,2026-04-08T16:50:00Z,oos,7330,0,Tier A,tier_a_primary,Tier_A_full_context,c08_exclude_weak_session_bucket,cash_open_0_30,-0.09635811836115327,0
2026.04.08 16:55:00,2026-04-08T16:55:00Z,oos,7331,0,Tier A,tier_a_primary,Tier_A_full_context,c08_exclude_weak_session_bucket,cash_open_0_30,-0.09635811836115327,0
2026.04.08 17:00:00,2026-04-08T17:00:00Z,oos,7332,0,Tier A,tier_a_primary,Tier_A_full_context,c08_exclude_weak_session_bucket,cash_open_0_30,-0.09635811836115327,0
2026.04.08 17:05:00,2026-04-08T17:05:00Z,oos,7333,0,Tier A,tier_a_primary,Tier_A_full_context,c08_exclude_weak_session_bucket,early_cash_30_60,-0.12775735294117646,0
2026.04.08 17:10:00,2026-04-08T17:10:00Z,oos,7334,0,Tier A,tier_a_primary,Tier_A_full_context,c08_exclude_weak_session_bucket,early_cash_30_60,-0.12775735294117646,0
2026.04.08 17:15:00,2026-04-08T17:15:00Z,oos,7335,0,Tier A,tier_a_primary,Tier_A_full_context,c08_exclude_weak_session_bucket,early_cash_30_60,-0.12775735294117646,0
2026.04.08 17:20:00,2026-04-08T17:20:00Z,oos,7336,0,Tier A,tier_a_primary,Tier_A_full_context,c08_exclude_weak_session_bucket,early_cash_30_60,-0.12775735294117646,0
2026.04.08 17:25:00,2026-04-08T17:25:00Z,oos,7337,0,Tier A,tier_a_primary,Tier_A_full_context,c08_exclude_weak_session_bucket,early_cash_30_60,-0.12775735294117646,0
2026.04.08 17:30:00,2026-04-08T17:30:00Z,oos,7338,0,Tier A,tier_a_primary,Tier_A_full_context,c08_exclude_weak_session_bucket,early_cash_30_60,-0.12775735294117646,0
2026.04.08 17:35:00,2026-04-08T17:35:00Z,oos,7339,0,Tier A,tier_a_primary,Tier_A_full_context,c08_exclude_weak_session_bucket,morning_60_120,-0.1698966408268734,0
2026.04.08 17:40:00,2026-04-08T17:40:00Z,oos,7340,0,Tier A,tier_a_primary,Tier_A_full_context,c08_exclude_weak_session_bucket,morning_60_120,-0.1698966408268734,0
2026.04.08 17:45:00,2026-04-08T17:45:00Z,oos,7341,0,Tier A,tier_a_primary,Tier_A_full_context,c08_exclude_weak_session_bucket,morning_60_120,-0.1698966408268734,0
2026.04.08 17:50:00,2026-04-08T17:50:00Z,oos,7342,0,Tier A,tier_a_primary,Tier_A_full_context,c08_exclude_weak_session_bucket,morning_60_120,-0.1698966408268734,0
2026.04.08 17:55:00,2026-04-08T17:55:00Z,oos,7343,0,Tier A,tier_a_primary,Tier_A_full_context,c08_exclude_weak_session_bucket,morning_60_120,-0.1698966408268734,0
2026.04.08 18:00:00,2026-04-08T18:00:00Z,oos,7344,0,Tier A,tier_a_primary,Tier_A_full_context,c08_exclude_weak_session_bucket,morning_60_120,-0.1698966408268734,0
2026.04.08 18:05:00,2026-04-08T18:05:00Z,oos,7345,1,Tier A,tier_a_primary,Tier_A_full_context,c08_exclude_weak_session_bucket,morning_60_120,-0.1698966408268734,1
2026.04.08 18:10:00,2026-04-08T18:10:00Z,oos,7346,-1,Tier A,tier_a_primary,Tier_A_full_context,c08_exclude_weak_session_bucket,morning_60_120,-0.1698966408268734,-1
2026.04.08 18:15:00,2026-04-08T18:15:00Z,oos,7347,1,Tier A,tier_a_primary,Tier_A_full_context,c08_exclude_weak_session_bucket,morning_60_120,-0.1698966408268734,1
2026.04.08 18:20:00,2026-04-08T18:20:00Z,oos,7348,0,Tier A,tier_a_primary,Tier_A_full_context,c08_exclude_weak_session_bucket,morning_60_120,-0.1698966408268734,0
2026.04.08 18:25:00,2026-04-08T18:25:00Z,oos,7349,0,Tier A,tier_a_primary,Tier_A_full_context,c08_exclude_weak_session_bucket,morning_60_120,-0.1698966408268734,0
2026.04.08 18:30:00,2026-04-08T18:30:00Z,oos,7350,0,Tier A,tier_a_primary,Tier_A_full_context,c08_exclude_weak_session_bucket,morning_60_120,-0.1698966408268734,0
2026.04.08 18:35:00,2026-04-08T18:35:00Z,oos,7351,0,Tier A,tier_a_primary,Tier_A_full_context,c08_exclude_weak_session_bucket,midday_lull_120_240,-0.1762380357885976,0
2026.04.08 18:40:00,2026-04-08T18:40:00Z,oos,7352,0,Tier A,tier_a_primary,Tier_A_full_context,c08_exclude_weak_session_bucket,midday_lull_120_240,-0.1762380357885976,0
2026.04.08 18:45:00,2026-04-08T18:45:00Z,oos,7353,0,Tier A,tier_a_primary,Tier_A_full_context,c08_exclude_weak_session_bucket,midday_lull_120_240,-0.1762380357885976,0
2026.04.08 18:50:00,2026-04-08T18:50:00Z,oos,7354,0,Tier A,tier_a_primary,Tier_A_full_context,c08_exclude_weak_session_bucket,midday_lull_120_240,-0.1762380357885976,0
2026.04.08 18:55:00,2026-04-08T18:55:00Z,oos,7355,0,Tier A,tier_a_primary,Tier_A_full_context,c08_exclude_weak_session_bucket,midday_lull_120_240,-0.1762380357885976,0
2026.04.08 19:00:00,2026-04-08T19:00:00Z,oos,7356,0,Tier A,tier_a_primary,Tier_A_full_context,c08_exclude_weak_session_bucket,midday_lull_120_240,-0.1762380357885976,0
2026.04.08 19:05:00,2026-04-08T19:05:00Z,oos,7357,0,Tier A,tier_a_primary,Tier_A_full_context,c08_exclude_weak_session_bucket,midday_lull_120_240,-0.1762380357885976,0
2026.04.08 19:10:00,2026-04-08T19:10:00Z,oos,7358,0,Tier A,tier_a_primary,Tier_A_full_context,c08_exclude_weak_session_bucket,midday_lull_120_240,-0.1762380357885976,0
2026.04.08 19:15:00,2026-04-08T19:15:00Z,oos,7359,0,Tier A,tier_a_primary,Tier_A_full_context,c08_exclude_weak_session_bucket,midday_lull_120_240,-0.1762380357885976,0
2026.04.08 19:20:00,2026-04-08T19:20:00Z,oos,7360,0,Tier A,tier_a_primary,Tier_A_full_context,c08_exclude_weak_session_bucket,midday_lull_120_240,-0.1762380357885976,0
2026.04.08 19:25:00,2026-04-08T19:25:00Z,oos,7361,0,Tier A,tier_a_primary,Tier_A_full_context,c08_exclude_weak_session_bucket,midday_lull_120_240,-0.1762380357885976,0
2026.04.08 19:30:00,2026-04-08T19:30:00Z,oos,7362,0,Tier A,tier_a_primary,Tier_A_full_context,c08_exclude_weak_session_bucket,midday_lull_120_240,-0.1762380357885976,0
2026.04.08 19:35:00,2026-04-08T19:35:00Z,oos,7363,0,Tier A,tier_a_primary,Tier_A_full_context,c08_exclude_weak_session_bucket,midday_lull_120_240,-0.1762380357885976,0
2026.04.08 19:40:00,2026-04-08T19:40:00Z,oos,7364,0,Tier A,tier_a_primary,Tier_A_full_context,c08_exclude_weak_session_bucket,midday_lull_120_240,-0.1762380357885976,0
2026.04.08 19:45:00,2026-04-08T19:45:00Z,oos,7365,0,Tier A,tier_a_primary,Tier_A_full_context,c08_exclude_weak_session_bucket,midday_lull_120_240,-0.1762380357885976,0
2026.04.08 19:50:00,2026-04-08T19:50:00Z,oos,7366,0,Tier A,tier_a_primary,Tier_A_full_context,c08_exclude_weak_session_bucket,midday_lull_120_240,-0.1762380357885976,0
2026.04.08 19:55:00,2026-04-08T19:55:00Z,oos,7367,0,Tier A,tier_a_primary,Tier_A_full_context,c08_exclude_weak_session_bucket,midday_lull_120_240,-0.1762380357885976,0
2026.04.08 20:00:00,2026-04-08T20:00:00Z,oos,7368,0,Tier A,tier_a_primary,Tier_A_full_context,c08_exclude_weak_session_bucket,midday_lull_120_240,-0.1762380357885976,0
2026.04.08 20:05:00,2026-04-08T20:05:00Z,oos,7369,0,Tier A,tier_a_primary,Tier_A_full_context,c08_exclude_weak_session_bucket,midday_lull_120_240,-0.1762380357885976,0
2026.04.08 20:10:00,2026-04-08T20:10:00Z,oos,7370,0,Tier A,tier_a_primary,Tier_A_full_context,c08_exclude_weak_session_bucket,midday_lull_120_240,-0.1762380357885976,0
2026.04.08 20:15:00,2026-04-08T20:15:00Z,oos,7371,0,Tier A,tier_a_primary,Tier_A_full_context,c08_exclude_weak_session_bucket,midday_lull_120_240,-0.1762380357885976,0
2026.04.08 20:20:00,2026-04-08T20:20:00Z,oos,7372,0,Tier A,tier_a_primary,Tier_A_full_context,c08_exclude_weak_session_bucket,midday_lull_120_240,-0.1762380357885976,0
2026.04.08 20:25:00,2026-04-08T20:25:00Z,oos,7373,0,Tier A,tier_a_primary,Tier_A_full_context,c08_exclude_weak_session_bucket,midday_lull_120_240,-0.1762380357885976,0
2026.04.08 20:30:00,2026-04-08T20:30:00Z,oos,7374,0,Tier A,tier_a_primary,Tier_A_full_context,c08_exclude_weak_session_bucket,midday_lull_120_240,-0.1762380357885976,0
2026.04.08 20:35:00,2026-04-08T20:35:00Z,oos,7375,0,Tier A,tier_a_primary,Tier_A_full_context,c08_exclude_weak_session_bucket,late_cash_240_330,-0.17209668943772988,0
2026.04.08 20:40:00,2026-04-08T20:40:00Z,oos,7376,0,Tier A,tier_a_primary,Tier_A_full_context,c08_exclude_weak_session_bucket,late_cash_240_330,-0.17209668943772988,0
2026.04.08 20:45:00,2026-04-08T20:45:00Z,oos,7377,0,Tier A,tier_a_primary,Tier_A_full_context,c08_exclude_weak_session_bucket,late_cash_240_330,-0.17209668943772988,0
2026.04.08 20:50:00,2026-04-08T20:50:00Z,oos,7378,0,Tier A,tier_a_primary,Tier_A_full_context,c08_exclude_weak_session_bucket,late_cash_240_330,-0.17209668943772988,0
2026.04.08 20:55:00,2026-04-08T20:55:00Z,oos,7379,0,Tier A,tier_a_primary,Tier_A_full_context,c08_exclude_weak_session_bucket,late_cash_240_330,-0.17209668943772988,0
2026.04.08 21:00:00,2026-04-08T21:00:00Z,oos,7380,0,Tier A,tier_a_primary,Tier_A_full_context,c08_exclude_weak_session_bucket,late_cash_240_330,-0.17209668943772988,0
2026.04.08 21:05:00,2026-04-08T21:05:00Z,oos,7381,0,Tier A,tier_a_primary,Tier_A_full_context,c08_exclude_weak_session_bucket,late_cash_240_330,-0.17209668943772988,0
2026.04.08 21:10:00,2026-04-08T21:10:00Z,oos,7382,0,Tier A,tier_a_primary,Tier_A_full_context,c08_exclude_weak_session_bucket,late_cash_240_330,-0.17209668943772988,0
2026.04.08 21:15:00,2026-04-08T21:15:00Z,oos,7383,0,Tier A,tier_a_primary,Tier_A_full_context,c08_exclude_weak_session_bucket,late_cash_240_330,-0.17209668943772988,0
2026.04.08 21:20:00,2026-04-08T21:20:00Z,oos,7384,0,Tier A,tier_a_primary,Tier_A_full_context,c08_exclude_weak_session_bucket,late_cash_240_330,-0.17209668943772988,0
2026.04.08 21:25:00,2026-04-08T21:25:00Z,oos,7385,0,Tier A,tier_a_primary,Tier_A_full_context,c08_exclude_weak_session_bucket,late_cash_240_330,-0.17209668943772988,0
2026.04.08 21:30:00,2026-04-08T21:30:00Z,oos,7386,0,Tier A,tier_a_primary,Tier_A_full_context,c08_exclude_weak_session_bucket,late_cash_240_330,-0.17209668943772988,0
2026.04.08 21:35:00,2026-04-08T21:35:00Z,oos,7387,0,Tier A,tier_a_primary,Tier_A_full_context,c08_exclude_weak_session_bucket,late_cash_240_330,-0.17209668943772988,0
2026.04.08 21:40:00,2026-04-08T21:40:00Z,oos,7388,0,Tier A,tier_a_primary,Tier_A_full_context,c08_exclude_weak_session_bucket,late_cash_240_330,-0.17209668943772988,0
2026.04.08 21:45:00,2026-04-08T21:45:00Z,oos,7389,-1,Tier A,tier_a_primary,Tier_A_full_context,c08_exclude_weak_session_bucket,late_cash_240_330,-0.17209668943772988,-1
2026.04.08 21:50:00,2026-04-08T21:50:00Z,oos,7390,0,Tier A,tier_a_primary,Tier_A_full_context,c08_exclude_weak_session_bucket,late_cash_240_330,-0.17209668943772988,0
2026.04.08 21:55:00,2026-04-08T21:55:00Z,oos,7391,0,Tier A,tier_a_primary,Tier_A_full_context,c08_exclude_weak_session_bucket,late_cash_240_330,-0.17209668943772988,0
2026.04.08 22:00:00,2026-04-08T22:00:00Z,oos,7392,-1,Tier A,tier_a_primary,Tier_A_full_context,c08_exclude_weak_session_bucket,late_cash_240_330,-0.17209668943772988,-1
2026.04.09 16:35:00,2026-04-09T16:35:00Z,oos,7393,-1,Tier A,tier_a_primary,Tier_A_full_context,c08_exclude_weak_session_bucket,cash_open_0_30,-0.09635811836115327,-1
2026.04.09 16:40:00,2026-04-09T16:40:00Z,oos,7394,1,Tier A,tier_a_primary,Tier_A_full_context,c08_exclude_weak_session_bucket,cash_open_0_30,-0.09635811836115327,1
2026.04.09 16:45:00,2026-04-09T16:45:00Z,oos,7395,1,Tier A,tier_a_primary,Tier_A_full_context,c08_exclude_weak_session_bucket,cash_open_0_30,-0.09635811836115327,1
2026.04.09 16:50:00,2026-04-09T16:50:00Z,oos,7396,-1,Tier A,tier_a_primary,Tier_A_full_context,c08_exclude_weak_session_bucket,cash_open_0_30,-0.09635811836115327,-1
2026.04.09 16:55:00,2026-04-09T16:55:00Z,oos,7397,-1,Tier A,tier_a_primary,Tier_A_full_context,c08_exclude_weak_session_bucket,cash_open_0_30,-0.09635811836115327,-1
2026.04.09 17:00:00,2026-04-09T17:00:00Z,oos,7398,0,Tier A,tier_a_primary,Tier_A_full_context,c08_exclude_weak_session_bucket,cash_open_0_30,-0.09635811836115327,0
2026.04.09 17:05:00,2026-04-09T17:05:00Z,oos,7399,0,Tier A,tier_a_primary,Tier_A_full_context,c08_exclude_weak_session_bucket,early_cash_30_60,-0.12775735294117646,0
2026.04.09 17:15:00,2026-04-09T17:15:00Z,oos,7400,0,Tier A,tier_a_primary,Tier_A_full_context,c08_exclude_weak_session_bucket,early_cash_30_60,-0.12775735294117646,0
2026.04.09 17:20:00,2026-04-09T17:20:00Z,oos,7401,0,Tier A,tier_a_primary,Tier_A_full_context,c08_exclude_weak_session_bucket,early_cash_30_60,-0.12775735294117646,0
2026.04.09 17:25:00,2026-04-09T17:25:00Z,oos,7402,0,Tier A,tier_a_primary,Tier_A_full_context,c08_exclude_weak_session_bucket,early_cash_30_60,-0.12775735294117646,0
2026.04.09 17:30:00,2026-04-09T17:30:00Z,oos,7403,0,Tier A,tier_a_primary,Tier_A_full_context,c08_exclude_weak_session_bucket,early_cash_30_60,-0.12775735294117646,0
2026.04.09 17:35:00,2026-04-09T17:35:00Z,oos,7404,0,Tier A,tier_a_primary,Tier_A_full_context,c08_exclude_weak_session_bucket,morning_60_120,-0.1698966408268734,0
2026.04.09 17:40:00,2026-04-09T17:40:00Z,oos,7405,0,Tier A,tier_a_primary,Tier_A_full_context,c08_exclude_weak_session_bucket,morning_60_120,-0.1698966408268734,0
2026.04.09 17:45:00,2026-04-09T17:45:00Z,oos,7406,0,Tier A,tier_a_primary,Tier_A_full_context,c08_exclude_weak_session_bucket,morning_60_120,-0.1698966408268734,0
2026.04.09 17:50:00,2026-04-09T17:50:00Z,oos,7407,0,Tier A,tier_a_primary,Tier_A_full_context,c08_exclude_weak_session_bucket,morning_60_120,-0.1698966408268734,0
2026.04.09 17:55:00,2026-04-09T17:55:00Z,oos,7408,0,Tier A,tier_a_primary,Tier_A_full_context,c08_exclude_weak_session_bucket,morning_60_120,-0.1698966408268734,0
2026.04.09 18:00:00,2026-04-09T18:00:00Z,oos,7409,0,Tier A,tier_a_primary,Tier_A_full_context,c08_exclude_weak_session_bucket,morning_60_120,-0.1698966408268734,0
2026.04.09 18:05:00,2026-04-09T18:05:00Z,oos,7410,0,Tier A,tier_a_primary,Tier_A_full_context,c08_exclude_weak_session_bucket,morning_60_120,-0.1698966408268734,0
2026.04.09 18:10:00,2026-04-09T18:10:00Z,oos,7411,0,Tier A,tier_a_primary,Tier_A_full_context,c08_exclude_weak_session_bucket,morning_60_120,-0.1698966408268734,0
2026.04.09 18:15:00,2026-04-09T18:15:00Z,oos,7412,0,Tier A,tier_a_primary,Tier_A_full_context,c08_exclude_weak_session_bucket,morning_60_120,-0.1698966408268734,0
2026.04.09 18:20:00,2026-04-09T18:20:00Z,oos,7413,0,Tier A,tier_a_primary,Tier_A_full_context,c08_exclude_weak_session_bucket,morning_60_120,-0.1698966408268734,0
2026.04.09 18:25:00,2026-04-09T18:25:00Z,oos,7414,0,Tier A,tier_a_primary,Tier_A_full_context,c08_exclude_weak_session_bucket,morning_60_120,-0.1698966408268734,0
2026.04.09 18:30:00,2026-04-09T18:30:00Z,oos,7415,0,Tier A,tier_a_primary,Tier_A_full_context,c08_exclude_weak_session_bucket,morning_60_120,-0.1698966408268734,0
2026.04.09 18:35:00,2026-04-09T18:35:00Z,oos,7416,0,Tier A,tier_a_primary,Tier_A_full_context,c08_exclude_weak_session_bucket,midday_lull_120_240,-0.1762380357885976,0
2026.04.09 18:40:00,2026-04-09T18:40:00Z,oos,7417,0,Tier A,tier_a_primary,Tier_A_full_context,c08_exclude_weak_session_bucket,midday_lull_120_240,-0.1762380357885976,0
2026.04.09 18:45:00,2026-04-09T18:45:00Z,oos,7418,0,Tier A,tier_a_primary,Tier_A_full_context,c08_exclude_weak_session_bucket,midday_lull_120_240,-0.1762380357885976,0
2026.04.09 18:50:00,2026-04-09T18:50:00Z,oos,7419,0,Tier A,tier_a_primary,Tier_A_full_context,c08_exclude_weak_session_bucket,midday_lull_120_240,-0.1762380357885976,0
2026.04.09 18:55:00,2026-04-09T18:55:00Z,oos,7420,0,Tier A,tier_a_primary,Tier_A_full_context,c08_exclude_weak_session_bucket,midday_lull_120_240,-0.1762380357885976,0
2026.04.09 19:00:00,2026-04-09T19:00:00Z,oos,7421,0,Tier A,tier_a_primary,Tier_A_full_context,c08_exclude_weak_session_bucket,midday_lull_120_240,-0.1762380357885976,0
2026.04.09 19:05:00,2026-04-09T19:05:00Z,oos,7422,0,Tier A,tier_a_primary,Tier_A_full_context,c08_exclude_weak_session_bucket,midday_lull_120_240,-0.1762380357885976,0
2026.04.09 19:10:00,2026-04-09T19:10:00Z,oos,7423,0,Tier A,tier_a_primary,Tier_A_full_context,c08_exclude_weak_session_bucket,midday_lull_120_240,-0.1762380357885976,0
2026.04.09 19:15:00,2026-04-09T19:15:00Z,oos,7424,0,Tier A,tier_a_primary,Tier_A_full_context,c08_exclude_weak_session_bucket,midday_lull_120_240,-0.1762380357885976,0
2026.04.09 19:20:00,2026-04-09T19:20:00Z,oos,7425,0,Tier A,tier_a_primary,Tier_A_full_context,c08_exclude_weak_session_bucket,midday_lull_120_240,-0.1762380357885976,0
2026.04.09 19:25:00,2026-04-09T19:25:00Z,oos,7426,0,Tier A,tier_a_primary,Tier_A_full_context,c08_exclude_weak_session_bucket,midday_lull_120_240,-0.1762380357885976,0
2026.04.09 19:30:00,2026-04-09T19:30:00Z,oos,7427,0,Tier A,tier_a_primary,Tier_A_full_context,c08_exclude_weak_session_bucket,midday_lull_120_240,-0.1762380357885976,0
2026.04.09 19:35:00,2026-04-09T19:35:00Z,oos,7428,0,Tier A,tier_a_primary,Tier_A_full_context,c08_exclude_weak_session_bucket,midday_lull_120_240,-0.1762380357885976,0
2026.04.09 19:40:00,2026-04-09T19:40:00Z,oos,7429,0,Tier A,tier_a_primary,Tier_A_full_context,c08_exclude_weak_session_bucket,midday_lull_120_240,-0.1762380357885976,0
2026.04.09 19:45:00,2026-04-09T19:45:00Z,oos,7430,0,Tier A,tier_a_primary,Tier_A_full_context,c08_exclude_weak_session_bucket,midday_lull_120_240,-0.1762380357885976,0
2026.04.09 19:50:00,2026-04-09T19:50:00Z,oos,7431,0,Tier A,tier_a_primary,Tier_A_full_context,c08_exclude_weak_session_bucket,midday_lull_120_240,-0.1762380357885976,0
2026.04.09 19:55:00,2026-04-09T19:55:00Z,oos,7432,0,Tier A,tier_a_primary,Tier_A_full_context,c08_exclude_weak_session_bucket,midday_lull_120_240,-0.1762380357885976,0
2026.04.09 20:00:00,2026-04-09T20:00:00Z,oos,7433,0,Tier A,tier_a_primary,Tier_A_full_context,c08_exclude_weak_session_bucket,midday_lull_120_240,-0.1762380357885976,0
2026.04.09 20:05:00,2026-04-09T20:05:00Z,oos,7434,0,Tier A,tier_a_primary,Tier_A_full_context,c08_exclude_weak_session_bucket,midday_lull_120_240,-0.1762380357885976,0
2026.04.09 20:10:00,2026-04-09T20:10:00Z,oos,7435,0,Tier A,tier_a_primary,Tier_A_full_context,c08_exclude_weak_session_bucket,midday_lull_120_240,-0.1762380357885976,0
2026.04.09 20:15:00,2026-04-09T20:15:00Z,oos,7436,0,Tier A,tier_a_primary,Tier_A_full_context,c08_exclude_weak_session_bucket,midday_lull_120_240,-0.1762380357885976,0
2026.04.09 20:20:00,2026-04-09T20:20:00Z,oos,7437,0,Tier A,tier_a_primary,Tier_A_full_context,c08_exclude_weak_session_bucket,midday_lull_120_240,-0.1762380357885976,0
2026.04.09 20:25:00,2026-04-09T20:25:00Z,oos,7438,0,Tier A,tier_a_primary,Tier_A_full_context,c08_exclude_weak_session_bucket,midday_lull_120_240,-0.1762380357885976,0
2026.04.09 20:30:00,2026-04-09T20:30:00Z,oos,7439,0,Tier A,tier_a_primary,Tier_A_full_context,c08_exclude_weak_session_bucket,midday_lull_120_240,-0.1762380357885976,0
2026.04.09 20:35:00,2026-04-09T20:35:00Z,oos,7440,0,Tier A,tier_a_primary,Tier_A_full_context,c08_exclude_weak_session_bucket,late_cash_240_330,-0.17209668943772988,0
2026.04.09 20:40:00,2026-04-09T20:40:00Z,oos,7441,1,Tier A,tier_a_primary,Tier_A_full_context,c08_exclude_weak_session_bucket,late_cash_240_330,-0.17209668943772988,1
2026.04.09 20:45:00,2026-04-09T20:45:00Z,oos,7442,-1,Tier A,tier_a_primary,Tier_A_full_context,c08_exclude_weak_session_bucket,late_cash_240_330,-0.17209668943772988,-1
2026.04.09 20:50:00,2026-04-09T20:50:00Z,oos,7443,0,Tier A,tier_a_primary,Tier_A_full_context,c08_exclude_weak_session_bucket,late_cash_240_330,-0.17209668943772988,0
2026.04.09 20:55:00,2026-04-09T20:55:00Z,oos,7444,0,Tier A,tier_a_primary,Tier_A_full_context,c08_exclude_weak_session_bucket,late_cash_240_330,-0.17209668943772988,0
2026.04.09 21:00:00,2026-04-09T21:00:00Z,oos,7445,0,Tier A,tier_a_primary,Tier_A_full_context,c08_exclude_weak_session_bucket,late_cash_240_330,-0.17209668943772988,0
2026.04.09 21:05:00,2026-04-09T21:05:00Z,oos,7446,-1,Tier A,tier_a_primary,Tier_A_full_context,c08_exclude_weak_session_bucket,late_cash_240_330,-0.17209668943772988,-1
2026.04.09 21:10:00,2026-04-09T21:10:00Z,oos,7447,1,Tier A,tier_a_primary,Tier_A_full_context,c08_exclude_weak_session_bucket,late_cash_240_330,-0.17209668943772988,1
2026.04.09 21:15:00,2026-04-09T21:15:00Z,oos,7448,0,Tier A,tier_a_primary,Tier_A_full_context,c08_exclude_weak_session_bucket,late_cash_240_330,-0.17209668943772988,0
2026.04.09 21:20:00,2026-04-09T21:20:00Z,oos,7449,0,Tier A,tier_a_primary,Tier_A_full_context,c08_exclude_weak_session_bucket,late_cash_240_330,-0.17209668943772988,0
2026.04.09 21:25:00,2026-04-09T21:25:00Z,oos,7450,-1,Tier A,tier_a_primary,Tier_A_full_context,c08_exclude_weak_session_bucket,late_cash_240_330,-0.17209668943772988,-1
2026.04.09 21:30:00,2026-04-09T21:30:00Z,oos,7451,0,Tier A,tier_a_primary,Tier_A_full_context,c08_exclude_weak_session_bucket,late_cash_240_330,-0.17209668943772988,0
2026.04.09 21:35:00,2026-04-09T21:35:00Z,oos,7452,0,Tier A,tier_a_primary,Tier_A_full_context,c08_exclude_weak_session_bucket,late_cash_240_330,-0.17209668943772988,0
2026.04.09 21:40:00,2026-04-09T21:40:00Z,oos,7453,1,Tier A,tier_a_primary,Tier_A_full_context,c08_exclude_weak_session_bucket,late_cash_240_330,-0.17209668943772988,1
2026.04.09 21:45:00,2026-04-09T21:45:00Z,oos,7454,0,Tier A,tier_a_primary,Tier_A_full_context,c08_exclude_weak_session_bucket,late_cash_240_330,-0.17209668943772988,0
2026.04.09 21:50:00,2026-04-09T21:50:00Z,oos,7455,0,Tier A,tier_a_primary,Tier_A_full_context,c08_exclude_weak_session_bucket,late_cash_240_330,-0.17209668943772988,0
2026.04.09 21:55:00,2026-04-09T21:55:00Z,oos,7456,0,Tier A,tier_a_primary,Tier_A_full_context,c08_exclude_weak_session_bucket,late_cash_240_330,-0.17209668943772988,0
2026.04.09 22:00:00,2026-04-09T22:00:00Z,oos,7457,0,Tier A,tier_a_primary,Tier_A_full_context,c08_exclude_weak_session_bucket,late_cash_240_330,-0.17209668943772988,0
2026.04.10 16:35:00,2026-04-10T16:35:00Z,oos,7458,1,Tier A,tier_a_primary,Tier_A_full_context,c08_exclude_weak_session_bucket,cash_open_0_30,-0.09635811836115327,1
2026.04.10 16:40:00,2026-04-10T16:40:00Z,oos,7459,-1,Tier A,tier_a_primary,Tier_A_full_context,c08_exclude_weak_session_bucket,cash_open_0_30,-0.09635811836115327,-1
2026.04.10 16:45:00,2026-04-10T16:45:00Z,oos,7460,1,Tier A,tier_a_primary,Tier_A_full_context,c08_exclude_weak_session_bucket,cash_open_0_30,-0.09635811836115327,1
2026.04.10 16:50:00,2026-04-10T16:50:00Z,oos,7461,0,Tier A,tier_a_primary,Tier_A_full_context,c08_exclude_weak_session_bucket,cash_open_0_30,-0.09635811836115327,0
2026.04.10 16:55:00,2026-04-10T16:55:00Z,oos,7462,1,Tier A,tier_a_primary,Tier_A_full_context,c08_exclude_weak_session_bucket,cash_open_0_30,-0.09635811836115327,1
2026.04.10 17:00:00,2026-04-10T17:00:00Z,oos,7463,-1,Tier A,tier_a_primary,Tier_A_full_context,c08_exclude_weak_session_bucket,cash_open_0_30,-0.09635811836115327,-1
2026.04.10 17:05:00,2026-04-10T17:05:00Z,oos,7464,-1,Tier A,tier_a_primary,Tier_A_full_context,c08_exclude_weak_session_bucket,early_cash_30_60,-0.12775735294117646,-1
2026.04.10 17:10:00,2026-04-10T17:10:00Z,oos,7465,0,Tier A,tier_a_primary,Tier_A_full_context,c08_exclude_weak_session_bucket,early_cash_30_60,-0.12775735294117646,0
2026.04.10 17:15:00,2026-04-10T17:15:00Z,oos,7466,1,Tier A,tier_a_primary,Tier_A_full_context,c08_exclude_weak_session_bucket,early_cash_30_60,-0.12775735294117646,1
2026.04.10 17:20:00,2026-04-10T17:20:00Z,oos,7467,0,Tier A,tier_a_primary,Tier_A_full_context,c08_exclude_weak_session_bucket,early_cash_30_60,-0.12775735294117646,0
2026.04.10 17:25:00,2026-04-10T17:25:00Z,oos,7468,0,Tier A,tier_a_primary,Tier_A_full_context,c08_exclude_weak_session_bucket,early_cash_30_60,-0.12775735294117646,0
2026.04.10 17:30:00,2026-04-10T17:30:00Z,oos,7469,0,Tier A,tier_a_primary,Tier_A_full_context,c08_exclude_weak_session_bucket,early_cash_30_60,-0.12775735294117646,0
2026.04.10 17:35:00,2026-04-10T17:35:00Z,oos,7470,0,Tier A,tier_a_primary,Tier_A_full_context,c08_exclude_weak_session_bucket,morning_60_120,-0.1698966408268734,0
2026.04.10 17:40:00,2026-04-10T17:40:00Z,oos,7471,0,Tier A,tier_a_primary,Tier_A_full_context,c08_exclude_weak_session_bucket,morning_60_120,-0.1698966408268734,0
2026.04.10 17:45:00,2026-04-10T17:45:00Z,oos,7472,-1,Tier A,tier_a_primary,Tier_A_full_context,c08_exclude_weak_session_bucket,morning_60_120,-0.1698966408268734,-1
2026.04.10 17:50:00,2026-04-10T17:50:00Z,oos,7473,0,Tier A,tier_a_primary,Tier_A_full_context,c08_exclude_weak_session_bucket,morning_60_120,-0.1698966408268734,0
2026.04.10 17:55:00,2026-04-10T17:55:00Z,oos,7474,0,Tier A,tier_a_primary,Tier_A_full_context,c08_exclude_weak_session_bucket,morning_60_120,-0.1698966408268734,0
2026.04.10 18:00:00,2026-04-10T18:00:00Z,oos,7475,1,Tier A,tier_a_primary,Tier_A_full_context,c08_exclude_weak_session_bucket,morning_60_120,-0.1698966408268734,1
2026.04.10 18:05:00,2026-04-10T18:05:00Z,oos,7476,0,Tier A,tier_a_primary,Tier_A_full_context,c08_exclude_weak_session_bucket,morning_60_120,-0.1698966408268734,0
2026.04.10 18:10:00,2026-04-10T18:10:00Z,oos,7477,0,Tier A,tier_a_primary,Tier_A_full_context,c08_exclude_weak_session_bucket,morning_60_120,-0.1698966408268734,0
2026.04.10 18:15:00,2026-04-10T18:15:00Z,oos,7478,0,Tier A,tier_a_primary,Tier_A_full_context,c08_exclude_weak_session_bucket,morning_60_120,-0.1698966408268734,0
2026.04.10 18:20:00,2026-04-10T18:20:00Z,oos,7479,0,Tier A,tier_a_primary,Tier_A_full_context,c08_exclude_weak_session_bucket,morning_60_120,-0.1698966408268734,0
2026.04.10 18:25:00,2026-04-10T18:25:00Z,oos,7480,1,Tier A,tier_a_primary,Tier_A_full_context,c08_exclude_weak_session_bucket,morning_60_120,-0.1698966408268734,1
2026.04.10 18:30:00,2026-04-10T18:30:00Z,oos,7481,-1,Tier A,tier_a_primary,Tier_A_full_context,c08_exclude_weak_session_bucket,morning_60_120,-0.1698966408268734,-1
2026.04.10 18:35:00,2026-04-10T18:35:00Z,oos,7482,0,Tier A,tier_a_primary,Tier_A_full_context,c08_exclude_weak_session_bucket,midday_lull_120_240,-0.1762380357885976,0
2026.04.10 18:40:00,2026-04-10T18:40:00Z,oos,7483,0,Tier A,tier_a_primary,Tier_A_full_context,c08_exclude_weak_session_bucket,midday_lull_120_240,-0.1762380357885976,0
2026.04.10 18:45:00,2026-04-10T18:45:00Z,oos,7484,0,Tier A,tier_a_primary,Tier_A_full_context,c08_exclude_weak_session_bucket,midday_lull_120_240,-0.1762380357885976,0
2026.04.10 18:50:00,2026-04-10T18:50:00Z,oos,7485,0,Tier A,tier_a_primary,Tier_A_full_context,c08_exclude_weak_session_bucket,midday_lull_120_240,-0.1762380357885976,0
2026.04.10 18:55:00,2026-04-10T18:55:00Z,oos,7486,0,Tier A,tier_a_primary,Tier_A_full_context,c08_exclude_weak_session_bucket,midday_lull_120_240,-0.1762380357885976,0
2026.04.10 19:00:00,2026-04-10T19:00:00Z,oos,7487,0,Tier A,tier_a_primary,Tier_A_full_context,c08_exclude_weak_session_bucket,midday_lull_120_240,-0.1762380357885976,0
2026.04.10 19:05:00,2026-04-10T19:05:00Z,oos,7488,0,Tier A,tier_a_primary,Tier_A_full_context,c08_exclude_weak_session_bucket,midday_lull_120_240,-0.1762380357885976,0
2026.04.10 19:10:00,2026-04-10T19:10:00Z,oos,7489,0,Tier A,tier_a_primary,Tier_A_full_context,c08_exclude_weak_session_bucket,midday_lull_120_240,-0.1762380357885976,0
2026.04.10 19:15:00,2026-04-10T19:15:00Z,oos,7490,0,Tier A,tier_a_primary,Tier_A_full_context,c08_exclude_weak_session_bucket,midday_lull_120_240,-0.1762380357885976,0
2026.04.10 19:20:00,2026-04-10T19:20:00Z,oos,7491,0,Tier A,tier_a_primary,Tier_A_full_context,c08_exclude_weak_session_bucket,midday_lull_120_240,-0.1762380357885976,0
2026.04.10 19:25:00,2026-04-10T19:25:00Z,oos,7492,0,Tier A,tier_a_primary,Tier_A_full_context,c08_exclude_weak_session_bucket,midday_lull_120_240,-0.1762380357885976,0
2026.04.10 19:30:00,2026-04-10T19:30:00Z,oos,7493,0,Tier A,tier_a_primary,Tier_A_full_context,c08_exclude_weak_session_bucket,midday_lull_120_240,-0.1762380357885976,0
2026.04.10 19:35:00,2026-04-10T19:35:00Z,oos,7494,0,Tier A,tier_a_primary,Tier_A_full_context,c08_exclude_weak_session_bucket,midday_lull_120_240,-0.1762380357885976,0
2026.04.10 19:40:00,2026-04-10T19:40:00Z,oos,7495,0,Tier A,tier_a_primary,Tier_A_full_context,c08_exclude_weak_session_bucket,midday_lull_120_240,-0.1762380357885976,0
2026.04.10 19:45:00,2026-04-10T19:45:00Z,oos,7496,0,Tier A,tier_a_primary,Tier_A_full_context,c08_exclude_weak_session_bucket,midday_lull_120_240,-0.1762380357885976,0
2026.04.10 19:50:00,2026-04-10T19:50:00Z,oos,7497,0,Tier A,tier_a_primary,Tier_A_full_context,c08_exclude_weak_session_bucket,midday_lull_120_240,-0.1762380357885976,0
2026.04.10 19:55:00,2026-04-10T19:55:00Z,oos,7498,0,Tier A,tier_a_primary,Tier_A_full_context,c08_exclude_weak_session_bucket,midday_lull_120_240,-0.1762380357885976,0
2026.04.10 20:00:00,2026-04-10T20:00:00Z,oos,7499,0,Tier A,tier_a_primary,Tier_A_full_context,c08_exclude_weak_session_bucket,midday_lull_120_240,-0.1762380357885976,0
2026.04.10 20:05:00,2026-04-10T20:05:00Z,oos,7500,0,Tier A,tier_a_primary,Tier_A_full_context,c08_exclude_weak_session_bucket,midday_lull_120_240,-0.1762380357885976,0
2026.04.10 20:10:00,2026-04-10T20:10:00Z,oos,7501,0,Tier A,tier_a_primary,Tier_A_full_context,c08_exclude_weak_session_bucket,midday_lull_120_240,-0.1762380357885976,0
2026.04.10 20:15:00,2026-04-10T20:15:00Z,oos,7502,0,Tier A,tier_a_primary,Tier_A_full_context,c08_exclude_weak_session_bucket,midday_lull_120_240,-0.1762380357885976,0
2026.04.10 20:20:00,2026-04-10T20:20:00Z,oos,7503,0,Tier A,tier_a_primary,Tier_A_full_context,c08_exclude_weak_session_bucket,midday_lull_120_240,-0.1762380357885976,0
2026.04.10 20:25:00,2026-04-10T20:25:00Z,oos,7504,0,Tier A,tier_a_primary,Tier_A_full_context,c08_exclude_weak_session_bucket,midday_lull_120_240,-0.1762380357885976,0
2026.04.10 20:30:00,2026-04-10T20:30:00Z,oos,7505,0,Tier A,tier_a_primary,Tier_A_full_context,c08_exclude_weak_session_bucket,midday_lull_120_240,-0.1762380357885976,0
2026.04.10 20:35:00,2026-04-10T20:35:00Z,oos,7506,0,Tier A,tier_a_primary,Tier_A_full_context,c08_exclude_weak_session_bucket,late_cash_240_330,-0.17209668943772988,0
2026.04.10 20:40:00,2026-04-10T20:40:00Z,oos,7507,0,Tier A,tier_a_primary,Tier_A_full_context,c08_exclude_weak_session_bucket,late_cash_240_330,-0.17209668943772988,0
2026.04.10 20:45:00,2026-04-10T20:45:00Z,oos,7508,1,Tier A,tier_a_primary,Tier_A_full_context,c08_exclude_weak_session_bucket,late_cash_240_330,-0.17209668943772988,1
2026.04.10 20:50:00,2026-04-10T20:50:00Z,oos,7509,0,Tier A,tier_a_primary,Tier_A_full_context,c08_exclude_weak_session_bucket,late_cash_240_330,-0.17209668943772988,0
2026.04.10 20:55:00,2026-04-10T20:55:00Z,oos,7510,1,Tier A,tier_a_primary,Tier_A_full_context,c08_exclude_weak_session_bucket,late_cash_240_330,-0.17209668943772988,1
2026.04.10 21:00:00,2026-04-10T21:00:00Z,oos,7511,0,Tier A,tier_a_primary,Tier_A_full_context,c08_exclude_weak_session_bucket,late_cash_240_330,-0.17209668943772988,0
2026.04.10 21:05:00,2026-04-10T21:05:00Z,oos,7512,-1,Tier A,tier_a_primary,Tier_A_full_context,c08_exclude_weak_session_bucket,late_cash_240_330,-0.17209668943772988,-1
2026.04.10 21:10:00,2026-04-10T21:10:00Z,oos,7513,0,Tier A,tier_a_primary,Tier_A_full_context,c08_exclude_weak_session_bucket,late_cash_240_330,-0.17209668943772988,0
2026.04.10 21:15:00,2026-04-10T21:15:00Z,oos,7514,0,Tier A,tier_a_primary,Tier_A_full_context,c08_exclude_weak_session_bucket,late_cash_240_330,-0.17209668943772988,0
2026.04.10 21:20:00,2026-04-10T21:20:00Z,oos,7515,0,Tier A,tier_a_primary,Tier_A_full_context,c08_exclude_weak_session_bucket,late_cash_240_330,-0.17209668943772988,0
2026.04.10 21:25:00,2026-04-10T21:25:00Z,oos,7516,0,Tier A,tier_a_primary,Tier_A_full_context,c08_exclude_weak_session_bucket,late_cash_240_330,-0.17209668943772988,0
2026.04.10 21:30:00,2026-04-10T21:30:00Z,oos,7517,0,Tier A,tier_a_primary,Tier_A_full_context,c08_exclude_weak_session_bucket,late_cash_240_330,-0.17209668943772988,0
2026.04.10 21:35:00,2026-04-10T21:35:00Z,oos,7518,0,Tier A,tier_a_primary,Tier_A_full_context,c08_exclude_weak_session_bucket,late_cash_240_330,-0.17209668943772988,0
2026.04.10 21:45:00,2026-04-10T21:45:00Z,oos,7519,0,Tier A,tier_a_primary,Tier_A_full_context,c08_exclude_weak_session_bucket,late_cash_240_330,-0.17209668943772988,0
2026.04.10 21:50:00,2026-04-10T21:50:00Z,oos,7520,0,Tier A,tier_a_primary,Tier_A_full_context,c08_exclude_weak_session_bucket,late_cash_240_330,-0.17209668943772988,0
2026.04.10 22:00:00,2026-04-10T22:00:00Z,oos,7521,0,Tier A,tier_a_primary,Tier_A_full_context,c08_exclude_weak_session_bucket,late_cash_240_330,-0.17209668943772988,0
2026.04.13 16:35:00,2026-04-13T16:35:00Z,oos,7522,0,Tier A,tier_a_primary,Tier_A_full_context,c08_exclude_weak_session_bucket,cash_open_0_30,-0.09635811836115327,0
2026.04.13 16:40:00,2026-04-13T16:40:00Z,oos,7523,-1,Tier A,tier_a_primary,Tier_A_full_context,c08_exclude_weak_session_bucket,cash_open_0_30,-0.09635811836115327,-1
2026.04.13 16:45:00,2026-04-13T16:45:00Z,oos,7524,-1,Tier A,tier_a_primary,Tier_A_full_context,c08_exclude_weak_session_bucket,cash_open_0_30,-0.09635811836115327,-1
2026.04.13 16:50:00,2026-04-13T16:50:00Z,oos,7525,1,Tier A,tier_a_primary,Tier_A_full_context,c08_exclude_weak_session_bucket,cash_open_0_30,-0.09635811836115327,1
2026.04.13 16:55:00,2026-04-13T16:55:00Z,oos,7526,0,Tier A,tier_a_primary,Tier_A_full_context,c08_exclude_weak_session_bucket,cash_open_0_30,-0.09635811836115327,0
2026.04.13 17:00:00,2026-04-13T17:00:00Z,oos,7527,1,Tier A,tier_a_primary,Tier_A_full_context,c08_exclude_weak_session_bucket,cash_open_0_30,-0.09635811836115327,1
2026.04.13 17:05:00,2026-04-13T17:05:00Z,oos,7528,0,Tier A,tier_a_primary,Tier_A_full_context,c08_exclude_weak_session_bucket,early_cash_30_60,-0.12775735294117646,0
2026.04.13 17:10:00,2026-04-13T17:10:00Z,oos,7529,0,Tier A,tier_a_primary,Tier_A_full_context,c08_exclude_weak_session_bucket,early_cash_30_60,-0.12775735294117646,0
2026.04.13 17:15:00,2026-04-13T17:15:00Z,oos,7530,-1,Tier A,tier_a_primary,Tier_A_full_context,c08_exclude_weak_session_bucket,early_cash_30_60,-0.12775735294117646,-1
2026.04.13 17:20:00,2026-04-13T17:20:00Z,oos,7531,0,Tier A,tier_a_primary,Tier_A_full_context,c08_exclude_weak_session_bucket,early_cash_30_60,-0.12775735294117646,0
2026.04.13 17:25:00,2026-04-13T17:25:00Z,oos,7532,0,Tier A,tier_a_primary,Tier_A_full_context,c08_exclude_weak_session_bucket,early_cash_30_60,-0.12775735294117646,0
2026.04.13 17:30:00,2026-04-13T17:30:00Z,oos,7533,0,Tier A,tier_a_primary,Tier_A_full_context,c08_exclude_weak_session_bucket,early_cash_30_60,-0.12775735294117646,0
2026.04.13 17:35:00,2026-04-13T17:35:00Z,oos,7534,0,Tier A,tier_a_primary,Tier_A_full_context,c08_exclude_weak_session_bucket,morning_60_120,-0.1698966408268734,0
2026.04.13 17:40:00,2026-04-13T17:40:00Z,oos,7535,0,Tier A,tier_a_primary,Tier_A_full_context,c08_exclude_weak_session_bucket,morning_60_120,-0.1698966408268734,0
2026.04.13 17:45:00,2026-04-13T17:45:00Z,oos,7536,0,Tier A,tier_a_primary,Tier_A_full_context,c08_exclude_weak_session_bucket,morning_60_120,-0.1698966408268734,0
2026.04.13 17:50:00,2026-04-13T17:50:00Z,oos,7537,-1,Tier A,tier_a_primary,Tier_A_full_context,c08_exclude_weak_session_bucket,morning_60_120,-0.1698966408268734,-1
2026.04.13 17:55:00,2026-04-13T17:55:00Z,oos,7538,1,Tier A,tier_a_primary,Tier_A_full_context,c08_exclude_weak_session_bucket,morning_60_120,-0.1698966408268734,1
2026.04.13 18:00:00,2026-04-13T18:00:00Z,oos,7539,0,Tier A,tier_a_primary,Tier_A_full_context,c08_exclude_weak_session_bucket,morning_60_120,-0.1698966408268734,0
2026.04.13 18:05:00,2026-04-13T18:05:00Z,oos,7540,-1,Tier A,tier_a_primary,Tier_A_full_context,c08_exclude_weak_session_bucket,morning_60_120,-0.1698966408268734,-1
2026.04.13 18:10:00,2026-04-13T18:10:00Z,oos,7541,0,Tier A,tier_a_primary,Tier_A_full_context,c08_exclude_weak_session_bucket,morning_60_120,-0.1698966408268734,0
2026.04.13 18:15:00,2026-04-13T18:15:00Z,oos,7542,0,Tier A,tier_a_primary,Tier_A_full_context,c08_exclude_weak_session_bucket,morning_60_120,-0.1698966408268734,0
2026.04.13 18:20:00,2026-04-13T18:20:00Z,oos,7543,0,Tier A,tier_a_primary,Tier_A_full_context,c08_exclude_weak_session_bucket,morning_60_120,-0.1698966408268734,0
2026.04.13 18:25:00,2026-04-13T18:25:00Z,oos,7544,0,Tier A,tier_a_primary,Tier_A_full_context,c08_exclude_weak_session_bucket,morning_60_120,-0.1698966408268734,0
2026.04.13 18:30:00,2026-04-13T18:30:00Z,oos,7545,0,Tier A,tier_a_primary,Tier_A_full_context,c08_exclude_weak_session_bucket,morning_60_120,-0.1698966408268734,0
2026.04.13 18:35:00,2026-04-13T18:35:00Z,oos,7546,0,Tier A,tier_a_primary,Tier_A_full_context,c08_exclude_weak_session_bucket,midday_lull_120_240,-0.1762380357885976,0
2026.04.13 18:40:00,2026-04-13T18:40:00Z,oos,7547,0,Tier A,tier_a_primary,Tier_A_full_context,c08_exclude_weak_session_bucket,midday_lull_120_240,-0.1762380357885976,0
2026.04.13 18:45:00,2026-04-13T18:45:00Z,oos,7548,0,Tier A,tier_a_primary,Tier_A_full_context,c08_exclude_weak_session_bucket,midday_lull_120_240,-0.1762380357885976,0
2026.04.13 18:50:00,2026-04-13T18:50:00Z,oos,7549,0,Tier A,tier_a_primary,Tier_A_full_context,c08_exclude_weak_session_bucket,midday_lull_120_240,-0.1762380357885976,0
2026.04.13 18:55:00,2026-04-13T18:55:00Z,oos,7550,0,Tier A,tier_a_primary,Tier_A_full_context,c08_exclude_weak_session_bucket,midday_lull_120_240,-0.1762380357885976,0
2026.04.13 19:00:00,2026-04-13T19:00:00Z,oos,7551,0,Tier A,tier_a_primary,Tier_A_full_context,c08_exclude_weak_session_bucket,midday_lull_120_240,-0.1762380357885976,0
2026.04.13 19:05:00,2026-04-13T19:05:00Z,oos,7552,0,Tier A,tier_a_primary,Tier_A_full_context,c08_exclude_weak_session_bucket,midday_lull_120_240,-0.1762380357885976,0
2026.04.13 19:10:00,2026-04-13T19:10:00Z,oos,7553,0,Tier A,tier_a_primary,Tier_A_full_context,c08_exclude_weak_session_bucket,midday_lull_120_240,-0.1762380357885976,0
2026.04.13 19:15:00,2026-04-13T19:15:00Z,oos,7554,0,Tier A,tier_a_primary,Tier_A_full_context,c08_exclude_weak_session_bucket,midday_lull_120_240,-0.1762380357885976,0
2026.04.13 19:20:00,2026-04-13T19:20:00Z,oos,7555,0,Tier A,tier_a_primary,Tier_A_full_context,c08_exclude_weak_session_bucket,midday_lull_120_240,-0.1762380357885976,0
2026.04.13 19:25:00,2026-04-13T19:25:00Z,oos,7556,0,Tier A,tier_a_primary,Tier_A_full_context,c08_exclude_weak_session_bucket,midday_lull_120_240,-0.1762380357885976,0
2026.04.13 19:30:00,2026-04-13T19:30:00Z,oos,7557,0,Tier A,tier_a_primary,Tier_A_full_context,c08_exclude_weak_session_bucket,midday_lull_120_240,-0.1762380357885976,0
2026.04.13 19:35:00,2026-04-13T19:35:00Z,oos,7558,0,Tier A,tier_a_primary,Tier_A_full_context,c08_exclude_weak_session_bucket,midday_lull_120_240,-0.1762380357885976,0
2026.04.13 19:40:00,2026-04-13T19:40:00Z,oos,7559,0,Tier A,tier_a_primary,Tier_A_full_context,c08_exclude_weak_session_bucket,midday_lull_120_240,-0.1762380357885976,0
2026.04.13 19:45:00,2026-04-13T19:45:00Z,oos,7560,0,Tier A,tier_a_primary,Tier_A_full_context,c08_exclude_weak_session_bucket,midday_lull_120_240,-0.1762380357885976,0
2026.04.13 19:50:00,2026-04-13T19:50:00Z,oos,7561,0,Tier A,tier_a_primary,Tier_A_full_context,c08_exclude_weak_session_bucket,midday_lull_120_240,-0.1762380357885976,0
2026.04.13 19:55:00,2026-04-13T19:55:00Z,oos,7562,0,Tier A,tier_a_primary,Tier_A_full_context,c08_exclude_weak_session_bucket,midday_lull_120_240,-0.1762380357885976,0
2026.04.13 20:00:00,2026-04-13T20:00:00Z,oos,7563,0,Tier A,tier_a_primary,Tier_A_full_context,c08_exclude_weak_session_bucket,midday_lull_120_240,-0.1762380357885976,0
2026.04.13 20:05:00,2026-04-13T20:05:00Z,oos,7564,0,Tier A,tier_a_primary,Tier_A_full_context,c08_exclude_weak_session_bucket,midday_lull_120_240,-0.1762380357885976,0
2026.04.13 20:10:00,2026-04-13T20:10:00Z,oos,7565,0,Tier A,tier_a_primary,Tier_A_full_context,c08_exclude_weak_session_bucket,midday_lull_120_240,-0.1762380357885976,0
2026.04.13 20:15:00,2026-04-13T20:15:00Z,oos,7566,0,Tier A,tier_a_primary,Tier_A_full_context,c08_exclude_weak_session_bucket,midday_lull_120_240,-0.1762380357885976,0
2026.04.13 20:20:00,2026-04-13T20:20:00Z,oos,7567,0,Tier A,tier_a_primary,Tier_A_full_context,c08_exclude_weak_session_bucket,midday_lull_120_240,-0.1762380357885976,0
2026.04.13 20:25:00,2026-04-13T20:25:00Z,oos,7568,0,Tier A,tier_a_primary,Tier_A_full_context,c08_exclude_weak_session_bucket,midday_lull_120_240,-0.1762380357885976,0
2026.04.13 20:30:00,2026-04-13T20:30:00Z,oos,7569,0,Tier A,tier_a_primary,Tier_A_full_context,c08_exclude_weak_session_bucket,midday_lull_120_240,-0.1762380357885976,0
2026.04.13 20:35:00,2026-04-13T20:35:00Z,oos,7570,-1,Tier A,tier_a_primary,Tier_A_full_context,c08_exclude_weak_session_bucket,late_cash_240_330,-0.17209668943772988,-1
2026.04.13 20:40:00,2026-04-13T20:40:00Z,oos,7571,0,Tier A,tier_a_primary,Tier_A_full_context,c08_exclude_weak_session_bucket,late_cash_240_330,-0.17209668943772988,0
2026.04.13 20:45:00,2026-04-13T20:45:00Z,oos,7572,-1,Tier A,tier_a_primary,Tier_A_full_context,c08_exclude_weak_session_bucket,late_cash_240_330,-0.17209668943772988,-1
2026.04.13 20:55:00,2026-04-13T20:55:00Z,oos,7573,0,Tier A,tier_a_primary,Tier_A_full_context,c08_exclude_weak_session_bucket,late_cash_240_330,-0.17209668943772988,0
2026.04.13 21:00:00,2026-04-13T21:00:00Z,oos,7574,0,Tier A,tier_a_primary,Tier_A_full_context,c08_exclude_weak_session_bucket,late_cash_240_330,-0.17209668943772988,0
2026.04.13 21:05:00,2026-04-13T21:05:00Z,oos,7575,1,Tier A,tier_a_primary,Tier_A_full_context,c08_exclude_weak_session_bucket,late_cash_240_330,-0.17209668943772988,1
2026.04.13 21:15:00,2026-04-13T21:15:00Z,oos,7576,0,Tier A,tier_a_primary,Tier_A_full_context,c08_exclude_weak_session_bucket,late_cash_240_330,-0.17209668943772988,0
2026.04.13 21:20:00,2026-04-13T21:20:00Z,oos,7577,-1,Tier A,tier_a_primary,Tier_A_full_context,c08_exclude_weak_session_bucket,late_cash_240_330,-0.17209668943772988,-1
2026.04.13 21:30:00,2026-04-13T21:30:00Z,oos,7578,0,Tier A,tier_a_primary,Tier_A_full_context,c08_exclude_weak_session_bucket,late_cash_240_330,-0.17209668943772988,0
2026.04.13 21:35:00,2026-04-13T21:35:00Z,oos,7579,1,Tier A,tier_a_primary,Tier_A_full_context,c08_exclude_weak_session_bucket,late_cash_240_330,-0.17209668943772988,1
2026.04.13 21:40:00,2026-04-13T21:40:00Z,oos,7580,0,Tier A,tier_a_primary,Tier_A_full_context,c08_exclude_weak_session_bucket,late_cash_240_330,-0.17209668943772988,0
2026.04.13 21:50:00,2026-04-13T21:50:00Z,oos,7581,1,Tier A,tier_a_primary,Tier_A_full_context,c08_exclude_weak_session_bucket,late_cash_240_330,-0.17209668943772988,1
2026.04.13 21:55:00,2026-04-13T21:55:00Z,oos,7582,1,Tier A,tier_a_primary,Tier_A_full_context,c08_exclude_weak_session_bucket,late_cash_240_330,-0.17209668943772988,1
2026.04.13 22:00:00,2026-04-13T22:00:00Z,oos,7583,0,Tier A,tier_a_primary,Tier_A_full_context,c08_exclude_weak_session_bucket,late_cash_240_330,-0.17209668943772988,0
